-2.120000000000030127e+02 2.243111062638163816e-02
-2.116000000000009891e+02 2.243949036059184055e-02
-2.111999999999999886e+02 2.319214592907593853e-02
-2.108000000000020009e+02 2.228083001811444197e-02
-2.104000000000010004e+02 2.511927379430414081e-02
-2.100000000000030127e+02 2.533995396021054142e-02
-2.096000000000009891e+02 2.669330244518048831e-02
-2.091999999999999886e+02 2.668910411503499364e-02
-2.088000000000020009e+02 2.917534451915609200e-02
-2.084000000000010004e+02 2.916375707628094185e-02
-2.080000000000030127e+02 2.915196561337293768e-02
-2.076000000000009891e+02 2.873731124842794291e-02
-2.071999999999999886e+02 3.160905384258531209e-02
-2.068000000000020009e+02 3.145434879018161461e-02
-2.064000000000010004e+02 3.071432409343591297e-02
-2.060000000000030127e+02 3.070926880477161530e-02
-2.056000000000009891e+02 3.078276839381876781e-02
-2.051999999999999886e+02 3.066052285799127086e-02
-2.048000000000020009e+02 3.071477761481496843e-02
-2.044000000000010004e+02 3.060307382709871737e-02
-2.040000000000030127e+02 3.071355782394996972e-02
-2.036000000000009891e+02 3.065068903136046810e-02
-2.031999999999999886e+02 3.047698386917482155e-02
-2.028000000000020009e+02 3.046947297764426854e-02
-2.024000000000010004e+02 3.046807110918956646e-02
-2.020000000000030127e+02 3.044303425361171572e-02
-2.016000000000009891e+02 3.044210282602796691e-02
-2.011999999999999886e+02 3.043721801870391888e-02
-2.008000000000020009e+02 3.041969203182291748e-02
-2.004000000000010004e+02 3.042349471451556708e-02
-2.000000000000030127e+02 3.041835034790006664e-02
-1.996000000000009891e+02 3.041185571583741865e-02
-1.991999999999999886e+02 3.041374939379281467e-02
-1.988000000000020009e+02 3.041102178602381884e-02
-1.984000000000010004e+02 3.039563525252321832e-02
-1.980000000000030127e+02 3.039748338115291770e-02
-1.976000000000009891e+02 3.039596773698361939e-02
-1.971999999999999886e+02 3.039582107823132068e-02
-1.968000000000020009e+02 3.028736324790662002e-02
-1.964000000000010004e+02 3.028572864694182090e-02
-1.960000000000030127e+02 3.028737756856582017e-02
-1.956000000000009891e+02 3.028192344319392132e-02
-1.951999999999999886e+02 3.028481621636571960e-02
-1.948000000000020009e+02 3.028373807530381975e-02
-1.944000000000010004e+02 3.028431703909982217e-02
-1.940000000000030127e+02 3.028280927825991939e-02
-1.936000000000009891e+02 3.028155110605302083e-02
-1.931999999999999886e+02 3.028130151742002008e-02
-1.928000000000020009e+02 3.028301188605827393e-02
-1.924000000000010004e+02 3.028347703229872234e-02
-1.920000000000030127e+02 3.027582734615472115e-02
-1.916000000000009891e+02 3.027495806683082324e-02
-1.911999999999999886e+02 3.027379663525302245e-02
-1.908000000000020009e+02 3.027414335414597285e-02
-1.904000000000010004e+02 3.027411603873762097e-02
-1.900000000000030127e+02 3.027420120258622269e-02
-1.896000000000009891e+02 3.027340098927782178e-02
-1.891999999999999886e+02 3.027281543511631950e-02
-1.888000000000020009e+02 3.027320152503277031e-02
-1.884000000000010004e+02 3.027236026095837113e-02
-1.880000000000030127e+02 3.027286602147982036e-02
-1.876000000000009891e+02 3.027320075725712170e-02
-1.871999999999999886e+02 3.027277470837622109e-02
-1.868000000000020009e+02 3.027321785905491905e-02
-1.864000000000010004e+02 3.027322990954631893e-02
-1.860000000000030127e+02 3.027297901850772160e-02
-1.856000000000009891e+02 3.027288379697497256e-02
-1.851999999999999886e+02 3.027344868021252314e-02
-1.848000000000020009e+02 3.026367998637872342e-02
-1.844000000000010004e+02 3.026290682887962380e-02
-1.840000000000030127e+02 3.026319352100752258e-02
-1.836000000000009891e+02 3.026505246360752105e-02
-1.831999999999999886e+02 3.026378372827352031e-02
-1.828000000000020009e+02 3.026440267484802049e-02
-1.824000000000010004e+02 3.026384260880832233e-02
-1.820000000000030127e+02 3.026463539315241841e-02
-1.816000000000009891e+02 3.026377812060351835e-02
-1.811999999999999886e+02 3.026487582200301785e-02
-1.808000000000020009e+02 3.026519195439841825e-02
-1.804000000000010004e+02 3.026529920108692040e-02
-1.800000000000030127e+02 3.026523120808832096e-02
-1.796000000000009891e+02 3.026591884862021853e-02
-1.791999999999999886e+02 3.028582274348836853e-02
-1.788000000000020009e+02 3.028644922942871909e-02
-1.784000000000010004e+02 3.028574174653622317e-02
-1.780000000000030127e+02 3.028773012012677193e-02
-1.776000000000009891e+02 3.028565707851556960e-02
-1.771999999999999886e+02 3.028753635177507120e-02
-1.768000000000020009e+02 3.028719447408722079e-02
-1.764000000000010004e+02 3.028572383551441857e-02
-1.760000000000030127e+02 3.028629118009007123e-02
-1.756000000000009891e+02 3.028464806980542268e-02
-1.751999999999999886e+02 3.028599156170461854e-02
-1.748000000000020009e+02 3.028596917848077122e-02
-1.744000000000010004e+02 3.028601802552877142e-02
-1.740000000000030127e+02 3.028642037656406952e-02
-1.736000000000009891e+02 3.028409163264076873e-02
-1.731999999999999886e+02 3.028447117861031782e-02
-1.728000000000020009e+02 3.028569603515882114e-02
-1.724000000000010004e+02 3.028548455372807174e-02
-1.720000000000030127e+02 3.030610862501451758e-02
-1.716000000000009891e+02 3.030668066783322179e-02
-1.711999999999999886e+02 3.030558800177501899e-02
-1.708000000000020009e+02 3.030294632089312185e-02
-1.704000000000010004e+02 3.030129446691102318e-02
-1.700000000000030127e+02 3.030164797651811737e-02
-1.696000000000009891e+02 3.030389115566112235e-02
-1.691999999999999886e+02 3.030554943709062171e-02
-1.688000000000020009e+02 3.030775405154922247e-02
-1.684000000000010004e+02 3.030369833223912207e-02
-1.680000000000030127e+02 3.030827467478872106e-02
-1.676000000000009891e+02 3.030493240214011952e-02
-1.671999999999999886e+02 3.030585795456591791e-02
-1.668000000000020009e+02 3.030785046326021914e-02
-1.664000000000010004e+02 3.030658425612221818e-02
-1.660000000000030127e+02 3.030850607709782013e-02
-1.656000000000009891e+02 3.030709116145121826e-02
-1.651999999999999886e+02 3.030687542813917043e-02
-1.648000000000020009e+02 3.030878754417096893e-02
-1.644000000000010004e+02 3.030612923502187112e-02
-1.640000000000030127e+02 3.030555268270701888e-02
-1.636000000000009891e+02 3.030796032613746957e-02
-1.631999999999999886e+02 3.030627903444826909e-02
-1.628000000000020009e+02 3.030879869419922032e-02
-1.624000000000010004e+02 3.030890446016202069e-02
-1.620000000000030127e+02 3.030727525218552057e-02
-1.616000000000009891e+02 3.030895068430636968e-02
-1.611999999999999886e+02 3.030808945180952022e-02
-1.608000000000020009e+02 3.031054800947036859e-02
-1.604000000000010004e+02 3.030921333243152133e-02
-1.600000000000030127e+02 3.030804724190001853e-02
-1.596000000000009891e+02 3.031085432804742075e-02
-1.591999999999999886e+02 3.030727418431532205e-02
-1.588000000000020009e+02 3.030769873233311873e-02
-1.584000000000010004e+02 3.030632370367852130e-02
-1.580000000000030127e+02 3.030828803032802055e-02
-1.576000000000009891e+02 3.030670389593331793e-02
-1.571999999999999886e+02 3.030396651169921934e-02
-1.568000000000020009e+02 3.030334553101651784e-02
-1.564000000000010004e+02 3.030399185784952293e-02
-1.560000000000030127e+02 3.030657082864411656e-02
-1.556000000000009891e+02 3.030591182873591805e-02
-1.551999999999999886e+02 3.030101368518742233e-02
-1.548000000000020009e+02 3.030077289675942032e-02
-1.544000000000010004e+02 3.030321880026491665e-02
-1.540000000000030127e+02 3.030255980035671814e-02
-1.536000000000009891e+02 3.030210356965101770e-02
-1.531999999999999886e+02 3.030603412408621952e-02
-1.528000000000020009e+02 3.030603508763311804e-02
-1.524000000000010004e+02 3.030833752897391792e-02
-1.520000000000030127e+02 3.030856565909791772e-02
-1.516000000000009891e+02 3.030686291517311823e-02
-1.511999999999999886e+02 3.030786021081636680e-02
-1.508000000000020009e+02 3.030697994075782012e-02
-1.504000000000010004e+02 3.030724907733242310e-02
-1.500000000000030127e+02 3.030855284929256932e-02
-1.496000000000009891e+02 3.030804166266416744e-02
-1.491999999999999886e+02 3.030553672103541984e-02
-1.488000000000020009e+02 3.030698702040886955e-02
-1.484000000000010004e+02 3.030606351418121958e-02
-1.480000000000030127e+02 3.030537375574227088e-02
-1.476000000000009891e+02 3.030477411703286911e-02
-1.471999999999999886e+02 3.030748907850652069e-02
-1.468000000000020009e+02 3.030619345238642209e-02
-1.464000000000010004e+02 3.030431853189532315e-02
-1.460000000000030127e+02 3.030377038238302179e-02
-1.456000000000009891e+02 3.030583840099772275e-02
-1.451999999999999886e+02 3.030682880750301678e-02
-1.448000000000020009e+02 3.030378906929821758e-02
-1.444000000000010004e+02 3.030494765804021828e-02
-1.440000000000030127e+02 3.030340910202262289e-02
-1.436000000000009891e+02 3.030126633574711792e-02
-1.431999999999999886e+02 3.030720877477861841e-02
-1.428000000000020009e+02 3.030299176091662272e-02
-1.424000000000010004e+02 3.030218199459151773e-02
-1.420000000000030127e+02 3.030072441520652304e-02
-1.416000000000009891e+02 3.030231280299792301e-02
-1.411999999999999886e+02 3.030258064878232210e-02
-1.408000000000020009e+02 3.030322223287061634e-02
-1.404000000000010004e+02 3.029749883416646764e-02
-1.400000000000030127e+02 3.029802597219246815e-02
-1.396000000000009891e+02 3.029774156219657011e-02
-1.391999999999999886e+02 3.029928122513857180e-02
-1.388000000000020009e+02 3.029852387238712169e-02
-1.384000000000010004e+02 3.030076652592747152e-02
-1.380000000000030127e+02 3.030288173258771992e-02
-1.376000000000009891e+02 3.030179382679067113e-02
-1.371999999999999886e+02 3.030227162565016924e-02
-1.368000000000020009e+02 3.030343035138427163e-02
-1.364000000000010004e+02 3.030538596942947138e-02
-1.360000000000030127e+02 3.030426714758512052e-02
-1.356000000000009891e+02 3.030481900110396781e-02
-1.351999999999999886e+02 3.030338517532021880e-02
-1.348000000000020009e+02 3.030329128312161946e-02
-1.344000000000010004e+02 3.030262537154271990e-02
-1.340000000000030127e+02 3.030472631161881814e-02
-1.336000000000009891e+02 3.030583671838572163e-02
-1.331999999999999886e+02 3.030744554637192223e-02
-1.328000000000020009e+02 3.030412063520052102e-02
-1.324000000000010004e+02 3.030793765846181986e-02
-1.320000000000030127e+02 3.030619633875911850e-02
-1.316000000000009891e+02 3.030668845084902308e-02
-1.311999999999999886e+02 3.030584302751512110e-02
-1.308000000000020009e+02 3.030598813749031673e-02
-1.304000000000010004e+02 3.030747078288931889e-02
-1.300000000000030127e+02 3.030522473283801810e-02
-1.296000000000009891e+02 3.030649286783892310e-02
-1.291999999999999886e+02 3.030644870393341822e-02
-1.288000000000020009e+02 3.030670106910771794e-02
-1.284000000000010004e+02 3.030952755905982204e-02
-1.280000000000030127e+02 3.030797551323791833e-02
-1.276000000000010033e+02 3.030160928749172158e-02
-1.272000000000000028e+02 3.030291803199217093e-02
-1.268000000000020009e+02 3.030138880730321935e-02
-1.264000000000010004e+02 3.030302212736546777e-02
-1.260000000000029985e+02 3.030295222714097028e-02
-1.256000000000010033e+02 3.030363059007361998e-02
-1.252000000000000028e+02 3.030505867140276949e-02
-1.248000000000020009e+02 3.030676131823296926e-02
-1.244000000000010004e+02 3.030678987766931981e-02
-1.240000000000029985e+02 3.030721539140932008e-02
-1.236000000000010033e+02 3.030757463561621970e-02
-1.232000000000000028e+02 3.030820848215176957e-02
-1.228000000000020009e+02 3.030853291829526883e-02
-1.224000000000010004e+02 3.030908128644242000e-02
-1.220000000000029985e+02 3.031008406184381929e-02
-1.216000000000010033e+02 3.030170242757421889e-02
-1.212000000000000028e+02 3.030536497504961874e-02
-1.208000000000020009e+02 3.030498043908402134e-02
-1.204000000000010004e+02 3.030335404106571789e-02
-1.200000000000029985e+02 3.030428701357232302e-02
-1.196000000000010033e+02 3.030491109653282028e-02
-1.192000000000000028e+02 3.030569277620052265e-02
-1.188000000000020009e+02 3.030678334541442309e-02
-1.184000000000010004e+02 3.030713005817022021e-02
-1.180000000000029985e+02 3.030852321306191921e-02
-1.176000000000010033e+02 3.031095020235281823e-02
-1.172000000000000028e+02 3.030914099215412105e-02
-1.168000000000020009e+02 3.031170036267911982e-02
-1.164000000000010004e+02 3.031178231296682152e-02
-1.160000000000029985e+02 3.031374911987271686e-02
-1.156000000000010033e+02 3.031240009205912050e-02
-1.152000000000000028e+02 3.030675575501116936e-02
-1.148000000000020009e+02 3.030609681474457154e-02
-1.144000000000010004e+02 3.030698585698876971e-02
-1.140000000000029985e+02 3.030782393713286893e-02
-1.136000000000010033e+02 3.030726160674411876e-02
-1.132000000000000028e+02 3.030617690731067168e-02
-1.128000000000020009e+02 3.030829346746932024e-02
-1.124000000000010004e+02 3.030786216207516717e-02
-1.120000000000029985e+02 3.030840672408012179e-02
-1.116000000000010033e+02 3.030709559228816907e-02
-1.112000000000000028e+02 3.030688968930022112e-02
-1.108000000000020009e+02 3.030739914052401826e-02
-1.104000000000010004e+02 3.030762398478846834e-02
-1.100000000000029985e+02 3.030748902323082000e-02
-1.096000000000010033e+02 3.030840194091152101e-02
-1.092000000000000028e+02 3.030773683966671989e-02
-1.088000000000020009e+02 3.030100615038072015e-02
-1.084000000000010004e+02 3.030143334665012095e-02
-1.080000000000029985e+02 3.030221235161201926e-02
-1.076000000000010033e+02 3.030213696403501883e-02
-1.072000000000000028e+02 3.030480065842081766e-02
-1.068000000000020009e+02 3.030475668233432313e-02
-1.064000000000010004e+02 3.030520272549792199e-02
-1.060000000000029985e+02 3.030348137582412199e-02
-1.056000000000010033e+02 3.030553568729622144e-02
-1.052000000000000028e+02 3.030387087830502257e-02
-1.048000000000020009e+02 3.030831874534552217e-02
-1.044000000000010004e+02 3.030660367796971649e-02
-1.040000000000029985e+02 3.030718793169111941e-02
-1.036000000000010033e+02 3.030695548666222094e-02
-1.032000000000000028e+02 3.030725075467192303e-02
-1.028000000000020009e+02 3.030786641988372082e-02
-1.024000000000010004e+02 3.030811142950892018e-02
-1.020000000000029985e+02 3.030178051645146878e-02
-1.016000000000010033e+02 3.030270359879231809e-02
-1.012000000000000028e+02 3.030258741992561747e-02
-1.008000000000020009e+02 3.030247023227396891e-02
-1.004000000000010004e+02 3.030395454563817106e-02
-1.000000000000029985e+02 3.030604409844527003e-02
-9.960000000000150067e+01 3.030503991690792001e-02
-9.920000000000000284e+01 3.030547194049207013e-02
-9.880000000000219984e+01 3.030680053822227063e-02
-9.840000000000070202e+01 3.030635166592441851e-02
-9.800000000000289901e+01 3.030761545219661998e-02
-9.760000000000150067e+01 3.030715419959697024e-02
-9.720000000000000284e+01 3.030646714478077083e-02
-9.680000000000219984e+01 3.030767900266907039e-02
-9.640000000000070202e+01 3.030907704517427081e-02
-9.600000000000289901e+01 3.030757746509511741e-02
-9.560000000000150067e+01 3.030431498330381918e-02
-9.520000000000000284e+01 3.030634622196692191e-02
-9.480000000000219984e+01 3.030489623005971911e-02
-9.440000000000070202e+01 3.030568372566452146e-02
-9.400000000000289901e+01 3.030488373012951708e-02
-9.360000000000150067e+01 3.030547122685051803e-02
-9.320000000000000284e+01 3.030400248504792199e-02
-9.280000000000219984e+01 3.030617122294371885e-02
-9.240000000000070202e+01 3.030435248309452240e-02
-9.200000000000289901e+01 3.030875870850231746e-02
-9.160000000000150067e+01 3.030767121457181995e-02
-9.120000000000000284e+01 3.030725246690901820e-02
-9.080000000000219984e+01 3.030884620801391899e-02
-9.040000000000070202e+01 3.030989620215362307e-02
-9.000000000000289901e+01 3.030851495986271876e-02
-8.960000000000150067e+01 3.030983370250241865e-02
-8.920000000000000284e+01 3.031314183741712007e-02
-8.880000000000219984e+01 3.031339496143952220e-02
-8.840000000000070202e+01 3.031355745819366843e-02
-8.800000000000289901e+01 3.031352620890111899e-02
-8.760000000000150067e+01 3.031332620814622056e-02
-8.720000000000000284e+01 3.031459495415462016e-02
-8.680000000000219984e+01 3.031215746348346965e-02
-8.640000000000070202e+01 3.031254183656667198e-02
-8.600000000000289901e+01 3.031281683652217035e-02
-8.560000000000150067e+01 3.031226058700496953e-02
-8.520000000000000284e+01 3.031065434255381802e-02
-8.480000000000219984e+01 3.031052934052091974e-02
-8.440000000000070202e+01 3.031239183285646885e-02
-8.400000000000289901e+01 3.030994809325366843e-02
-8.360000000000150067e+01 3.030998246872542226e-02
-8.320000000000000284e+01 3.030886874395292280e-02
-8.280000000000219984e+01 3.030988749181352110e-02
-8.240000000000070202e+01 3.030856249459602109e-02
-8.200000000000289901e+01 3.030880624408412161e-02
-8.160000000000150067e+01 3.030935624292911690e-02
-8.120000000000000284e+01 3.030607499981972236e-02
-8.080000000000219984e+01 3.030725624733911910e-02
-8.040000000000070202e+01 3.030629374936041898e-02
-8.000000000000289901e+01 3.030671249848101989e-02
-7.960000000000150067e+01 3.030343125537161841e-02
-7.920000000000000284e+01 3.030339375545031827e-02
-7.880000000000219984e+01 3.030568750063351857e-02
-7.840000000000070202e+01 3.030497500212971790e-02
-7.800000000000289901e+01 3.030291250646102025e-02
-7.760000000000150067e+01 3.030208125820661735e-02
-7.720000000000000284e+01 3.030060001131722192e-02
-7.680000000000219984e+01 3.030198750840352312e-02
-7.640000000000070202e+01 3.030958040206997023e-02
-7.600000000000289901e+01 3.030973352741611962e-02
-7.560000000000150067e+01 3.030908352782321971e-02
-7.520000000000000284e+01 3.030763665540011850e-02
-7.480000000000219984e+01 3.030799915510036871e-02
-7.440000000000070202e+01 3.030752103036331996e-02
-7.400000000000289901e+01 3.030754290519846808e-02
-7.360000000000150067e+01 3.030848665349282142e-02
-7.320000000000000284e+01 3.030665540687341869e-02
-7.280000000000219984e+01 3.030798665427006724e-02
-7.240000000000070202e+01 3.030576165746727210e-02
-7.200000000000289901e+01 3.030546165828951893e-02
-7.160000000000150067e+01 3.030402103540232039e-02
-7.120000000000000284e+01 3.030443041026632117e-02
-7.080000000000219984e+01 3.030269916261191937e-02
-7.040000000000070202e+01 3.031079830257221719e-02
-7.000000000000289901e+01 3.030828580503761721e-02
-6.960000000000150067e+01 3.030911080422812182e-02
-6.920000000000000284e+01 3.030847330485361701e-02
-6.880000000000219984e+01 3.030748580582261903e-02
-6.840000000000070202e+01 3.030812955519091717e-02
-6.800000000000289901e+01 3.030772330558961780e-02
-6.760000000000150067e+01 3.030677955651561728e-02
-6.720000000000000284e+01 3.030572955754592263e-02
-6.680000000000219984e+01 3.030566080761341874e-02
-6.640000000000070202e+01 3.030577330750301723e-02
-6.600000000000289901e+01 3.030554205772992282e-02
-6.560000000000150067e+01 3.030498580827571675e-02
-6.520000000000000284e+01 3.030477955847812183e-02
-6.480000000000219984e+01 3.030245456075952165e-02
-6.440000000000070202e+01 3.030272956048971761e-02
-6.400000000000289901e+01 3.030358580964952198e-02
-6.360000000000150067e+01 3.030291211228601858e-02
-6.320000000000000284e+01 3.030159336353937041e-02
-6.280000000000219984e+01 3.030024648977077198e-02
-6.240000000000070202e+01 3.030062773950101956e-02
-6.200000000000289901e+01 3.030142773871087256e-02
-6.160000000000150067e+01 3.030061211445926952e-02
-6.120000000000000284e+01 3.030135898879946985e-02
-6.080000000000219984e+01 3.030184961334846799e-02
-6.040000000000070202e+01 3.030019648996981965e-02
-6.000000000000289901e+01 3.030038711483241942e-02
-5.960000000000150067e+01 3.029978086539131948e-02
-5.920000000000000284e+01 3.030032773991367043e-02
-5.880000000000219984e+01 3.030007774017307032e-02
-5.840000000000070202e+01 3.029980586547192239e-02
-5.800000000000289901e+01 3.029762461751462146e-02
-5.760000000000150067e+01 3.030551341186522168e-02
-5.720000000000000284e+01 3.030716341045232298e-02
-5.680000000000219984e+01 3.030639466111061803e-02
-5.640000000000070202e+01 3.030740716024361847e-02
-5.600000000000289901e+01 3.030883215902351741e-02
-5.560000000000150067e+01 3.030769465999751805e-02
-5.520000000000000284e+01 3.030976340822612303e-02
-5.480000000000219984e+01 3.030825715951582233e-02
-5.440000000000070202e+01 3.030870715913051849e-02
-5.400000000000289901e+01 3.030757591009911739e-02
-5.360000000000150067e+01 3.030714466046841721e-02
-5.320000000000000284e+01 3.030669466085372105e-02
-5.280000000000219984e+01 3.030711966048982298e-02
-5.240000000000070202e+01 3.030596341147982070e-02
-5.200000000000289901e+01 3.030693841064501654e-02
-5.160000000000150067e+01 3.030645091106241862e-02
-5.120000000000000284e+01 3.030869773122421909e-02
-5.080000000000219984e+01 3.030744147630106897e-02
-5.040000000000070202e+01 3.030821335291556881e-02
-5.000000000000289901e+01 3.030698209800752191e-02
-4.960000000000150067e+01 3.030712897643482104e-02
-4.920000000000000284e+01 3.030682585000302187e-02
-4.880000000000219984e+01 3.030669772409061782e-02
-4.840000000000070202e+01 3.030741647549507062e-02
-4.800000000000289901e+01 3.030709147204991780e-02
-4.760000000000150067e+01 3.030676647313132119e-02
-4.720000000000000284e+01 3.030679772283687012e-02
-4.680000000000219984e+01 3.030593522027787146e-02
-4.640000000000070202e+01 3.030701022315376858e-02
-4.600000000000289901e+01 3.030721022376127102e-02
-4.560000000000150067e+01 3.030674147286067238e-02
-4.520000000000000284e+01 3.030686022171252131e-02
-4.480000000000219984e+01 3.030567578029592229e-02
-4.440000000000070202e+01 3.030520702887212064e-02
-4.400000000000289901e+01 3.030594453111232212e-02
-4.360000000000150067e+01 3.030708203456741745e-02
-4.320000000000000284e+01 3.030417577573971816e-02
-4.280000000000219984e+01 3.030517577877721996e-02
-4.240000000000070202e+01 3.030503202834052001e-02
-4.200000000000289901e+01 3.030495702811272091e-02
-4.160000000000150067e+01 3.030447577665092151e-02
-4.120000000000000284e+01 3.030375702446772013e-02
-4.080000000000219984e+01 3.030396327509422144e-02
-4.040000000000070202e+01 3.030460077703062138e-02
-4.000000000000289901e+01 3.030407577543591663e-02
-3.960000000000150067e+01 3.030500077824561933e-02
-3.920000000000000284e+01 3.030530702917581809e-02
-3.880000000000219984e+01 3.030499452822661699e-02
-3.840000000000070202e+01 3.030538202940372128e-02
-3.800000000000289901e+01 3.030814850644081987e-02
-3.760000000000150067e+01 3.030613912698751702e-02
-3.720000000000000284e+01 3.030585787632197187e-02
-3.680000000000219984e+01 3.030628287775627080e-02
-3.640000000000070202e+01 3.030568287632182112e-02
-3.600000000000289901e+01 3.030607350240002024e-02
-3.560000000000150067e+01 3.030602662720867022e-02
-3.520000000000000284e+01 3.030577975125251997e-02
-3.480000000000219984e+01 3.030422662244731946e-02
-3.440000000000070202e+01 3.030598600192791967e-02
-3.400000000000289901e+01 3.030592662703077145e-02
-3.360000000000150067e+01 3.030609850265771760e-02
-3.320000000000000284e+01 3.030534537558686806e-02
-3.280000000000219984e+01 3.030575475265542135e-02
-3.240000000000070202e+01 3.030482975023731859e-02
-3.200000000000289901e+01 3.030412747038452315e-02
-3.160000000000150067e+01 3.030339621898141961e-02
-3.119999999999999929e+01 3.030318371857371879e-02
-3.080000000000219984e+01 3.030325871871761972e-02
-3.040000000000069846e+01 3.030180871593542158e-02
-3.000000000000289901e+01 3.030403997021662021e-02
-2.960000000000150067e+01 3.030257121739841908e-02
-2.919999999999999929e+01 3.030337121893342256e-02
-2.880000000000219984e+01 3.030201496633112140e-02
-2.840000000000069846e+01 3.030323996868161673e-02
-2.800000000000289901e+01 3.030410872034852016e-02
-2.760000000000150067e+01 3.030572122344252217e-02
-2.719999999999999929e+01 3.030479622166772080e-02
-2.680000000000219984e+01 3.030482747172762170e-02
-2.640000000000069846e+01 3.030376496968902045e-02
-2.600000000000289901e+01 3.030643997482161678e-02
-2.560000000000150067e+01 3.030640247474972182e-02
-2.519999999999999929e+01 3.030150481227766868e-02
-2.480000000000219984e+01 3.030101415654556929e-02
-2.440000000000069846e+01 3.030168918522896729e-02
-2.400000000000289901e+01 3.030145793398441798e-02
-2.360000000000150067e+01 3.030144544052721864e-02
-2.319999999999999929e+01 3.030235799769517152e-02
-2.280000000000219984e+01 3.030372676825996911e-02
-2.240000000000069846e+01 3.030346739660626926e-02
-2.200000000000289901e+01 3.030426744314767065e-02
-2.160000000000150067e+01 3.030365492115097079e-02
-2.119999999999999929e+01 3.030543933625251887e-02
-2.080000000000219984e+01 3.030514249127442064e-02
-2.040000000000069846e+01 3.030436750340141996e-02
-2.000000000000289901e+01 3.030467375927447041e-02
-1.960000000000150067e+01 3.030448624690232004e-02
-1.919999999999999929e+01 3.030356380331512139e-02
-1.880000000000219984e+01 3.030487637310282090e-02
-1.840000000000069846e+01 3.030585142494512246e-02
-1.800000000000289901e+01 3.030519514005122067e-02
-1.760000000000150067e+01 3.030584517461271804e-02
-1.719999999999999929e+01 3.030616394156122190e-02
-1.680000000000219984e+01 3.030486387243812307e-02
-1.640000000000069846e+01 3.030485137177352239e-02
-1.600000000000289901e+01 3.030620144355512108e-02
-1.560000000000150067e+01 3.030445135050482269e-02
-1.519999999999999929e+01 3.030461385914522132e-02
-1.480000000000219984e+01 3.030410133189481714e-02
-1.440000000000070024e+01 3.030604518524702279e-02
-1.400000000000290079e+01 3.030691398143992021e-02
-1.360000000000150067e+01 3.030616394156122190e-02
-1.319999999999999929e+01 3.030759526766301643e-02
-1.280000000000219984e+01 3.030837030887102018e-02
-1.240000000000070024e+01 3.030448309304085985e-02
-1.200000000000290079e+01 3.030469575944405927e-02
-1.160000000000150067e+01 3.030534572401950844e-02
-1.119999999999999929e+01 3.030477059035825704e-02
-1.080000000000219984e+01 3.030465798696340904e-02
-1.040000000000070024e+01 3.030629252641781068e-02
-1.000000000000290079e+01 3.030443274801795928e-02
-9.600000000001449152e+00 3.030570156547941069e-02
-9.199999999999999289e+00 3.030545466222051010e-02
-8.800000000002180300e+00 3.030444206015065964e-02
-8.400000000000730438e+00 3.030499836620856313e-02
-8.000000000002909673e+00 3.030659232200776099e-02
-7.600000000001459810e+00 3.030656722421120816e-02
-7.200000000000000178e+00 3.030843592792886038e-02
-6.800000000002180300e+00 3.030943594799891116e-02
-6.400000000000730438e+00 3.029470669848879916e-02
-6.000000000002909673e+00 3.029820794383800142e-02
-5.600000000001459810e+00 3.029833298831479879e-02
-5.200000000000000178e+00 3.030224688043730089e-02
-4.800000000002180300e+00 3.030382244084440027e-02
-4.400000000000730438e+00 3.030362236968160011e-02
-4.000000000002909673e+00 3.030307217398390054e-02
-3.600000000001459810e+00 3.030209682706520163e-02
-3.200000000000000178e+00 3.029858307726829986e-02
-2.800000000002179856e+00 3.030441640210899956e-02
-2.400000000000729994e+00 3.030022741213770146e-02
-2.000000000002910117e+00 3.030235942046639874e-02
-1.600000000001460032e+00 3.029303735472409914e-02
-1.199999999999999956e+00 3.030646713152779920e-02
-8.000000000021829649e-01 3.032738082026549889e-02
-4.000000000007279954e-01 3.031128134388300088e-02
-2.910387209009709878e-12 3.038451989391980149e-02
