-2.120000000000030127e+02 -1.066314734577587296e+04
-2.116000000000009891e+02 -1.067483183081983952e+04
-2.111999999999999886e+02 -9.585383468592834106e+03
-2.108000000000020009e+02 -1.063493846882185971e+04
-2.104000000000010004e+02 -9.335143531338839239e+03
-2.100000000000030127e+02 -9.078694273770368454e+03
-2.096000000000009891e+02 -3.395559708615870477e+03
-2.091999999999999886e+02 -3.395951502994361363e+03
-2.088000000000020009e+02 -3.393908886529377924e+03
-2.084000000000010004e+02 -3.393472937297312455e+03
-2.080000000000030127e+02 -3.393030147604822560e+03
-2.076000000000009891e+02 -3.392377164598310628e+03
-2.071999999999999886e+02 -1.339799553574011952e+02
-2.068000000000020009e+02 -1.330464928454202891e+02
-2.064000000000010004e+02 -1.328779592044193123e+02
-2.060000000000030127e+02 -1.339364257124143478e+02
-2.056000000000009891e+02 -1.677148126540232624e+02
-2.051999999999999886e+02 -1.623173802564197103e+02
-2.048000000000020009e+02 -1.615707945273752557e+02
-2.044000000000010004e+02 -1.606628267584783316e+02
-2.040000000000030127e+02 -1.415367361759745108e+02
-2.036000000000009891e+02 -1.398259011442823976e+02
-2.031999999999999886e+02 -1.198891687018694938e+02
-2.028000000000020009e+02 -1.197405356261260749e+02
-2.024000000000010004e+02 -1.192924597867204284e+02
-2.020000000000030127e+02 -1.184939457331311132e+02
-2.016000000000009891e+02 -1.166826746001243009e+02
-2.011999999999999886e+02 -1.163667515981724137e+02
-2.008000000000020009e+02 -1.158869590167196293e+02
-2.004000000000010004e+02 -1.140635609087767079e+02
-2.000000000000030127e+02 -1.137454612887304393e+02
-1.996000000000009891e+02 -1.141549796176295786e+02
-1.991999999999999886e+02 -1.122283468054229161e+02
-1.988000000000020009e+02 -1.121132960946197272e+02
-1.984000000000010004e+02 -1.104615411817721906e+02
-1.980000000000030127e+02 -1.098433768723298272e+02
-1.976000000000009891e+02 -1.090865298306234763e+02
-1.971999999999999886e+02 -1.088701101443730295e+02
-1.968000000000020009e+02 -9.588349324754017289e+01
-1.964000000000010004e+02 -9.585923931694196654e+01
-1.960000000000030127e+02 -9.447179005834550480e+01
-1.956000000000009891e+02 -9.443882957754613017e+01
-1.951999999999999886e+02 -9.308745027164331987e+01
-1.948000000000020009e+02 -9.277277105574103189e+01
-1.944000000000010004e+02 -9.174975266753972392e+01
-1.940000000000030127e+02 -9.132686360414299998e+01
-1.936000000000009891e+02 -9.026901905474005616e+01
-1.931999999999999886e+02 -8.957187399914619164e+01
-1.928000000000020009e+02 -8.999089497149179806e+01
-1.924000000000010004e+02 -8.950830392144052894e+01
-1.920000000000030127e+02 -8.898249082823895151e+01
-1.916000000000009891e+02 -8.768801496048763511e+01
-1.911999999999999886e+02 -8.782856336354234372e+01
-1.908000000000020009e+02 -8.644546735954281758e+01
-1.904000000000010004e+02 -8.602288924754248001e+01
-1.900000000000030127e+02 -8.475795342768833507e+01
-1.896000000000009891e+02 -8.405458941409960971e+01
-1.891999999999999886e+02 -8.374053210188867524e+01
-1.888000000000020009e+02 -8.251042243994015735e+01
-1.884000000000010004e+02 -8.202378907144156983e+01
-1.880000000000030127e+02 -8.136053732788786874e+01
-1.876000000000009891e+02 -8.036394949924579123e+01
-1.871999999999999886e+02 -8.014410938073706347e+01
-1.868000000000020009e+02 -7.942364323339643306e+01
-1.864000000000010004e+02 -7.818575987918666215e+01
-1.860000000000030127e+02 -7.797369345464176149e+01
-1.856000000000009891e+02 -7.720285375513776671e+01
-1.851999999999999886e+02 -7.675197939394274727e+01
-1.848000000000020009e+02 -7.496078273664534208e+01
-1.844000000000010004e+02 -7.466600419064707239e+01
-1.840000000000030127e+02 -7.374311099962869775e+01
-1.836000000000009891e+02 -7.203476355663224240e+01
-1.831999999999999886e+02 -7.248750362363716704e+01
-1.828000000000020009e+02 -7.154035649363140692e+01
-1.824000000000010004e+02 -7.106647198462815140e+01
-1.820000000000030127e+02 -6.995452250364542124e+01
-1.816000000000009891e+02 -6.989046725364823942e+01
-1.811999999999999886e+02 -6.879530895564312232e+01
-1.808000000000020009e+02 -6.801669556762863067e+01
-1.804000000000010004e+02 -6.738609334062857670e+01
-1.800000000000030127e+02 -6.668521690463603591e+01
-1.796000000000009891e+02 -6.574117925863902201e+01
-1.791999999999999886e+02 -6.526965504918916849e+01
-1.788000000000020009e+02 -6.479235010999036604e+01
-1.784000000000010004e+02 -6.412194656959036365e+01
-1.780000000000030127e+02 -6.333182810933431028e+01
-1.776000000000009891e+02 -6.304544514799272292e+01
-1.771999999999999886e+02 -6.220308745008514961e+01
-1.768000000000020009e+02 -6.188560970878825174e+01
-1.764000000000010004e+02 -6.122919881608322612e+01
-1.760000000000030127e+02 -6.084051402063414571e+01
-1.756000000000009891e+02 -6.041327168623683974e+01
-1.751999999999999886e+02 -5.996208637683957932e+01
-1.748000000000020009e+02 -5.952240613319736440e+01
-1.744000000000010004e+02 -5.904914351749539492e+01
-1.740000000000030127e+02 -5.852550735853947117e+01
-1.736000000000009891e+02 -5.826275643299595686e+01
-1.731999999999999886e+02 -5.772388382718418143e+01
-1.728000000000020009e+02 -5.728638021953156567e+01
-1.724000000000010004e+02 -5.692319314613632741e+01
-1.720000000000030127e+02 -5.609096943994154572e+01
-1.716000000000009891e+02 -5.570850359813994146e+01
-1.711999999999999886e+02 -5.520352430743878358e+01
-1.708000000000020009e+02 -5.515128507103872835e+01
-1.704000000000010004e+02 -5.462827080573697458e+01
-1.700000000000030127e+02 -5.414630165533890249e+01
-1.696000000000009891e+02 -5.368174558323880774e+01
-1.691999999999999886e+02 -5.318733851913930266e+01
-1.688000000000020009e+02 -5.250387516883711214e+01
-1.684000000000010004e+02 -5.249641242134021013e+01
-1.680000000000030127e+02 -5.164503723763846210e+01
-1.676000000000009891e+02 -5.140001034093802446e+01
-1.671999999999999886e+02 -5.084092612623862806e+01
-1.668000000000020009e+02 -5.049390833773941267e+01
-1.664000000000010004e+02 -5.003992449253928498e+01
-1.660000000000030127e+02 -4.976591729351275717e+01
-1.656000000000009891e+02 -4.939588936541622388e+01
-1.651999999999999886e+02 -4.888033784851359087e+01
-1.648000000000020009e+02 -4.865116929091527709e+01
-1.644000000000010004e+02 -4.820091682041311287e+01
-1.640000000000030127e+02 -4.782840130916520138e+01
-1.636000000000009891e+02 -4.737659409916159348e+01
-1.631999999999999886e+02 -4.700563332721503684e+01
-1.628000000000020009e+02 -4.648852707056721556e+01
-1.624000000000010004e+02 -4.604014028681558557e+01
-1.620000000000030127e+02 -4.580786225141491741e+01
-1.616000000000009891e+02 -4.518316804241476348e+01
-1.611999999999999886e+02 -4.500841535706422292e+01
-1.608000000000020009e+02 -4.451867251006478909e+01
-1.604000000000010004e+02 -4.419000064451392973e+01
-1.600000000000030127e+02 -4.378539535369054647e+01
-1.596000000000009891e+02 -4.324558990489094867e+01
-1.591999999999999886e+02 -4.281337240889115492e+01
-1.588000000000020009e+02 -4.241784675779126701e+01
-1.584000000000010004e+02 -4.210814270998889697e+01
-1.580000000000030127e+02 -4.166037782169223647e+01
-1.576000000000009891e+02 -4.141783850759020424e+01
-1.571999999999999886e+02 -4.117405540198888048e+01
-1.568000000000020009e+02 -4.088238632909269654e+01
-1.564000000000010004e+02 -4.041285509238878149e+01
-1.560000000000030127e+02 -3.981148197129004984e+01
-1.556000000000009891e+02 -3.948934001008819905e+01
-1.551999999999999886e+02 -3.950861877658826415e+01
-1.548000000000020009e+02 -3.909630194199053221e+01
-1.544000000000010004e+02 -3.845637128928865422e+01
-1.540000000000030127e+02 -3.825923035949017503e+01
-1.536000000000009891e+02 -3.777663931318966206e+01
-1.531999999999999886e+02 -3.767628859796241159e+01
-1.528000000000020009e+02 -3.726583745046445983e+01
-1.524000000000010004e+02 -3.664394177211579517e+01
-1.520000000000030127e+02 -3.636191208211312187e+01
-1.516000000000009891e+02 -3.609200935801345622e+01
-1.511999999999999886e+02 -3.568466768861617311e+01
-1.508000000000020009e+02 -3.534977686611455283e+01
-1.504000000000010004e+02 -3.491569368256386952e+01
-1.500000000000030127e+02 -3.454100153626495739e+01
-1.496000000000009891e+02 -3.413272702396716340e+01
-1.491999999999999886e+02 -3.391972775426620501e+01
-1.488000000000020009e+02 -3.349870437981371651e+01
-1.484000000000010004e+02 -3.323657535181337153e+01
-1.480000000000030127e+02 -3.286405984046359663e+01
-1.476000000000009891e+02 -3.255528863651488791e+01
-1.471999999999999886e+02 -3.200997156323865056e+01
-1.468000000000020009e+02 -3.155225634443922900e+01
-1.464000000000010004e+02 -3.132899579613876995e+01
-1.460000000000030127e+02 -3.100063487773877569e+01
-1.456000000000009891e+02 -3.061692524423779105e+01
-1.451999999999999886e+02 -3.005162207283865428e+01
-1.448000000000020009e+02 -2.994030274663600721e+01
-1.444000000000010004e+02 -2.949440354543912690e+01
-1.440000000000030127e+02 -2.910882822523853974e+01
-1.436000000000009891e+02 -2.886317943234098493e+01
-1.431999999999999886e+02 -2.830533900843875017e+01
-1.428000000000020009e+02 -2.807212812963916804e+01
-1.424000000000010004e+02 -2.773754825473952224e+01
-1.420000000000030127e+02 -2.738368961393643986e+01
-1.416000000000009891e+02 -2.685259070453685126e+01
-1.411999999999999886e+02 -2.652733926483779214e+01
-1.408000000000020009e+02 -2.608019627233807114e+01
-1.404000000000010004e+02 -2.592533165098939207e+01
-1.400000000000030127e+02 -2.559510504583886359e+01
-1.396000000000009891e+02 -2.527918204128945945e+01
-1.391999999999999886e+02 -2.481431502174018533e+01
-1.388000000000020009e+02 -2.441225946593840490e+01
-1.384000000000010004e+02 -2.407425916473948746e+01
-1.380000000000030127e+02 -2.353445371573980083e+01
-1.376000000000009891e+02 -2.313954996038955869e+01
-1.371999999999999886e+02 -2.273562871729154722e+01
-1.368000000000020009e+02 -2.231926956064125989e+01
-1.364000000000010004e+02 -2.199121959009062266e+01
-1.360000000000030127e+02 -2.161652744423918193e+01
-1.356000000000009891e+02 -2.120358871399002965e+01
-1.351999999999999886e+02 -2.083635931618846371e+01
-1.348000000000020009e+02 -2.062149435918763629e+01
-1.344000000000010004e+02 -2.003472318854255718e+01
-1.340000000000030127e+02 -1.963608805863987072e+01
-1.336000000000009891e+02 -1.911183000204255222e+01
-1.331999999999999886e+02 -1.861991052033772576e+01
-1.328000000000020009e+02 -1.851729773373881471e+01
-1.324000000000010004e+02 -1.796318868433809257e+01
-1.320000000000030127e+02 -1.754092151893928531e+01
-1.316000000000009891e+02 -1.719452562604055856e+01
-1.311999999999999886e+02 -1.694763304193838849e+01
-1.308000000000020009e+02 -1.663233193294217926e+01
-1.304000000000010004e+02 -1.628344845753963455e+01
-1.300000000000030127e+02 -1.602225227273811470e+01
-1.296000000000009891e+02 -1.565968709213848342e+01
-1.291999999999999886e+02 -1.515719538443954661e+01
-1.288000000000020009e+02 -1.491527796543959994e+01
-1.284000000000010004e+02 -1.444947810244048014e+01
-1.280000000000030127e+02 -1.417833158673965954e+01
-1.276000000000010033e+02 -1.396822684301514528e+01
-1.272000000000000028e+02 -1.365634616041279514e+01
-1.268000000000020009e+02 -1.331803491171376663e+01
-1.264000000000010004e+02 -1.284352850901268539e+01
-1.260000000000029985e+02 -1.252698360891736229e+01
-1.256000000000010033e+02 -1.211031350451594335e+01
-1.252000000000000028e+02 -1.174712642816666630e+01
-1.248000000000020009e+02 -1.129936153991729952e+01
-1.244000000000010004e+02 -1.100707057126419386e+01
-1.240000000000029985e+02 -1.071851097636317718e+01
-1.236000000000010033e+02 -1.034008745616665692e+01
-1.232000000000000028e+02 -9.896364889817050425e+00
-1.228000000000020009e+02 -9.606561503715056460e+00
-1.224000000000010004e+02 -9.216011017819255358e+00
-1.220000000000029985e+02 -8.902886543666681973e+00
-1.216000000000010033e+02 -8.234444685091148131e+00
-1.212000000000000028e+02 -7.710186628290102817e+00
-1.208000000000020009e+02 -7.349487135092203971e+00
-1.204000000000010004e+02 -7.177222032292775111e+00
-1.200000000000029985e+02 -6.738163683592574671e+00
-1.196000000000010033e+02 -6.235050079791108146e+00
-1.192000000000000028e+02 -5.922236553789844038e+00
-1.188000000000020009e+02 -5.564646538390661590e+00
-1.184000000000010004e+02 -5.068995683090179227e+00
-1.180000000000029985e+02 -4.731928225290175760e+00
-1.176000000000010033e+02 -4.293491771892149700e+00
-1.172000000000000028e+02 -4.073962597591162194e+00
-1.168000000000020009e+02 -3.558411080190126086e+00
-1.164000000000010004e+02 -3.147338036989822285e+00
-1.160000000000029985e+02 -2.827683658291789470e+00
-1.156000000000010033e+02 -2.404794597190630157e+00
-1.152000000000000028e+02 -2.092162844714039238e+00
-1.148000000000020009e+02 -1.844648364916793071e+00
-1.144000000000010004e+02 -1.335937700063368538e+00
-1.140000000000029985e+02 -1.047067157564015361e+00
-1.136000000000010033e+02 -7.706345287660951726e-01
-1.132000000000000028e+02 -5.196996226659393869e-01
-1.128000000000020009e+02 -5.700923791664536111e-02
-1.124000000000010004e+02 3.478448484347609337e-01
-1.120000000000029985e+02 6.656335400366515387e-01
-1.116000000000010033e+02 9.308720467342936900e-01
-1.112000000000000028e+02 1.189891596484812908e+00
-1.108000000000020009e+02 1.543750237484346144e+00
-1.104000000000010004e+02 1.871800207733031129e+00
-1.100000000000029985e+02 2.217885152433154872e+00
-1.096000000000010033e+02 2.514529390984534984e+00
-1.092000000000000028e+02 2.820191116781643359e+00
-1.088000000000020009e+02 3.207450350859289756e+00
-1.084000000000010004e+02 3.630339411862223642e+00
-1.080000000000029985e+02 3.993526488058705581e+00
-1.076000000000010033e+02 4.356713564160600072e+00
-1.072000000000000028e+02 4.815050679160776781e+00
-1.068000000000020009e+02 5.139680223157483852e+00
-1.064000000000010004e+02 5.474881993559392868e+00
-1.060000000000029985e+02 5.745406613459635992e+00
-1.056000000000010033e+02 6.173270840157783823e+00
-1.052000000000000028e+02 6.282724479158787290e+00
-1.048000000000020009e+02 6.999148300757951802e+00
-1.044000000000010004e+02 7.112333314162242459e+00
-1.040000000000029985e+02 7.596168151860183571e+00
-1.036000000000010033e+02 7.927016652360180160e+00
-1.032000000000000028e+02 8.268437379661918385e+00
-1.028000000000020009e+02 8.573788157762464834e+00
-1.024000000000010004e+02 8.834984342462121276e+00
-1.020000000000029985e+02 9.258919672160118353e+00
-1.016000000000010033e+02 9.610912626059871400e+00
-1.012000000000000028e+02 9.930256056661164621e+00
-1.008000000000020009e+02 1.023218640845880145e+01
-1.004000000000010004e+02 1.057640566645932267e+01
-1.000000000000029985e+02 1.108418348781196983e+01
-9.960000000000150067e+01 1.138082772626148653e+01
-9.920000000000000284e+01 1.166721068610786460e+01
-9.880000000000219984e+01 1.215819732405725517e+01
-9.840000000000070202e+01 1.240073663845760166e+01
-9.800000000000289901e+01 1.274495589665821171e+01
-9.760000000000150067e+01 1.309819264175894205e+01
-9.720000000000000284e+01 1.328102997116002371e+01
-9.680000000000219984e+01 1.365043600395802059e+01
-9.640000000000070202e+01 1.399994137530666194e+01
-9.600000000000289901e+01 1.453986024926052778e+01
-9.560000000000150067e+01 1.456473607585940044e+01
-9.520000000000000284e+01 1.505852124465673114e+01
-9.480000000000219984e+01 1.531412036815891042e+01
-9.440000000000070202e+01 1.562693389416017453e+01
-9.400000000000289901e+01 1.589621472265935154e+01
-9.360000000000150067e+01 1.624820767665733001e+01
-9.320000000000000284e+01 1.653987674965901533e+01
-9.280000000000219984e+01 1.692856154875698849e+01
-9.240000000000070202e+01 1.717234465446017566e+01
-9.200000000000289901e+01 1.763130366535915527e+01
-9.160000000000150067e+01 1.775443900956088328e+01
-9.120000000000000284e+01 1.803304827335887239e+01
-9.080000000000219984e+01 1.851999258945943438e+01
-9.040000000000070202e+01 1.874014365965922480e+01
-9.000000000000289901e+01 1.895780714686043211e+01
-8.960000000000150067e+01 1.935582038086067769e+01
-8.920000000000000284e+01 1.953341098653254448e+01
-8.880000000000219984e+01 1.987607550518441712e+01
-8.840000000000070202e+01 2.017800585693112225e+01
-8.800000000000289901e+01 2.046532166033284739e+01
-8.760000000000150067e+01 2.077191622963437112e+01
-8.720000000000000284e+01 2.104990359773728414e+01
-8.680000000000219984e+01 2.130425892993298476e+01
-8.640000000000070202e+01 2.158659956788687850e+01
-8.600000000000289901e+01 2.193268451283438480e+01
-8.560000000000150067e+01 2.209810876318442752e+01
-8.520000000000000284e+01 2.229618253643639036e+01
-8.480000000000219984e+01 2.264382222053609439e+01
-8.440000000000070202e+01 2.305862663793595857e+01
-8.400000000000289901e+01 2.321783193148439750e+01
-8.360000000000150067e+01 2.350701342183674569e+01
-8.320000000000000284e+01 2.396165855151048163e+01
-8.280000000000219984e+01 2.445979698971132166e+01
-8.240000000000070202e+01 2.456116598521111882e+01
-8.200000000000289901e+01 2.478504842921029194e+01
-8.160000000000150067e+01 2.521042507320817094e+01
-8.120000000000000284e+01 2.542186960370963789e+01
-8.080000000000219984e+01 2.574587725221135770e+01
-8.040000000000070202e+01 2.603879011661047116e+01
-8.000000000000289901e+01 2.643307197641115636e+01
-7.960000000000150067e+01 2.653133149330824381e+01
-7.920000000000000284e+01 2.682300056651001796e+01
-7.880000000000219984e+01 2.718370006000986905e+01
-7.840000000000070202e+01 2.756865348481005640e+01
-7.800000000000289901e+01 2.772350550851115258e+01
-7.760000000000150067e+01 2.793246245650880155e+01
-7.720000000000000284e+01 2.809104585420936928e+01
-7.680000000000219984e+01 2.851269112410955131e+01
-7.640000000000070202e+01 2.881964248008807772e+01
-7.600000000000289901e+01 2.914209538933573640e+01
-7.560000000000150067e+01 2.930409921338650747e+01
-7.520000000000000284e+01 2.953109113583559520e+01
-7.480000000000219984e+01 2.984141707923481590e+01
-7.440000000000070202e+01 3.016946704943620716e+01
-7.400000000000289901e+01 3.038277726708474802e+01
-7.360000000000150067e+01 3.074440960383435595e+01
-7.320000000000000284e+01 3.087158726993584423e+01
-7.280000000000219984e+01 3.118440079608626547e+01
-7.240000000000070202e+01 3.142041020588294487e+01
-7.200000000000289901e+01 3.168036259928703657e+01
-7.160000000000150067e+01 3.184640874508841080e+01
-7.120000000000000284e+01 3.211071440843443270e+01
-7.080000000000219984e+01 3.231283050363344955e+01
-7.040000000000070202e+01 3.272861360296155908e+01
-7.000000000000289901e+01 3.288346562676088070e+01
-6.960000000000150067e+01 3.321182654486256070e+01
-6.920000000000000284e+01 3.349105770426103845e+01
-6.880000000000219984e+01 3.360237703056191094e+01
-6.840000000000070202e+01 3.392016572196371271e+01
-6.800000000000289901e+01 3.413720731376088224e+01
-6.760000000000150067e+01 3.436979629726192798e+01
-6.720000000000000284e+01 3.454828035686296062e+01
-6.680000000000219984e+01 3.485363113475978025e+01
-6.640000000000070202e+01 3.506942893516315962e+01
-6.600000000000289901e+01 3.534492872035843902e+01
-6.560000000000150067e+01 3.548672093505956582e+01
-6.520000000000000284e+01 3.579953446115905535e+01
-6.480000000000219984e+01 3.588038089916153695e+01
-6.440000000000070202e+01 3.616583101525975508e+01
-6.400000000000289901e+01 3.647304748066017055e+01
-6.360000000000150067e+01 3.619576547273391043e+01
-6.320000000000000284e+01 3.642244644728270941e+01
-6.280000000000219984e+01 3.664010993463671184e+01
-6.240000000000070202e+01 3.688420398823291180e+01
-6.200000000000289901e+01 3.720323647123223054e+01
-6.160000000000150067e+01 3.742805175883768243e+01
-6.120000000000000284e+01 3.772469599733813084e+01
-6.080000000000219984e+01 3.798029512108405470e+01
-6.040000000000070202e+01 3.808415169918225729e+01
-6.000000000000289901e+01 3.834037271858323948e+01
-5.960000000000150067e+01 3.859130762468339526e+01
-5.920000000000000284e+01 3.884597390473572887e+01
-5.880000000000219984e+01 3.905648559188557556e+01
-5.840000000000070202e+01 3.921382519838880398e+01
-5.800000000000289901e+01 3.934846561248559738e+01
-5.760000000000150067e+01 3.993966091971014976e+01
-5.720000000000000284e+01 4.033767415380862076e+01
-5.680000000000219984e+01 4.046640655910960049e+01
-5.640000000000070202e+01 4.075558804950924241e+01
-5.600000000000289901e+01 4.103917247870776919e+01
-5.560000000000150067e+01 4.124812942650896730e+01
-5.520000000000000284e+01 4.151865404660929926e+01
-5.480000000000219984e+01 4.172574530720885377e+01
-5.440000000000070202e+01 4.201119542331070988e+01
-5.400000000000289901e+01 4.215920659460971365e+01
-5.360000000000150067e+01 4.230659587030822877e+01
-5.320000000000000284e+01 4.260013063020960544e+01
-5.280000000000219984e+01 4.283023203101038234e+01
-5.240000000000070202e+01 4.300995988191061770e+01
-5.200000000000289901e+01 4.318906583710850100e+01
-5.160000000000150067e+01 4.341543586380794295e+01
-5.120000000000000284e+01 4.362373620075595682e+01
-5.080000000000219984e+01 4.380004362541149021e+01
-5.040000000000070202e+01 4.408549374175709090e+01
-5.000000000000289901e+01 4.419650212020860636e+01
-4.960000000000150067e+01 4.450962659415745293e+01
-4.920000000000000284e+01 4.458954018880831427e+01
-4.880000000000219984e+01 4.479849713665680611e+01
-4.840000000000070202e+01 4.502113578950957162e+01
-4.800000000000289901e+01 4.512499236761141219e+01
-4.760000000000150067e+01 4.529850126185920089e+01
-4.720000000000000284e+01 4.549564219180683722e+01
-4.680000000000219984e+01 4.558674990865984000e+01
-4.640000000000070202e+01 4.586162779856022098e+01
-4.600000000000289901e+01 4.596797195946055581e+01
-4.560000000000150067e+01 4.610136858236000990e+01
-4.520000000000000284e+01 4.624284984920814168e+01
-4.480000000000219984e+01 4.644648596920887940e+01
-4.440000000000070202e+01 4.656029287841010955e+01
-4.400000000000289901e+01 4.679039427930911188e+01
-4.360000000000150067e+01 4.699624174900964135e+01
-4.320000000000000284e+01 4.699935122700844659e+01
-4.280000000000219984e+01 4.716975064301004750e+01
-4.240000000000070202e+01 4.734450332860797062e+01
-4.200000000000289901e+01 4.745022559380959137e+01
-4.160000000000150067e+01 4.756403250290895812e+01
-4.120000000000000284e+01 4.768716784711068613e+01
-4.080000000000219984e+01 4.773567571020976175e+01
-4.040000000000070202e+01 4.792597578770801192e+01
-4.000000000000289901e+01 4.796328952831026982e+01
-3.960000000000150067e+01 4.812622619610920083e+01
-3.920000000000000284e+01 4.829849129901049309e+01
-3.880000000000219984e+01 4.832585470890990109e+01
-3.840000000000070202e+01 4.835010864030846278e+01
-3.800000000000289901e+01 4.839932236756067141e+01
-3.760000000000150067e+01 4.839901141955851926e+01
-3.720000000000000284e+01 4.845809150900822715e+01
-3.680000000000219984e+01 4.855199775645814952e+01
-3.640000000000070202e+01 4.857314220940679661e+01
-3.600000000000289901e+01 4.872208622450852999e+01
-3.560000000000150067e+01 4.875691238250874449e+01
-3.520000000000000284e+01 4.884553251666147844e+01
-3.480000000000219984e+01 4.882749754185715574e+01
-3.440000000000070202e+01 4.898297146166078164e+01
-3.400000000000289901e+01 4.903303406361010275e+01
-3.360000000000150067e+01 4.909055941400947631e+01
-3.320000000000000284e+01 4.912942789385851938e+01
-3.280000000000219984e+01 4.917171679985767696e+01
-3.240000000000070202e+01 4.918788608755858149e+01
-3.200000000000289901e+01 4.919232332540923380e+01
-3.160000000000150067e+01 4.930550833871166105e+01
-3.119999999999999929e+01 4.928809525980977924e+01
-3.080000000000219984e+01 4.924083118811176973e+01
-3.040000000000069846e+01 4.915749716711070505e+01
-3.000000000000289901e+01 4.931545866960732383e+01
-2.960000000000150067e+01 4.914008408840891207e+01
-2.919999999999999929e+01 4.932043383500786149e+01
-2.880000000000219984e+01 4.918548247270882712e+01
-2.840000000000069846e+01 4.924642824940747232e+01
-2.800000000000289901e+01 4.929742369500672794e+01
-2.760000000000150067e+01 4.928125440761141363e+01
-2.719999999999999929e+01 4.921782104840895045e+01
-2.680000000000219984e+01 4.924145308430888690e+01
-2.640000000000069846e+01 4.909903897400727146e+01
-2.600000000000289901e+01 4.914505925430785283e+01
-2.560000000000150067e+01 4.915252200240865932e+01
-2.519999999999999929e+01 4.886502591398675577e+01
-2.480000000000219984e+01 4.882957786033512093e+01
-2.440000000000069846e+01 4.883486397358501563e+01
-2.400000000000289901e+01 4.873815919548724196e+01
-2.360000000000150067e+01 4.864114346978385583e+01
-2.319999999999999929e+01 4.857895390198609675e+01
-2.280000000000219984e+01 4.852422708248559502e+01
-2.240000000000069846e+01 4.837528306748572504e+01
-2.200000000000289901e+01 4.837466117193616810e+01
-2.160000000000150067e+01 4.816694801538324100e+01
-2.119999999999999929e+01 4.813771891868600505e+01
-2.080000000000219984e+01 4.799872523453450412e+01
-2.040000000000069846e+01 4.780593757433598512e+01
-2.000000000000289901e+01 4.759356020033374080e+01
-1.960000000000150067e+01 4.746762632538229809e+01
-1.919999999999999929e+01 4.741707248995953705e+01
-1.880000000000219984e+01 4.730015610286136507e+01
-1.840000000000069846e+01 4.712291583446130971e+01
-1.800000000000289901e+01 4.683124676125953556e+01
-1.760000000000150067e+01 4.657378195046112523e+01
-1.719999999999999929e+01 4.640213874316032161e+01
-1.680000000000219984e+01 4.598422484745969996e+01
-1.640000000000069846e+01 4.572489434956150944e+01
-1.600000000000289901e+01 4.547178280845764675e+01
-1.560000000000150067e+01 4.513409345506079262e+01
-1.519999999999999929e+01 4.480200116285777767e+01
-1.480000000000219984e+01 4.443632650406289031e+01
-1.440000000000070024e+01 4.418445875445831916e+01
-1.400000000000290079e+01 4.385423214946058579e+01
-1.360000000000150067e+01 4.339900451295761741e+01
-1.319999999999999929e+01 4.302462331466085743e+01
-1.280000000000219984e+01 4.265708296896264073e+01
-1.240000000000070024e+01 4.251310684557756758e+01
-1.200000000000290079e+01 4.200626186718000099e+01
-1.160000000000150067e+01 4.149413077612916823e+01
-1.119999999999999929e+01 4.091172547338283039e+01
-1.080000000000219984e+01 4.025251605392986676e+01
-1.040000000000070024e+01 3.981501244387982297e+01
-1.000000000000290079e+01 3.905225739453089773e+01
-9.600000000001449152e+00 3.842103328087978298e+01
-9.199999999999999289e+00 3.772668675558088580e+01
-8.800000000002180300e+00 3.697668056722977781e+01
-8.400000000000730438e+00 3.622263205708077294e+01
-8.000000000002909673e+00 3.550683013048183057e+01
-7.600000000001459810e+00 3.469650006133088027e+01
-7.200000000000000178e+00 3.402702936347850482e+01
-6.800000000002180300e+00 3.310351428058129386e+01
-6.400000000000730438e+00 3.179441659680014709e+01
-6.000000000002909673e+00 3.100336529189735302e+01
-5.600000000001459810e+00 3.007363125190022402e+01
-5.200000000000000178e+00 2.912213086240080884e+01
-4.800000000002180300e+00 2.792871305480002775e+01
-4.400000000000730438e+00 2.655618929119737004e+01
-4.000000000002909673e+00 2.525145215679731336e+01
-3.600000000001459810e+00 2.367245902909780852e+01
-3.200000000000000178e+00 2.195042989469948225e+01
-2.800000000002179856e+00 2.054432376369732083e+01
-2.400000000000729994e+00 1.860525303849863121e+01
-2.000000000002910117e+00 1.658782345620056731e+01
-1.600000000001460032e+00 1.429551598780017230e+01
-1.199999999999999956e+00 1.231104687459810521e+01
-8.000000000021829649e-01 9.347713965700677363e+00
-4.000000000007279954e-01 5.209620124998764368e+00
-2.910387209009709878e-12 0.000000000000000000e+00
