-2.120000000000030127e+02 -4.685551355948580749e+03
-2.116000000000009891e+02 -4.698034043398594804e+03
-2.111999999999999886e+02 -4.689183227454570442e+03
-2.108000000000020009e+02 -4.682837403827605158e+03
-2.104000000000010004e+02 -8.890954994976444141e+03
-2.100000000000030127e+02 -8.886075601511965942e+03
-2.096000000000009891e+02 -3.380796361099954083e+03
-2.091999999999999886e+02 -3.381892141415457445e+03
-2.088000000000020009e+02 -3.376564982852953108e+03
-2.084000000000010004e+02 -3.375671940264463046e+03
-2.080000000000030127e+02 -3.374500288812469080e+03
-2.076000000000009891e+02 -2.739513707954956772e+03
-2.071999999999999886e+02 -8.089189722863338829e+02
-2.068000000000020009e+02 -5.666110035673445964e+02
-2.064000000000010004e+02 -5.520586446473280375e+02
-2.060000000000030127e+02 -5.465362110263340583e+02
-2.056000000000009891e+02 -5.191318817319115624e+02
-2.051999999999999886e+02 -5.129912839439130039e+02
-2.048000000000020009e+02 -5.022337325529661030e+02
-2.044000000000010004e+02 -5.012312366509104322e+02
-2.040000000000030127e+02 -5.005048625083654770e+02
-2.036000000000009891e+02 -4.944276979256101185e+02
-2.031999999999999886e+02 -2.050981961638171924e+02
-2.028000000000020009e+02 -2.080322999693198653e+02
-2.024000000000010004e+02 -2.043444585952602210e+02
-2.020000000000030127e+02 -2.045024200972147810e+02
-2.016000000000009891e+02 -1.957001086718082661e+02
-2.011999999999999886e+02 -1.942622858708709828e+02
-2.008000000000020009e+02 -1.870296391100673645e+02
-2.004000000000010004e+02 -1.850370853663698654e+02
-2.000000000000030127e+02 -1.827472654845587385e+02
-1.996000000000009891e+02 -1.818940246377605945e+02
-1.991999999999999886e+02 -1.817111873064604879e+02
-1.988000000000020009e+02 -1.807920254914097313e+02
-1.984000000000010004e+02 -1.796875387669206248e+02
-1.980000000000030127e+02 -1.792161418422656425e+02
-1.976000000000009891e+02 -1.789512142828170909e+02
-1.971999999999999886e+02 -1.780569283010627260e+02
-1.968000000000020009e+02 -8.923915647619651281e+01
-1.964000000000010004e+02 -8.894562171759389457e+01
-1.960000000000030127e+02 -8.813218216869063326e+01
-1.956000000000009891e+02 -8.347542733019145089e+01
-1.951999999999999886e+02 -8.293810946539088036e+01
-1.948000000000020009e+02 -8.213213266479215235e+01
-1.944000000000010004e+02 -8.156247622499722638e+01
-1.940000000000030127e+02 -8.074157392839333625e+01
-1.936000000000009891e+02 -7.932862694749564980e+01
-1.931999999999999886e+02 -7.811219900169453467e+01
-1.928000000000020009e+02 -7.694320523864371353e+01
-1.924000000000010004e+02 -7.682753263869017246e+01
-1.920000000000030127e+02 -7.536607749159156810e+01
-1.916000000000009891e+02 -7.527652450719324406e+01
-1.911999999999999886e+02 -7.475413211389604839e+01
-1.908000000000020009e+02 -7.395810563604027266e+01
-1.904000000000010004e+02 -7.322924389833860914e+01
-1.900000000000030127e+02 -7.251655145080076181e+01
-1.896000000000009891e+02 -7.227774351149491849e+01
-1.891999999999999886e+02 -7.155758831455023028e+01
-1.888000000000020009e+02 -7.067947161249685450e+01
-1.884000000000010004e+02 -7.023295051410241285e+01
-1.880000000000030127e+02 -7.045434537910114159e+01
-1.876000000000009891e+02 -6.942199854894352029e+01
-1.871999999999999886e+02 -6.921179781159662525e+01
-1.868000000000020009e+02 -6.864214136848750059e+01
-1.864000000000010004e+02 -6.754262980894054635e+01
-1.860000000000030127e+02 -6.742820100274911965e+01
-1.856000000000009891e+02 -6.664585623779930756e+01
-1.851999999999999886e+02 -6.648291957324181567e+01
-1.848000000000020009e+02 -6.651045273340059794e+01
-1.844000000000010004e+02 -6.552785756138837314e+01
-1.840000000000030127e+02 -6.487859847140134661e+01
-1.836000000000009891e+02 -6.490098671838859445e+01
-1.831999999999999886e+02 -6.422436422240207321e+01
-1.828000000000020009e+02 -6.398555627639507293e+01
-1.824000000000010004e+02 -6.338604883939478896e+01
-1.820000000000030127e+02 -6.288604471238431870e+01
-1.816000000000009891e+02 -6.259499753740601591e+01
-1.811999999999999886e+02 -6.219200913540771580e+01
-1.808000000000020009e+02 -6.154026246640933095e+01
-1.804000000000010004e+02 -6.151041147039723000e+01
-1.800000000000030127e+02 -6.124175253539215191e+01
-1.796000000000009891e+02 -6.098801909840767621e+01
-1.791999999999999886e+02 -6.040062785326517769e+01
-1.788000000000020009e+02 -6.078993454487135750e+01
-1.784000000000010004e+02 -5.964937787186136120e+01
-1.780000000000030127e+02 -5.918793127956814715e+01
-1.776000000000009891e+02 -5.887822723011777271e+01
-1.771999999999999886e+02 -5.827996358826931100e+01
-1.768000000000020009e+02 -5.766428686571089202e+01
-1.764000000000010004e+02 -5.735955798377108295e+01
-1.760000000000030127e+02 -5.673019955861309427e+01
-1.756000000000009891e+02 -5.622895164047440630e+01
-1.751999999999999886e+02 -5.556227947391380440e+01
-1.748000000000020009e+02 -5.498516028451922466e+01
-1.744000000000010004e+02 -5.492794588165997993e+01
-1.740000000000030127e+02 -5.441177247026644181e+01
-1.736000000000009891e+02 -5.374634409367354237e+01
-1.731999999999999886e+02 -5.361450221061022603e+01
-1.728000000000020009e+02 -5.310952292017100262e+01
-1.724000000000010004e+02 -5.239434289011114743e+01
-1.720000000000030127e+02 -5.152958617084004800e+01
-1.716000000000009891e+02 -5.092759115453736740e+01
-1.711999999999999886e+02 -5.044251252554022358e+01
-1.708000000000020009e+02 -4.951961933893835521e+01
-1.704000000000010004e+02 -4.908677994703975855e+01
-1.700000000000030127e+02 -4.850717317514136084e+01
-1.696000000000009891e+02 -4.852707383673987351e+01
-1.691999999999999886e+02 -4.806189586943946779e+01
-1.688000000000020009e+02 -4.724596873963673715e+01
-1.684000000000010004e+02 -4.655939591103742714e+01
-1.680000000000030127e+02 -4.590764924014001735e+01
-1.676000000000009891e+02 -4.503699529073855956e+01
-1.671999999999999886e+02 -4.432305905203975271e+01
-1.668000000000020009e+02 -4.416136617563824984e+01
-1.664000000000010004e+02 -4.387778174643972307e+01
-1.660000000000030127e+02 -4.358050817743787775e+01
-1.656000000000009891e+02 -4.268373460943621467e+01
-1.651999999999999886e+02 -4.180686170324042905e+01
-1.648000000000020009e+02 -4.176208521439184551e+01
-1.644000000000010004e+02 -4.064142920219092048e+01
-1.640000000000030127e+02 -4.032799378043637262e+01
-1.636000000000009891e+02 -3.954813659994033515e+01
-1.631999999999999886e+02 -3.905808280553901568e+01
-1.628000000000020009e+02 -3.879688662069020211e+01
-1.624000000000010004e+02 -3.807175625984018552e+01
-1.620000000000030127e+02 -3.726577946088946192e+01
-1.616000000000009891e+02 -3.696851332674123114e+01
-1.611999999999999886e+02 -3.653567393473713310e+01
-1.608000000000020009e+02 -3.655184322233617422e+01
-1.604000000000010004e+02 -3.579561807768914150e+01
-1.600000000000030127e+02 -3.442246498513850383e+01
-1.596000000000009891e+02 -3.393987393883799086e+01
-1.591999999999999886e+02 -3.309907098194162245e+01
-1.588000000000020009e+02 -3.245727464204173884e+01
-1.584000000000010004e+02 -3.223587978064097115e+01
-1.580000000000030127e+02 -3.182791621573778684e+01
-1.576000000000009891e+02 -3.114880613523928332e+01
-1.571999999999999886e+02 -3.059407519024171052e+01
-1.568000000000020009e+02 -3.012392205754076713e+01
-1.564000000000010004e+02 -2.922839228094017017e+01
-1.560000000000030127e+02 -2.893734510353897349e+01
-1.556000000000009891e+02 -2.840500240293840761e+01
-1.551999999999999886e+02 -2.786270937153676641e+01
-1.548000000000020009e+02 -2.728310259944191785e+01
-1.544000000000010004e+02 -2.647215063503972488e+01
-1.540000000000030127e+02 -2.614378971694168285e+01
-1.536000000000009891e+02 -2.568856208053693990e+01
-1.531999999999999886e+02 -2.535333382346652797e+01
-1.528000000000020009e+02 -2.501004740926509839e+01
-1.524000000000010004e+02 -2.457347664316694136e+01
-1.520000000000030127e+02 -2.414934379061378422e+01
-1.516000000000009891e+02 -2.360456317651551217e+01
-1.511999999999999886e+02 -2.341923826441779966e+01
-1.508000000000020009e+02 -2.286077594541711733e+01
-1.504000000000010004e+02 -2.262694317041314207e+01
-1.500000000000030127e+02 -2.247395683356808149e+01
-1.496000000000009891e+02 -2.156225776931387372e+01
-1.491999999999999886e+02 -2.117046349206430023e+01
-1.488000000000020009e+02 -2.121150860691341222e+01
-1.484000000000010004e+02 -2.047642791521502659e+01
-1.480000000000030127e+02 -2.017418661556439474e+01
-1.476000000000009891e+02 -1.964681908056445536e+01
-1.471999999999999886e+02 -1.938621830489137210e+01
-1.468000000000020009e+02 -1.851556435549355228e+01
-1.464000000000010004e+02 -1.814242694859058247e+01
-1.460000000000030127e+02 -1.823944267438855604e+01
-1.456000000000009891e+02 -1.792849483539248467e+01
-1.451999999999999886e+02 -1.709017946099265828e+01
-1.448000000000020009e+02 -1.696082516009118990e+01
-1.444000000000010004e+02 -1.637375563979367143e+01
-1.440000000000030127e+02 -1.553295268279180164e+01
-1.436000000000009891e+02 -1.525185583628990571e+01
-1.431999999999999886e+02 -1.545335003608852276e+01
-1.428000000000020009e+02 -1.464986081989263766e+01
-1.424000000000010004e+02 -1.445334178569100914e+01
-1.420000000000030127e+02 -1.384885918638974545e+01
-1.416000000000009891e+02 -1.368716631009374396e+01
-1.411999999999999886e+02 -1.341850737719141762e+01
-1.408000000000020009e+02 -1.274437246199158835e+01
-1.404000000000010004e+02 -1.179956451144244056e+01
-1.400000000000030127e+02 -1.147991013279170147e+01
-1.396000000000009891e+02 -1.115154921469002147e+01
-1.391999999999999886e+02 -1.079209351269309991e+01
-1.388000000000020009e+02 -1.025228806404265924e+01
-1.384000000000010004e+02 -1.002467424579299404e+01
-1.380000000000030127e+02 -9.984872922443173593e+00
-1.376000000000009891e+02 -9.130388260542531498e+00
-1.371999999999999886e+02 -8.891580320141656557e+00
-1.368000000000020009e+02 -8.616702430492296116e+00
-1.364000000000010004e+02 -8.601776934094232274e+00
-1.360000000000030127e+02 -7.961224385591776809e+00
-1.356000000000009891e+02 -7.447538555392384296e+00
-1.351999999999999886e+02 -6.907733106741943629e+00
-1.348000000000020009e+02 -6.834349416691111401e+00
-1.344000000000010004e+02 -6.563676381490950007e+00
-1.340000000000030127e+02 -6.354719433587888489e+00
-1.336000000000009891e+02 -5.680584518388059223e+00
-1.331999999999999886e+02 -5.456702074192435248e+00
-1.328000000000020009e+02 -5.058688840192189673e+00
-1.324000000000010004e+02 -4.650725275289005367e+00
-1.320000000000030127e+02 -4.148233567389979726e+00
-1.316000000000009891e+02 -3.929326288591255434e+00
-1.311999999999999886e+02 -3.556188881691923598e+00
-1.308000000000020009e+02 -3.439272494189935969e+00
-1.304000000000010004e+02 -3.006433102189475903e+00
-1.300000000000030127e+02 -2.722848672990949126e+00
-1.296000000000009891e+02 -2.645733608889713651e+00
-1.291999999999999886e+02 -1.799955486490944168e+00
-1.288000000000020009e+02 -1.839756809989921749e+00
-1.284000000000010004e+02 -1.287513447590754367e+00
-1.280000000000030127e+02 -1.090994413392763818e+00
-1.276000000000010033e+02 -7.985172847875219304e-01
-1.272000000000000028e+02 -4.763753234401519876e-01
-1.268000000000020009e+02 1.629334337594627868e-01
-1.264000000000010004e+02 3.208949359614052810e-01
-1.260000000000029985e+02 7.500029539623938035e-01
-1.256000000000010033e+02 1.113190030013356591e+00
-1.252000000000000028e+02 1.124384152160928352e+00
-1.248000000000020009e+02 1.633094817010714905e+00
-1.244000000000010004e+02 2.023645302808290580e+00
-1.240000000000029985e+02 2.067178000310377683e+00
-1.236000000000010033e+02 2.445290572712110588e+00
-1.232000000000000028e+02 2.983852230059710564e+00
-1.228000000000020009e+02 3.197784343359671766e+00
-1.224000000000010004e+02 3.588334829208179144e+00
-1.220000000000029985e+02 3.656743353811179986e+00
-1.216000000000010033e+02 4.185540840011526598e+00
-1.212000000000000028e+02 4.673107051810802659e+00
-1.208000000000020009e+02 5.108434026511531556e+00
-1.204000000000010004e+02 5.372117794013320236e+00
-1.200000000000029985e+02 5.951724566111806780e+00
-1.196000000000010033e+02 6.250234491610171972e+00
-1.192000000000000028e+02 6.745263451510254527e+00
-1.188000000000020009e+02 6.561182330711744726e+00
-1.184000000000010004e+02 7.250242742113186978e+00
-1.180000000000029985e+02 7.379597043211106211e+00
-1.176000000000010033e+02 7.424373532012396026e+00
-1.172000000000000028e+02 7.752734450110438047e+00
-1.168000000000020009e+02 8.006467886712925974e+00
-1.164000000000010004e+02 8.558711249010229949e+00
-1.160000000000029985e+02 8.827370182010781718e+00
-1.156000000000010033e+02 9.195532423411350464e+00
-1.152000000000000028e+02 9.762477276064601028e+00
-1.148000000000020009e+02 1.019282908540844801e+01
-1.144000000000010004e+02 1.062442468610970536e+01
-1.140000000000029985e+02 1.092417840301277465e+01
-1.136000000000010033e+02 1.137194329130943515e+01
-1.132000000000000028e+02 1.171522970566365984e+01
-1.128000000000020009e+02 1.195901281151236617e+01
-1.124000000000010004e+02 1.249881826016280684e+01
-1.120000000000029985e+02 1.269533729441172909e+01
-1.116000000000010033e+02 1.302991716926044319e+01
-1.112000000000000028e+02 1.355106574751334847e+01
-1.108000000000020009e+02 1.374260961640902678e+01
-1.104000000000010004e+02 1.407718949131231057e+01
-1.100000000000029985e+02 1.463565181030935491e+01
-1.096000000000010033e+02 1.488565387296330300e+01
-1.092000000000000028e+02 1.521650237371432013e+01
-1.088000000000020009e+02 1.541901635891190381e+01
-1.084000000000010004e+02 1.614041534561329172e+01
-1.080000000000029985e+02 1.635185987621298409e+01
-1.076000000000010033e+02 1.656579198941108189e+01
-1.072000000000000028e+02 1.684688883601120324e+01
-1.068000000000020009e+02 1.725982756640951266e+01
-1.064000000000010004e+02 1.771256762001212337e+01
-1.060000000000029985e+02 1.815038217751134653e+01
-1.056000000000010033e+02 1.854342024620927987e+01
-1.052000000000000028e+02 1.898620996901081526e+01
-1.048000000000020009e+02 1.942899969191057608e+01
-1.044000000000010004e+02 1.943397485731111374e+01
-1.040000000000029985e+02 1.994641689621130354e+01
-1.036000000000010033e+02 2.066781588291269145e+01
-1.032000000000000028e+02 2.098871405281170155e+01
-1.028000000000020009e+02 2.115289451181160985e+01
-1.024000000000010004e+02 2.160065940021377173e+01
-1.020000000000029985e+02 2.189461303558709915e+01
-1.016000000000010033e+02 2.230506418318691431e+01
-1.012000000000000028e+02 2.272297807893846766e+01
-1.008000000000020009e+02 2.306253311923501315e+01
-1.004000000000010004e+02 2.317820571533593466e+01
-1.000000000000029985e+02 2.369935429373799707e+01
-9.960000000000150067e+01 2.398791388843528694e+01
-9.920000000000000284e+01 2.424786628193396609e+01
-9.880000000000219984e+01 2.470309391833507107e+01
-9.840000000000070202e+01 2.505135549813348916e+01
-9.800000000000289901e+01 2.501777313148704707e+01
-9.760000000000150067e+01 2.547548835058478289e+01
-9.720000000000000284e+01 2.570061458618511097e+01
-9.680000000000219984e+01 2.609987161153549096e+01
-9.640000000000070202e+01 2.615211084848488099e+01
-9.600000000000289901e+01 2.642989519636103068e+01
-9.560000000000150067e+01 2.708661703255711473e+01
-9.520000000000000284e+01 2.721348375086017768e+01
-9.480000000000219984e+01 2.774085128595834249e+01
-9.440000000000070202e+01 2.821100441876114928e+01
-9.400000000000289901e+01 2.871847129215893801e+01
-9.360000000000150067e+01 2.887767658575830865e+01
-9.320000000000000284e+01 2.922096300006160163e+01
-9.280000000000219984e+01 2.940255653815984260e+01
-9.240000000000070202e+01 2.981549526845992659e+01
-9.200000000000289901e+01 2.985529659186067875e+01
-9.160000000000150067e+01 3.003191496446015663e+01
-9.120000000000000284e+01 3.031798697646081564e+01
-9.080000000000219984e+01 3.074585120306073804e+01
-9.040000000000070202e+01 3.076077669935693848e+01
-9.000000000000289901e+01 3.132545797515922459e+01
-8.960000000000150067e+01 3.166128164135807310e+01
-8.920000000000000284e+01 3.126194404350826517e+01
-8.880000000000219984e+01 3.156542913440716802e+01
-8.840000000000070202e+01 3.190000900930681382e+01
-8.800000000000289901e+01 3.218856860400774167e+01
-8.760000000000150067e+01 3.254304914061140153e+01
-8.720000000000000284e+01 3.292613687841003411e+01
-8.680000000000219984e+01 3.328186120630925871e+01
-8.640000000000070202e+01 3.356793321825898602e+01
-8.600000000000289901e+01 3.397589678326039575e+01
-8.560000000000150067e+01 3.415127136445880751e+01
-8.520000000000000284e+01 3.467615131685670349e+01
-8.480000000000219984e+01 3.507540834225801518e+01
-8.440000000000070202e+01 3.542118233940709615e+01
-8.400000000000289901e+01 3.563387066130599123e+01
-8.360000000000150067e+01 3.599457015470761689e+01
-8.320000000000000284e+01 3.649200612465574523e+01
-8.280000000000219984e+01 3.705419981785598793e+01
-8.240000000000070202e+01 3.711638938555915956e+01
-8.200000000000289901e+01 3.760395559735843563e+01
-8.160000000000150067e+01 3.788007727845615591e+01
-8.120000000000000284e+01 3.819600028295826633e+01
-8.080000000000219984e+01 3.843232064075709786e+01
-8.040000000000070202e+01 3.877809463785888511e+01
-8.000000000000289901e+01 3.932287525195715716e+01
-7.960000000000150067e+01 3.980049113275526906e+01
-7.920000000000000284e+01 3.996467159185704077e+01
-7.880000000000219984e+01 4.012387688555827481e+01
-7.840000000000070202e+01 4.057661693925547297e+01
-7.800000000000289901e+01 4.099701841775822686e+01
-7.760000000000150067e+01 4.108159622995663085e+01
-7.720000000000000284e+01 4.153682386645596125e+01
-7.680000000000219984e+01 4.186767236725791008e+01
-7.640000000000070202e+01 4.209246574703502120e+01
-7.600000000000289901e+01 4.221311350853284239e+01
-7.560000000000150067e+01 4.258749470688417205e+01
-7.520000000000000284e+01 4.294197524343326222e+01
-7.480000000000219984e+01 4.326411720468240674e+01
-7.440000000000070202e+01 4.364720494253560901e+01
-7.400000000000289901e+01 4.390218217058645678e+01
-7.360000000000150067e+01 4.443452487118702265e+01
-7.320000000000000284e+01 4.466213868938211817e+01
-7.280000000000219984e+01 4.496935515443328768e+01
-7.240000000000070202e+01 4.527657161943716346e+01
-7.200000000000289901e+01 4.565468419178432669e+01
-7.160000000000150067e+01 4.616215106523304712e+01
-7.120000000000000284e+01 4.637235180448260508e+01
-7.080000000000219984e+01 4.686738076433539391e+01
-7.040000000000070202e+01 4.746406775951254531e+01
-7.000000000000289901e+01 4.778247834680951200e+01
-6.960000000000150067e+01 4.801133595630744821e+01
-6.920000000000000284e+01 4.844417534830790828e+01
-6.880000000000219984e+01 4.868298328881064663e+01
-6.840000000000070202e+01 4.924517698190902593e+01
-6.800000000000289901e+01 4.925761489541037008e+01
-6.760000000000150067e+01 4.962577713690916426e+01
-6.720000000000000284e+01 4.995165047241243883e+01
-6.680000000000219984e+01 5.027752380771198659e+01
-6.640000000000070202e+01 5.046906767650943948e+01
-6.600000000000289901e+01 5.103872411781048868e+01
-6.560000000000150067e+01 5.108847577200867818e+01
-6.520000000000000284e+01 5.151633999871046399e+01
-6.480000000000219984e+01 5.175017277371080127e+01
-6.440000000000070202e+01 5.224520173351265839e+01
-6.400000000000289901e+01 5.215813633861034759e+01
-6.360000000000150067e+01 5.225052549445899785e+01
-6.320000000000000284e+01 5.261620015326116118e+01
-6.280000000000219984e+01 5.295451140220757225e+01
-6.240000000000070202e+01 5.329033506841005874e+01
-6.200000000000289901e+01 5.349307305951151648e+01
-6.160000000000150067e+01 5.376048820115829585e+01
-6.120000000000000284e+01 5.412118769455992151e+01
-6.080000000000219984e+01 5.433511980785988271e+01
-6.040000000000070202e+01 5.468089380491073825e+01
-6.000000000000289901e+01 5.497318477365843137e+01
-5.960000000000150067e+01 5.530527706581051461e+01
-5.920000000000000284e+01 5.575055437141054426e+01
-5.880000000000219984e+01 5.582642564410707564e+01
-5.840000000000070202e+01 5.614981139685914968e+01
-5.800000000000289901e+01 5.647941610625639441e+01
-5.760000000000150067e+01 5.687031518770891125e+01
-5.720000000000000284e+01 5.707927213550647139e+01
-5.680000000000219984e+01 5.736534414740890497e+01
-5.640000000000070202e+01 5.754196252010660828e+01
-5.600000000000289901e+01 5.789022409990866436e+01
-5.560000000000150067e+01 5.824843601050815778e+01
-5.520000000000000284e+01 5.846236812380811898e+01
-5.480000000000219984e+01 5.895242191830766387e+01
-5.440000000000070202e+01 5.937033581400828552e+01
-5.400000000000289901e+01 5.975093596910664928e+01
-5.360000000000150067e+01 5.992009159351073322e+01
-5.320000000000000284e+01 6.043253363240728504e+01
-5.280000000000219984e+01 6.089024885150865884e+01
-5.240000000000070202e+01 6.126089867570772185e+01
-5.200000000000289901e+01 6.149721903350655339e+01
-5.160000000000150067e+01 6.202209898590808734e+01
-5.120000000000000284e+01 6.300670810698284185e+01
-5.080000000000219984e+01 6.328034220538029331e+01
-5.040000000000070202e+01 6.353531943343477906e+01
-5.000000000000289901e+01 6.371442538878545747e+01
-4.960000000000150067e+01 6.403656735008189571e+01
-4.920000000000000284e+01 6.413731444998484221e+01
-4.880000000000219984e+01 6.437612239038207917e+01
-4.840000000000070202e+01 6.451667081358391442e+01
-4.800000000000289901e+01 6.478408595523433178e+01
-4.760000000000150067e+01 6.496941086738297599e+01
-4.720000000000000284e+01 6.516592990163553623e+01
-4.680000000000219984e+01 6.525672667068283772e+01
-4.640000000000070202e+01 6.543583262598622241e+01
-4.600000000000289901e+01 6.553657972578366753e+01
-4.560000000000150067e+01 6.582016415513498941e+01
-4.520000000000000284e+01 6.586618443533370737e+01
-4.480000000000219984e+01 6.576745128475886304e+01
-4.440000000000070202e+01 6.578237678095683805e+01
-4.400000000000289901e+01 6.606596121025722823e+01
-4.360000000000150067e+01 6.595401998815941624e+01
-4.320000000000000284e+01 6.648636268875634414e+01
-4.280000000000219984e+01 6.641422279005928431e+01
-4.240000000000070202e+01 6.656845291825811728e+01
-4.200000000000289901e+01 6.667044380945662851e+01
-4.160000000000150067e+01 6.692168966345707304e+01
-4.120000000000000284e+01 6.709830803605655092e+01
-4.080000000000219984e+01 6.689681383625793387e+01
-4.040000000000070202e+01 6.705601912986094248e+01
-4.000000000000289901e+01 6.716547276925848564e+01
-3.960000000000150067e+01 6.724507541605635197e+01
-3.920000000000000284e+01 6.735204147265903885e+01
-3.880000000000219984e+01 6.737691729985817801e+01
-3.840000000000070202e+01 6.729980223565871711e+01
-3.800000000000289901e+01 6.699347600643159240e+01
-3.760000000000150067e+01 6.718501987528361497e+01
-3.720000000000000284e+01 6.718875124938494992e+01
-3.680000000000219984e+01 6.722979636408490478e+01
-3.640000000000070202e+01 6.733800621208501980e+01
-3.600000000000289901e+01 6.732308071583611309e+01
-3.560000000000150067e+01 6.734920033433445496e+01
-3.520000000000000284e+01 6.735417549973499263e+01
-3.480000000000219984e+01 6.751959975013232906e+01
-3.440000000000070202e+01 6.736785720463376492e+01
-3.400000000000289901e+01 6.753576903773500817e+01
-3.360000000000150067e+01 6.742880298108502757e+01
-3.320000000000000284e+01 6.750343046248235623e+01
-3.280000000000219984e+01 6.766014817338509602e+01
-3.240000000000070202e+01 6.757432656973469420e+01
-3.200000000000289901e+01 6.802546927661023801e+01
-3.160000000000150067e+01 6.819213731840864057e+01
-3.119999999999999929e+01 6.808517126171136624e+01
-3.080000000000219984e+01 6.821452556280928547e+01
-3.040000000000069846e+01 6.836378052561121876e+01
-3.000000000000289901e+01 6.818218698750933982e+01
-2.960000000000150067e+01 6.799810586680905544e+01
-2.919999999999999929e+01 6.823193864180939272e+01
-2.880000000000219984e+01 6.821452556280928547e+01
-2.840000000000069846e+01 6.807024576541152783e+01
-2.800000000000289901e+01 6.805780785191018367e+01
-2.760000000000150067e+01 6.780158683250920149e+01
-2.719999999999999929e+01 6.774934759550887975e+01
-2.680000000000219984e+01 6.754785339571026270e+01
-2.640000000000069846e+01 6.753541548220891855e+01
-2.600000000000289901e+01 6.739859843301019282e+01
-2.560000000000150067e+01 6.734138403051110799e+01
-2.519999999999999929e+01 6.654418175181126571e+01
-2.480000000000219984e+01 6.650438042841051356e+01
-2.440000000000069846e+01 6.655413208270692849e+01
-2.400000000000289901e+01 6.657776411845770781e+01
-2.360000000000150067e+01 6.632029930765929748e+01
-2.319999999999999929e+01 6.629666727195944986e+01
-2.280000000000219984e+01 6.600935146861229441e+01
-2.240000000000069846e+01 6.604790900071020587e+01
-2.200000000000289901e+01 6.584641480091158883e+01
-2.160000000000150067e+01 6.570711016905988799e+01
-2.119999999999999929e+01 6.551681009155799984e+01
-2.080000000000219984e+01 6.542850090521096718e+01
-2.040000000000069846e+01 6.516481713766188477e+01
-2.000000000000289901e+01 6.484516275905843941e+01
-1.960000000000150067e+01 6.496332293795785517e+01
-1.919999999999999929e+01 6.482657386961000157e+01
-1.880000000000219984e+01 6.421711610490820021e+01
-1.840000000000069846e+01 6.412258796181049547e+01
-1.800000000000289901e+01 6.397333299900856218e+01
-1.760000000000150067e+01 6.369472373521057307e+01
-1.719999999999999929e+01 6.377183879941003397e+01
-1.680000000000219984e+01 6.325442159510930651e+01
-1.640000000000069846e+01 6.326188434330833843e+01
-1.600000000000289901e+01 6.314994312121052644e+01
-1.560000000000150067e+01 6.289620968450981309e+01
-1.519999999999999929e+01 6.268974031940888381e+01
-1.480000000000219984e+01 6.241859380370806321e+01
-1.440000000000070024e+01 6.211759629550942918e+01
-1.400000000000290079e+01 6.161261700480827130e+01
-1.360000000000150067e+01 6.120216585720845615e+01
-1.319999999999999929e+01 6.099072132671062718e+01
-1.280000000000219984e+01 6.050813028050833964e+01
-1.240000000000070024e+01 5.981649813105468638e+01
-1.200000000000290079e+01 5.925306064630785841e+01
-1.160000000000150067e+01 5.843588972475481569e+01
-1.119999999999999929e+01 5.775180447840466513e+01
-1.080000000000219984e+01 5.704159961355253472e+01
-1.040000000000070024e+01 5.658139681145621580e+01
-1.000000000000290079e+01 5.590228673065212206e+01
-9.600000000001449152e+00 5.518710670040309196e+01
-9.199999999999999289e+00 5.445700117400338058e+01
-8.800000000002180300e+00 5.357266551905559027e+01
-8.400000000000730438e+00 5.268335469870362431e+01
-8.000000000002909673e+00 5.203533940165289096e+01
-7.600000000001459810e+00 5.121568089740321739e+01
-7.200000000000000178e+00 5.039850997590474435e+01
-6.800000000002180300e+00 4.963482208270215779e+01
-6.400000000000730438e+00 4.857751526840002043e+01
-6.000000000002909673e+00 4.716954345140038640e+01
-5.600000000001459810e+00 4.647302029119964573e+01
-5.200000000000000178e+00 4.509489946650137426e+01
-4.800000000002180300e+00 4.314214703490142711e+01
-4.400000000000730438e+00 4.210980020809802227e+01
-4.000000000002909673e+00 4.098541282019868959e+01
-3.600000000001459810e+00 3.825155941650155000e+01
-3.200000000000000178e+00 3.708239554029933061e+01
-2.800000000002179856e+00 3.472167954319957062e+01
-2.400000000000729994e+00 3.287589316839876119e+01
-2.000000000002910117e+00 2.980870368059913744e+01
-1.600000000001460032e+00 2.755495374080055626e+01
-1.199999999999999956e+00 2.124893155819881940e+01
-8.000000000021829649e-01 2.013946966699950281e+01
-4.000000000007279954e-01 1.701506577659893082e+01
-2.910387209009709878e-12 0.000000000000000000e+00
