-2.128000000000020009e+02 3.921188392300887018e-03
-2.124000000000010004e+02 3.718063381701587622e-03
-2.120000000000030127e+02 3.891787646989905425e-02
-2.116000000000009891e+02 3.909467407959475727e-02
-2.111999999999999886e+02 3.847777395793394728e-02
-2.108000000000020009e+02 3.883742950075475681e-02
-2.104000000000010004e+02 3.850789505606599938e-02
-2.100000000000030127e+02 3.730255656317565255e-02
-2.096000000000009891e+02 3.636875678744005275e-02
-2.091999999999999886e+02 3.636690070052030210e-02
-2.088000000000020009e+02 3.668945699466966137e-02
-2.084000000000010004e+02 3.668617208216215508e-02
-2.080000000000030127e+02 3.668347208994740538e-02
-2.076000000000009891e+02 3.663229950703705134e-02
-2.184000000000010004e+02 2.793484814131202282e-02
-2.180000000000030127e+02 2.793601650408912562e-02
-2.176000000000009891e+02 3.290607127855842140e-02
-2.171999999999999886e+02 2.793635490313112202e-02
-2.168000000000020009e+02 3.291298630686202015e-02
-2.164000000000010004e+02 3.291314031640112103e-02
-2.160000000000030127e+02 3.291349299121312105e-02
-2.156000000000009891e+02 3.291351542456612267e-02
-2.151999999999999886e+02 3.291448280137852095e-02
-2.148000000000020009e+02 3.291467302777262294e-02
-2.144000000000010004e+02 3.424510587971932307e-02
-2.140000000000030127e+02 3.424508063340682418e-02
-2.136000000000009891e+02 3.539325733100352062e-02
-2.131999999999999886e+02 3.538940118531202356e-02
-2.071999999999999886e+02 3.064020586488262060e-02
-2.068000000000020009e+02 3.062014228976322333e-02
-2.064000000000010004e+02 3.052465644587292609e-02
-2.060000000000030127e+02 3.052539323032072566e-02
-2.056000000000009891e+02 3.090228088651902211e-02
-2.051999999999999886e+02 3.080042080075132138e-02
-2.048000000000020009e+02 3.084287638497117123e-02
-2.044000000000010004e+02 3.073825523337962023e-02
-2.040000000000030127e+02 3.074235809961302010e-02
-2.036000000000009891e+02 3.070449906741702303e-02
-2.031999999999999886e+02 3.045218653436276846e-02
-2.028000000000020009e+02 3.045307059058862190e-02
-2.024000000000010004e+02 3.045282046230862044e-02
-2.020000000000030127e+02 3.043266640036466908e-02
-2.016000000000009891e+02 3.042668343264547104e-02
-2.011999999999999886e+02 3.042338345421967058e-02
-2.008000000000020009e+02 3.040834690828621983e-02
-2.004000000000010004e+02 3.040548413026462199e-02
-2.000000000000030127e+02 3.040487017901202099e-02
-1.996000000000009891e+02 3.040279357951736899e-02
-1.991999999999999886e+02 3.039729726185601971e-02
-1.988000000000020009e+02 3.039882831723907455e-02
-1.984000000000010004e+02 3.037957588438312123e-02
-1.980000000000030127e+02 3.038147847021842318e-02
-1.976000000000009891e+02 3.037861924056052196e-02
-1.971999999999999886e+02 3.038035066195642064e-02
-1.968000000000020009e+02 3.025955929457472063e-02
-1.964000000000010004e+02 3.025420707685711960e-02
-1.960000000000030127e+02 3.025271255983312188e-02
-1.956000000000009891e+02 3.025092221735702080e-02
-1.951999999999999886e+02 3.025091708743592178e-02
-1.948000000000020009e+02 3.025021941816152110e-02
-1.944000000000010004e+02 3.024849063473902117e-02
-1.940000000000030127e+02 3.024966709665262085e-02
-1.936000000000009891e+02 3.024710897597992013e-02
-1.931999999999999886e+02 3.024427041961852067e-02
-1.928000000000020009e+02 3.026431388432797298e-02
-1.924000000000010004e+02 3.026608316838046847e-02
-1.920000000000030127e+02 3.025974119636782103e-02
-1.916000000000009891e+02 3.025671169892941992e-02
-1.911999999999999886e+02 3.025827185038022088e-02
-1.908000000000020009e+02 3.025758969820682015e-02
-1.904000000000010004e+02 3.025681540363066996e-02
-1.900000000000030127e+02 3.025566652333662107e-02
-1.896000000000009891e+02 3.025704112593716882e-02
-1.891999999999999886e+02 3.025451826610307121e-02
-1.888000000000020009e+02 3.025278267957417361e-02
-1.884000000000010004e+02 3.025220142510327143e-02
-1.880000000000030127e+02 3.025358267350052033e-02
-1.876000000000009891e+02 3.025323756851171914e-02
-1.871999999999999886e+02 3.025299466941416826e-02
-1.868000000000020009e+02 3.025240562707537037e-02
-1.864000000000010004e+02 3.025204904826311880e-02
-1.860000000000030127e+02 3.025023909679187134e-02
-1.856000000000009891e+02 3.025271341995032157e-02
-1.851999999999999886e+02 3.025210746199832185e-02
-1.848000000000020009e+02 3.026681860574092359e-02
-1.844000000000010004e+02 3.026547620902791946e-02
-1.840000000000030127e+02 3.026627721936041987e-02
-1.836000000000009891e+02 3.026501532619851886e-02
-1.831999999999999886e+02 3.026618396941382211e-02
-1.828000000000020009e+02 3.026624837225461856e-02
-1.824000000000010004e+02 3.026530044294162280e-02
-1.820000000000030127e+02 3.026473758894752258e-02
-1.816000000000009891e+02 3.026416668459842169e-02
-1.811999999999999886e+02 3.026338445842782082e-02
-1.808000000000020009e+02 3.026411502815311988e-02
-1.804000000000010004e+02 3.026336231995132436e-02
-1.800000000000030127e+02 3.026328651244081930e-02
-1.796000000000009891e+02 3.026279544077972034e-02
-1.791999999999999886e+02 3.029006788365146835e-02
-1.788000000000020009e+02 3.029002831137617147e-02
-1.784000000000010004e+02 3.029008314439632019e-02
-1.780000000000030127e+02 3.028827066160617171e-02
-1.776000000000009891e+02 3.028618846476662310e-02
-1.771999999999999886e+02 3.028685268449001974e-02
-1.768000000000020009e+02 3.028535266922176977e-02
-1.764000000000010004e+02 3.028176369047977032e-02
-1.760000000000030127e+02 3.028196288338581843e-02
-1.756000000000009891e+02 3.028357702588756889e-02
-1.751999999999999886e+02 3.028220312915137075e-02
-1.748000000000020009e+02 3.028195943279217081e-02
-1.744000000000010004e+02 3.028192383910017008e-02
-1.740000000000030127e+02 3.028320879805566912e-02
-1.736000000000009891e+02 3.028258158657342117e-02
-1.731999999999999886e+02 3.028405746527762163e-02
-1.728000000000020009e+02 3.028609464826616943e-02
-1.724000000000010004e+02 3.028357334694492184e-02
-1.720000000000030127e+02 3.030228796074742326e-02
-1.716000000000009891e+02 3.030054829775322145e-02
-1.711999999999999886e+02 3.030134981787621640e-02
-1.708000000000020009e+02 3.030059839276091904e-02
-1.704000000000010004e+02 3.029928226028621996e-02
-1.700000000000030127e+02 3.029643595303131709e-02
-1.696000000000009891e+02 3.029635397938231639e-02
-1.691999999999999886e+02 3.029886783794991795e-02
-1.688000000000020009e+02 3.029453689683082179e-02
-1.684000000000010004e+02 3.030344014592421809e-02
-1.680000000000030127e+02 3.029583481293902231e-02
-1.676000000000009891e+02 3.030092173326501964e-02
-1.671999999999999886e+02 3.029868567428552206e-02
-1.668000000000020009e+02 3.030025683589031987e-02
-1.664000000000010004e+02 3.030418246285632167e-02
-1.660000000000030127e+02 3.030345361480556859e-02
-1.656000000000009891e+02 3.030421861909727080e-02
-1.651999999999999886e+02 3.030219449765437015e-02
-1.648000000000020009e+02 3.030420082126311990e-02
-1.644000000000010004e+02 3.030714215128092054e-02
-1.640000000000030127e+02 3.030654651027282070e-02
-1.636000000000009891e+02 3.030469990370662087e-02
-1.631999999999999886e+02 3.030834136982516955e-02
-1.628000000000020009e+02 3.030540919933632019e-02
-1.624000000000010004e+02 3.030626881697836769e-02
-1.620000000000030127e+02 3.030667780289262106e-02
-1.616000000000009891e+02 3.030672980004531919e-02
-1.611999999999999886e+02 3.030845801154612162e-02
-1.608000000000020009e+02 3.030728811439251796e-02
-1.604000000000010004e+02 3.030608989854756755e-02
-1.600000000000030127e+02 3.030421511200932089e-02
-1.596000000000009891e+02 3.030429626075351740e-02
-1.591999999999999886e+02 3.029947241874032110e-02
-1.588000000000020009e+02 3.030125769111152029e-02
-1.584000000000010004e+02 3.029837691069432043e-02
-1.580000000000030127e+02 3.030005398474001910e-02
-1.576000000000009891e+02 3.030623932234941670e-02
-1.571999999999999886e+02 3.030120359194882207e-02
-1.568000000000020009e+02 3.030632497935711878e-02
-1.564000000000010004e+02 3.030627989672152189e-02
-1.560000000000030127e+02 3.030595079348141763e-02
-1.556000000000009891e+02 3.030554955802421818e-02
-1.551999999999999886e+02 3.030557209934201662e-02
-1.548000000000020009e+02 3.030576144641172059e-02
-1.544000000000010004e+02 3.030408888062952055e-02
-1.540000000000030127e+02 3.030661350822522193e-02
-1.536000000000009891e+02 3.030566226461332141e-02
-1.531999999999999886e+02 3.031130788741692034e-02
-1.528000000000020009e+02 3.031074254191656880e-02
-1.524000000000010004e+02 3.030881121912896992e-02
-1.520000000000030127e+02 3.030997823398967270e-02
-1.516000000000009891e+02 3.031116612820112036e-02
-1.511999999999999886e+02 3.031128389124122108e-02
-1.508000000000020009e+02 3.031281021588377173e-02
-1.504000000000010004e+02 3.031082624879131993e-02
-1.500000000000030127e+02 3.031040991735401910e-02
-1.496000000000009891e+02 3.031136795558026995e-02
-1.491999999999999886e+02 3.031400097402921906e-02
-1.488000000000020009e+02 3.031171013999692243e-02
-1.484000000000010004e+02 3.031405178429992173e-02
-1.480000000000030127e+02 3.031180196057021992e-02
-1.476000000000009891e+02 3.031292352741457238e-02
-1.471999999999999886e+02 3.031091696882531883e-02
-1.468000000000020009e+02 3.030977686087461820e-02
-1.464000000000010004e+02 3.030745656305312147e-02
-1.460000000000030127e+02 3.030675735622401917e-02
-1.456000000000009891e+02 3.030898412956521681e-02
-1.451999999999999886e+02 3.030432571973552119e-02
-1.448000000000020009e+02 3.030618284870201934e-02
-1.444000000000010004e+02 3.030599579974131708e-02
-1.440000000000030127e+02 3.030668164593042224e-02
-1.436000000000009891e+02 3.030467309637671636e-02
-1.431999999999999886e+02 3.030869019548421833e-02
-1.428000000000020009e+02 3.030640107248942089e-02
-1.424000000000010004e+02 3.030614276678191693e-02
-1.420000000000030127e+02 3.030363096645301985e-02
-1.416000000000009891e+02 3.030468200347011948e-02
-1.411999999999999886e+02 3.030323460079831915e-02
-1.408000000000020009e+02 3.030474880667032023e-02
-1.404000000000010004e+02 3.029716850940386910e-02
-1.400000000000030127e+02 3.030074571387166710e-02
-1.396000000000009891e+02 3.029840395149967225e-02
-1.391999999999999886e+02 3.029865859268177086e-02
-1.388000000000020009e+02 3.029967503353071800e-02
-1.384000000000010004e+02 3.030211584602041791e-02
-1.380000000000030127e+02 3.029834561964162010e-02
-1.376000000000009891e+02 3.030070510392756863e-02
-1.371999999999999886e+02 3.029922876913426766e-02
-1.368000000000020009e+02 3.029683188149547013e-02
-1.364000000000010004e+02 3.030038246851777042e-02
-1.360000000000030127e+02 3.029804416925326732e-02
-1.356000000000009891e+02 3.029791369133296927e-02
-1.351999999999999886e+02 3.029771262852032007e-02
-1.348000000000020009e+02 3.029975700526562135e-02
-1.344000000000010004e+02 3.030364998158552314e-02
-1.340000000000030127e+02 3.030295335385922023e-02
-1.336000000000009891e+02 3.030287245515551897e-02
-1.331999999999999886e+02 3.030506121452782031e-02
-1.328000000000020009e+02 3.030556458423971922e-02
-1.324000000000010004e+02 3.030503424829331799e-02
-1.320000000000030127e+02 3.029909268794381966e-02
-1.316000000000009891e+02 3.030252189410621855e-02
-1.311999999999999886e+02 3.030408144133862197e-02
-1.308000000000020009e+02 3.030266571402381870e-02
-1.304000000000010004e+02 3.030863424060791650e-02
-1.300000000000030127e+02 3.030907918347822139e-02
-1.296000000000009891e+02 3.031035558524772244e-02
-1.291999999999999886e+02 3.030628368382821958e-02
-1.288000000000020009e+02 3.031103423548432013e-02
-1.284000000000010004e+02 3.030967244063872273e-02
-1.280000000000030127e+02 3.030914210469221742e-02
-1.276000000000010033e+02 3.029983968413722112e-02
-1.272000000000000028e+02 3.030149001210801982e-02
-1.268000000000020009e+02 3.030247896898186771e-02
-1.264000000000010004e+02 3.029849559707021786e-02
-1.260000000000029985e+02 3.030222528128191997e-02
-1.256000000000010033e+02 3.030229688414392067e-02
-1.252000000000000028e+02 3.030215990726042169e-02
-1.248000000000020009e+02 3.030485540514046838e-02
-1.244000000000010004e+02 3.030626182726712040e-02
-1.240000000000029985e+02 3.030644641698551980e-02
-1.236000000000010033e+02 3.030893784017401824e-02
-1.232000000000000028e+02 3.030611764951486944e-02
-1.228000000000020009e+02 3.030840999308562211e-02
-1.224000000000010004e+02 3.030827381198331755e-02
-1.220000000000029985e+02 3.031112449255646962e-02
-1.216000000000010033e+02 3.030015748256711938e-02
-1.212000000000000028e+02 3.030420899778971805e-02
-1.208000000000020009e+02 3.030115913211772066e-02
-1.204000000000010004e+02 3.030246172570372210e-02
-1.200000000000029985e+02 3.030430781523422296e-02
-1.196000000000010033e+02 3.030283453697141943e-02
-1.192000000000000028e+02 3.030470308501202054e-02
-1.188000000000020009e+02 3.030522861414842312e-02
-1.184000000000010004e+02 3.030416857247152096e-02
-1.180000000000029985e+02 3.030415958906752111e-02
-1.176000000000010033e+02 3.030838178896701901e-02
-1.172000000000000028e+02 3.031011558594701866e-02
-1.168000000000020009e+02 3.030755531579511913e-02
-1.164000000000010004e+02 3.031372242266962280e-02
-1.160000000000029985e+02 3.031373589777561911e-02
-1.156000000000010033e+02 3.031176404058862073e-02
-1.152000000000000028e+02 3.032922126984767194e-02
-1.148000000000020009e+02 3.033019990318346765e-02
-1.144000000000010004e+02 3.032765594181182148e-02
-1.140000000000029985e+02 3.032857672292641957e-02
-1.136000000000010033e+02 3.032836285458031730e-02
-1.132000000000000028e+02 3.032870391564151946e-02
-1.128000000000020009e+02 3.032753950009432070e-02
-1.124000000000010004e+02 3.032555387318422099e-02
-1.120000000000029985e+02 3.032615099685992063e-02
-1.116000000000010033e+02 3.032467823516732039e-02
-1.112000000000000028e+02 3.032521591436587033e-02
-1.108000000000020009e+02 3.032589487390021862e-02
-1.104000000000010004e+02 3.032570051941362033e-02
-1.100000000000029985e+02 3.032446784177172255e-02
-1.096000000000010033e+02 3.032550550302912096e-02
-1.092000000000000028e+02 3.032434952967841962e-02
-1.088000000000020009e+02 3.032290624392772194e-02
-1.084000000000010004e+02 3.031998928216701750e-02
-1.080000000000029985e+02 3.031836725427541901e-02
-1.076000000000010033e+02 3.031445556822762177e-02
-1.072000000000000028e+02 3.031419120456572275e-02
-1.068000000000020009e+02 3.031040049849881984e-02
-1.064000000000010004e+02 3.031146691462641846e-02
-1.060000000000029985e+02 3.030575845182582190e-02
-1.056000000000010033e+02 3.030674421463282198e-02
-1.052000000000000028e+02 3.030906075722931969e-02
-1.048000000000020009e+02 3.030308793076681717e-02
-1.044000000000010004e+02 3.030193189983861751e-02
-1.040000000000029985e+02 3.029675216436181900e-02
-1.036000000000010033e+02 3.029752733238731677e-02
-1.032000000000000028e+02 3.029313620715611693e-02
-1.028000000000020009e+02 3.029014755355481647e-02
-1.024000000000010004e+02 3.029022372613542069e-02
-1.020000000000029985e+02 3.029395611832522150e-02
-1.016000000000010033e+02 3.029168979405642143e-02
-1.012000000000000028e+02 3.029117412218281999e-02
-1.008000000000020009e+02 3.029085327997766905e-02
-1.004000000000010004e+02 3.028902735338171934e-02
-1.000000000000029985e+02 3.028948685160852070e-02
-9.960000000000150067e+01 3.028833461815236966e-02
-9.920000000000000284e+01 3.028774162839906886e-02
-9.880000000000219984e+01 3.028549853176096956e-02
-9.840000000000070202e+01 3.028606954657621711e-02
-9.800000000000289901e+01 3.028516874471027034e-02
-9.760000000000150067e+01 3.028330843046336818e-02
-9.720000000000000284e+01 3.028417111309492094e-02
-9.680000000000219984e+01 3.028300735642007122e-02
-9.640000000000070202e+01 3.028416289318482113e-02
-9.600000000000289901e+01 3.030258213783922072e-02
-9.560000000000150067e+01 3.030800175909041660e-02
-9.520000000000000284e+01 3.030492587849561992e-02
-9.480000000000219984e+01 3.030560444721901864e-02
-9.440000000000070202e+01 3.030409106039511774e-02
-9.400000000000289901e+01 3.030315802840052170e-02
-9.360000000000150067e+01 3.030547944771731783e-02
-9.320000000000000284e+01 3.030565355416611761e-02
-9.280000000000219984e+01 3.030744818986871869e-02
-9.240000000000070202e+01 3.030547944771731783e-02
-9.200000000000289901e+01 3.030554641173612007e-02
-9.160000000000150067e+01 3.030650176507031918e-02
-9.120000000000000284e+01 3.030572498245281965e-02
-9.080000000000219984e+01 3.030421605989681855e-02
-9.040000000000070202e+01 3.031064014142941659e-02
-9.000000000000289901e+01 3.030805086603752252e-02
-8.960000000000150067e+01 3.030768926033632071e-02
-8.920000000000000284e+01 3.030190267162751958e-02
-8.880000000000219984e+01 3.030211249295227185e-02
-8.840000000000070202e+01 3.030239374470617211e-02
-8.800000000000289901e+01 3.030227766922786656e-02
-8.760000000000150067e+01 3.030246517085036922e-02
-8.720000000000000284e+01 3.030509909137472230e-02
-8.680000000000219984e+01 3.030455221797206944e-02
-8.640000000000070202e+01 3.030617721292032038e-02
-8.600000000000289901e+01 3.030478659372502076e-02
-8.560000000000150067e+01 3.030459909383977080e-02
-8.520000000000000284e+01 3.030532007356352003e-02
-8.480000000000219984e+01 3.030500311211772185e-02
-8.440000000000070202e+01 3.030441159459282274e-02
-8.400000000000289901e+01 3.030773970999376885e-02
-8.360000000000150067e+01 3.030732676405141837e-02
-8.320000000000000284e+01 3.030054911530272177e-02
-8.280000000000219984e+01 3.029961161670891717e-02
-8.240000000000070202e+01 3.030104465027361887e-02
-8.200000000000289901e+01 3.030666964183621748e-02
-8.160000000000150067e+01 3.030267857639421664e-02
-8.120000000000000284e+01 3.030272321918441730e-02
-8.080000000000219984e+01 3.030245536244331739e-02
-8.040000000000070202e+01 3.030283929043881691e-02
-8.000000000000289901e+01 3.030270982634732102e-02
-7.960000000000150067e+01 3.030486607311291825e-02
-7.920000000000000284e+01 3.030596875003031820e-02
-7.880000000000219984e+01 3.030594642863532195e-02
-7.840000000000070202e+01 3.030511160845891783e-02
-7.800000000000289901e+01 3.030516517980712254e-02
-7.760000000000150067e+01 3.030745089066431974e-02
-7.720000000000000284e+01 3.030890624562412178e-02
-7.680000000000219984e+01 3.030838392497901823e-02
-7.640000000000070202e+01 3.031387885233596813e-02
-7.600000000000289901e+01 3.031326054944227105e-02
-7.560000000000150067e+01 3.031424045809811771e-02
-7.520000000000000284e+01 3.031449715449301835e-02
-7.480000000000219984e+01 3.031403510039457072e-02
-7.440000000000070202e+01 3.031395251052286868e-02
-7.400000000000289901e+01 3.031264001257006832e-02
-7.360000000000150067e+01 3.031437884942767003e-02
-7.320000000000000284e+01 3.031449938468466776e-02
-7.280000000000219984e+01 3.031562215077561809e-02
-7.240000000000070202e+01 3.031428509861582021e-02
-7.200000000000289901e+01 3.031391679492077135e-02
-7.160000000000150067e+01 3.031454625923981835e-02
-7.120000000000000284e+01 3.031507750823421790e-02
-7.080000000000219984e+01 3.031656857752251799e-02
-7.040000000000070202e+01 3.030962378837451926e-02
-7.000000000000289901e+01 3.030705236160542021e-02
-6.960000000000150067e+01 3.030670861184631831e-02
-6.920000000000000284e+01 3.030744075419031930e-02
-6.880000000000219984e+01 3.030777557538422151e-02
-6.840000000000070202e+01 3.030623539789231713e-02
-6.800000000000289901e+01 3.030431575638062314e-02
-6.760000000000150067e+01 3.030631129069621954e-02
-6.720000000000000284e+01 3.030573539824271689e-02
-6.680000000000219984e+01 3.030435593492392110e-02
-6.640000000000070202e+01 3.030573986252532021e-02
-6.600000000000289901e+01 3.030284700741001785e-02
-6.560000000000150067e+01 3.030411486366432067e-02
-6.520000000000000284e+01 3.030091843733322132e-02
-6.480000000000219984e+01 3.030396307805641870e-02
-6.440000000000070202e+01 3.030184254382831815e-02
-6.400000000000289901e+01 3.030253004334652195e-02
-6.360000000000150067e+01 3.031760908898207055e-02
-6.320000000000000284e+01 3.031697739292572163e-02
-6.280000000000219984e+01 3.031471400166977151e-02
-6.240000000000070202e+01 3.031554212601001927e-02
-6.200000000000289901e+01 3.031448409099342031e-02
-6.160000000000150067e+01 3.031198186049297028e-02
-6.120000000000000284e+01 3.031211355673436858e-02
-6.080000000000219984e+01 3.031157114639506864e-02
-6.040000000000070202e+01 3.031052203990636934e-02
-6.000000000000289901e+01 3.030941712983696926e-02
-5.960000000000150067e+01 3.030760909534472095e-02
-5.920000000000000284e+01 3.030656891742977005e-02
-5.880000000000219984e+01 3.030765597031266981e-02
-5.840000000000070202e+01 3.030798855937997041e-02
-5.800000000000289901e+01 3.030656222095332031e-02
-5.760000000000150067e+01 3.031397386044321768e-02
-5.720000000000000284e+01 3.031327743229782212e-02
-5.680000000000219984e+01 3.031234439715412010e-02
-5.640000000000070202e+01 3.031126404067201879e-02
-5.600000000000289901e+01 3.031131761206781738e-02
-5.560000000000150067e+01 3.030833100675162095e-02
-5.520000000000000284e+01 3.030894261352042041e-02
-5.480000000000219984e+01 3.030650957929421907e-02
-5.440000000000070202e+01 3.030421493784041936e-02
-5.400000000000289901e+01 3.030473279466661812e-02
-5.360000000000150067e+01 3.030425065210431979e-02
-5.320000000000000284e+01 3.030151404663521814e-02
-5.280000000000219984e+01 3.030220154621472012e-02
-5.240000000000070202e+01 3.029862119126162240e-02
-5.200000000000289901e+01 3.029951851214141706e-02
-5.160000000000150067e+01 3.029679083523822286e-02
-5.120000000000000284e+01 3.029860997672846959e-02
-5.080000000000219984e+01 3.029697381831857050e-02
-5.040000000000070202e+01 3.029806087243576765e-02
-5.000000000000289901e+01 3.029695819217961827e-02
-4.960000000000150067e+01 3.029506756798826944e-02
-4.920000000000000284e+01 3.029658319440797082e-02
-4.880000000000219984e+01 3.029559212391461781e-02
-4.840000000000070202e+01 3.029458096001311912e-02
-4.800000000000289901e+01 3.029542248040377125e-02
-4.760000000000150067e+01 3.029441355238111921e-02
-4.720000000000000284e+01 3.029428185646146701e-02
-4.680000000000219984e+01 3.029576400003246989e-02
-4.640000000000070202e+01 3.029292025092741869e-02
-4.600000000000289901e+01 3.029282873218881733e-02
-4.560000000000150067e+01 3.029392025145192027e-02
-4.520000000000000284e+01 3.029287783935752029e-02
-4.480000000000219984e+01 3.030174162024681928e-02
-4.440000000000070202e+01 3.030308537316232093e-02
-4.400000000000289901e+01 3.030130411929762152e-02
-4.360000000000150067e+01 3.030231751435352033e-02
-4.320000000000000284e+01 3.030039340303602308e-02
-4.280000000000219984e+01 3.030250055046491975e-02
-4.240000000000070202e+01 3.030319698054732142e-02
-4.200000000000289901e+01 3.030254519341891994e-02
-4.160000000000150067e+01 3.030410769680891986e-02
-4.120000000000000284e+01 3.030368358874591800e-02
-4.080000000000219984e+01 3.030496037723041935e-02
-4.040000000000070202e+01 3.030524162784061643e-02
-4.000000000000289901e+01 3.030545144972442151e-02
-3.960000000000150067e+01 3.030671484532272003e-02
-3.920000000000000284e+01 3.030577734328861877e-02
-3.880000000000219984e+01 3.030363001720112054e-02
-3.840000000000070202e+01 3.030700056022832267e-02
-3.800000000000289901e+01 3.030394312468316989e-02
-3.760000000000150067e+01 3.030360383829697191e-02
-3.720000000000000284e+01 3.030493419776257233e-02
-3.680000000000219984e+01 3.030609714663226942e-02
-3.640000000000070202e+01 3.030472660859191703e-02
-3.600000000000289901e+01 3.030565741430416710e-02
-3.560000000000150067e+01 3.030680697020207010e-02
-3.520000000000000284e+01 3.030784045426786893e-02
-3.480000000000219984e+01 3.030812170495306851e-02
-3.440000000000070202e+01 3.030814625853672090e-02
-3.400000000000289901e+01 3.030905474299847024e-02
-3.360000000000150067e+01 3.030775786519187068e-02
-3.320000000000000284e+01 3.030838733024932008e-02
-3.280000000000219984e+01 3.030973554681981944e-02
-3.240000000000070202e+01 3.030873777718852066e-02
-3.200000000000289901e+01 3.030505087296851696e-02
-3.160000000000150067e+01 3.030471605108112088e-02
-3.119999999999999929e+01 3.030565801665782016e-02
-3.080000000000219984e+01 3.030607766009012216e-02
-3.040000000000069846e+01 3.030559551657212303e-02
-3.000000000000289901e+01 3.030759998360502139e-02
-2.960000000000150067e+01 3.031072498788801861e-02
-2.919999999999999929e+01 3.030726962600942265e-02
-2.880000000000219984e+01 3.031018480857621683e-02
-2.840000000000069846e+01 3.030896605690582002e-02
-2.800000000000289901e+01 3.030835891321662090e-02
-2.760000000000150067e+01 3.031023391578632070e-02
-2.719999999999999929e+01 3.030961784351342281e-02
-2.680000000000219984e+01 3.030920266437302224e-02
-2.640000000000069846e+01 3.030939016463001651e-02
-2.600000000000289901e+01 3.030776962669472219e-02
-2.560000000000150067e+01 3.030867587793671658e-02
-2.519999999999999929e+01 3.031553071141842096e-02
-2.480000000000219984e+01 3.031452399383497212e-02
-2.440000000000069846e+01 3.031331413258707072e-02
-2.400000000000289901e+01 3.031413557282561927e-02
-2.360000000000150067e+01 3.031464674772351917e-02
-2.319999999999999929e+01 3.031390562747566728e-02
-2.280000000000219984e+01 3.031367127266512002e-02
-2.240000000000069846e+01 3.031442796171402235e-02
-2.200000000000289901e+01 3.031273147279952077e-02
-2.160000000000150067e+01 3.031326498239451939e-02
-2.119999999999999929e+01 3.030995238322797131e-02
-2.080000000000219984e+01 3.031001488641882000e-02
-2.040000000000069846e+01 3.030869568434161818e-02
-2.000000000000289901e+01 3.030827375785461950e-02
-1.960000000000150067e+01 3.030718890119072154e-02
-1.919999999999999929e+01 3.030830914687052124e-02
-1.880000000000219984e+01 3.030788055916521645e-02
-1.840000000000069846e+01 3.030609031260431824e-02
-1.800000000000289901e+01 3.030634478655441777e-02
-1.760000000000150067e+01 3.030938061613382140e-02
-1.719999999999999929e+01 3.030806806628622008e-02
-1.680000000000219984e+01 3.030613049270172027e-02
-1.640000000000069846e+01 3.030697873920192020e-02
-1.600000000000289901e+01 3.030631353536752254e-02
-1.560000000000150067e+01 3.030453221771722133e-02
-1.519999999999999929e+01 3.030337592380392270e-02
-1.480000000000219984e+01 3.030261250195372125e-02
-1.440000000000070024e+01 3.030373308022502044e-02
-1.400000000000290079e+01 3.030278215125382230e-02
-1.360000000000150067e+01 3.030129102319562007e-02
-1.319999999999999929e+01 3.030178657772991668e-02
-1.280000000000219984e+01 3.030171961090091792e-02
-1.240000000000070024e+01 3.026848216434430833e-02
-1.200000000000290079e+01 3.026974137231576087e-02
-1.160000000000150067e+01 3.027139141504205794e-02
-1.119999999999999929e+01 3.027337190513595955e-02
-1.080000000000219984e+01 3.027343456045360898e-02
-1.040000000000070024e+01 3.027176943974091081e-02
-1.000000000000290079e+01 3.027524539883521063e-02
-9.600000000001449152e+00 3.027771464401375970e-02
-9.199999999999999289e+00 3.027934217678161094e-02
-8.800000000002180300e+00 3.027870847550261091e-02
-8.400000000000730438e+00 3.028112423068585884e-02
-8.000000000002909673e+00 3.028516529557630926e-02
-7.600000000001459810e+00 3.028703176209856379e-02
-7.200000000000000178e+00 3.028659922956146097e-02
-6.800000000002180300e+00 3.029093237419831081e-02
-6.400000000000730438e+00 3.028729307968380108e-02
-6.000000000002909673e+00 3.029518794261519890e-02
-5.600000000001459810e+00 3.029411177634459829e-02
-5.200000000000000178e+00 3.030281488033410159e-02
-4.800000000002180300e+00 3.030853954904350056e-02
-4.400000000000730438e+00 3.031820271837809902e-02
-4.000000000002909673e+00 3.031993083599940006e-02
-3.600000000001459810e+00 3.032956274739270069e-02
-3.200000000000000178e+00 3.033123281455120043e-02
-2.800000000002179856e+00 3.034220435200750063e-02
-2.400000000000729994e+00 3.034741549739269906e-02
-2.000000000002910117e+00 3.036402686057430161e-02
-1.600000000001460032e+00 3.036563441184990039e-02
-1.199999999999999956e+00 3.037269870662229893e-02
-8.000000000021829649e-01 3.040024588389849888e-02
-4.000000000007279954e-01 3.041608919480389903e-02
-2.910387209009709878e-12 3.047475588552429893e-02
