-2.120000000000030127e+02 -5.967568938666936447e+02
-2.116000000000009891e+02 -8.294652809916860861e+02
-2.111999999999999886e+02 -5.360797764646686119e+02
-2.108000000000020009e+02 -5.416619120597006258e+02
-2.104000000000010004e+02 -6.011866421464710584e+02
-2.100000000000030127e+02 -5.946741506154703529e+02
-2.096000000000009891e+02 -6.006120105409700045e+02
-2.091999999999999886e+02 -5.759725037939697359e+02
-2.088000000000020009e+02 -5.857511914069818886e+02
-2.084000000000010004e+02 -3.907719706764819421e+02
-2.080000000000030127e+02 -3.943739904449812457e+02
-2.076000000000009891e+02 -3.906674922104775760e+02
-2.071999999999999886e+02 -2.287874102732876054e+02
-2.068000000000020009e+02 -2.543249344232881413e+02
-2.064000000000010004e+02 -2.266779401312796836e+02
-2.060000000000030127e+02 -2.230460693672775960e+02
-2.056000000000009891e+02 -3.587337487005006551e+02
-2.051999999999999886e+02 -2.164415300162527274e+02
-2.048000000000020009e+02 -3.894852464070518181e+02
-2.044000000000010004e+02 -2.132051849042018148e+02
-2.040000000000030127e+02 -2.282003335099561809e+02
-2.036000000000009891e+02 -2.096877429463547742e+02
-2.031999999999999886e+02 -2.092772918005011888e+02
-2.028000000000020009e+02 -1.902821101891549915e+02
-2.024000000000010004e+02 -1.904836043902523670e+02
-2.020000000000030127e+02 -1.326000421993539931e+02
-2.016000000000009891e+02 -1.314955554739481158e+02
-2.011999999999999886e+02 -1.304308700823003164e+02
-2.008000000000020009e+02 -1.307169420845548302e+02
-2.004000000000010004e+02 -1.288612053872038814e+02
-2.000000000000030127e+02 -1.290477740923070087e+02
-1.996000000000009891e+02 -1.279432873904497683e+02
-1.991999999999999886e+02 -1.265875548104031623e+02
-1.988000000000020009e+02 -1.267790986792515469e+02
-1.984000000000010004e+02 -1.263139207123076631e+02
-1.980000000000030127e+02 -1.250004770395007654e+02
-1.976000000000009891e+02 -1.244706219207018876e+02
-1.971999999999999886e+02 -1.244631591748020583e+02
-1.968000000000020009e+02 -8.365684511961990211e+01
-1.964000000000010004e+02 -8.310957692401825625e+01
-1.960000000000030127e+02 -8.182100907662061218e+01
-1.956000000000009891e+02 -8.037821110572076577e+01
-1.951999999999999886e+02 -8.062199421341756533e+01
-1.948000000000020009e+02 -7.960706046472296293e+01
-1.944000000000010004e+02 -7.840307043261964282e+01
-1.940000000000030127e+02 -7.746276416571890877e+01
-1.936000000000009891e+02 -7.628364995991978503e+01
-1.931999999999999886e+02 -7.594533871252315294e+01
-1.928000000000020009e+02 -8.610077382384952216e+01
-1.924000000000010004e+02 -8.567788475929228298e+01
-1.920000000000030127e+02 -8.449130750114454713e+01
-1.916000000000009891e+02 -7.446634918244490109e+01
-1.911999999999999886e+02 -7.299121261198706634e+01
-1.908000000000020009e+02 -7.191160170569673937e+01
-1.904000000000010004e+02 -7.188672587514338375e+01
-1.900000000000030127e+02 -7.012800490014160459e+01
-1.896000000000009891e+02 -6.949615889305096061e+01
-1.891999999999999886e+02 -6.887426321310158528e+01
-1.888000000000020009e+02 -6.778470198143804737e+01
-1.884000000000010004e+02 -6.791156869719452516e+01
-1.880000000000030127e+02 -6.788918045678838098e+01
-1.876000000000009891e+02 -6.701355133639845008e+01
-1.871999999999999886e+02 -6.678469372910149104e+01
-1.868000000000020009e+02 -6.629712751649094571e+01
-1.864000000000010004e+02 -6.493393218839446490e+01
-1.860000000000030127e+02 -6.463542226209210639e+01
-1.856000000000009891e+02 -6.443641564284735068e+01
-1.851999999999999886e+02 -6.478218964270308788e+01
-1.848000000000020009e+02 -5.963401557286670140e+01
-1.844000000000010004e+02 -5.876336162187908485e+01
-1.840000000000030127e+02 -5.797728548387931369e+01
-1.836000000000009891e+02 -5.767380039486852183e+01
-1.831999999999999886e+02 -5.668374247787687636e+01
-1.828000000000020009e+02 -5.668374247287101753e+01
-1.824000000000010004e+02 -5.634045605387473188e+01
-1.820000000000030127e+02 -5.534542296785912185e+01
-1.816000000000009891e+02 -5.498721105986442126e+01
-1.811999999999999886e+02 -5.493745940286135010e+01
-1.808000000000020009e+02 -5.466880047088307037e+01
-1.804000000000010004e+02 -5.417625909086018510e+01
-1.800000000000030127e+02 -5.304192137386235117e+01
-1.796000000000009891e+02 -5.191753398987748369e+01
-1.791999999999999886e+02 -5.271275111936120084e+01
-1.788000000000020009e+02 -5.205851686358619190e+01
-1.784000000000010004e+02 -5.217543325104816176e+01
-1.780000000000030127e+02 -5.103114520346207428e+01
-1.776000000000009891e+02 -5.052119074643269414e+01
-1.771999999999999886e+02 -4.980227934296090098e+01
-1.768000000000020009e+02 -4.955352106996906514e+01
-1.764000000000010004e+02 -4.922764773506060010e+01
-1.760000000000030127e+02 -4.873261877548611665e+01
-1.756000000000009891e+02 -4.800375704042198777e+01
-1.751999999999999886e+02 -4.734454762121458771e+01
-1.748000000000020009e+02 -4.690175789797649486e+01
-1.744000000000010004e+02 -4.646891850595238793e+01
-1.740000000000030127e+02 -4.588931173550918174e+01
-1.736000000000009891e+02 -4.511567351137455262e+01
-1.731999999999999886e+02 -4.486940282326577289e+01
-1.728000000000020009e+02 -4.484701457857954665e+01
-1.724000000000010004e+02 -4.422014373458841874e+01
-1.720000000000030127e+02 -4.271185927261831239e+01
-1.716000000000009891e+02 -4.248797682863914815e+01
-1.711999999999999886e+02 -4.223424339196935762e+01
-1.708000000000020009e+02 -4.188598181203815329e+01
-1.704000000000010004e+02 -4.101035269726889965e+01
-1.700000000000030127e+02 -4.073174343360915373e+01
-1.696000000000009891e+02 -4.071184277183965605e+01
-1.691999999999999886e+02 -3.978148683722793066e+01
-1.688000000000020009e+02 -3.986606464950818918e+01
-1.684000000000010004e+02 -3.961730637835898960e+01
-1.680000000000030127e+02 -3.895560937667869439e+01
-1.676000000000009891e+02 -3.862724845865886891e+01
-1.671999999999999886e+02 -3.812973191598939593e+01
-1.668000000000020009e+02 -3.766206636595961754e+01
-1.664000000000010004e+02 -3.694564254465876729e+01
-1.660000000000030127e+02 -3.727846705384581583e+01
-1.656000000000009891e+02 -3.664164587938103068e+01
-1.651999999999999886e+02 -3.595009788525931071e+01
-1.648000000000020009e+02 -3.607945218633358309e+01
-1.644000000000010004e+02 -3.507944393576508446e+01
-1.640000000000030127e+02 -3.458441497594503744e+01
-1.636000000000009891e+02 -3.435306978361950314e+01
-1.631999999999999886e+02 -3.384809049296563899e+01
-1.628000000000020009e+02 -3.394510621878544043e+01
-1.624000000000010004e+02 -3.342520143176989222e+01
-1.620000000000030127e+02 -3.320131898765430378e+01
-1.616000000000009891e+02 -3.280579333632886119e+01
-1.611999999999999886e+02 -3.230330162836071395e+01
-1.608000000000020009e+02 -3.181076025117909012e+01
-1.604000000000010004e+02 -3.133065678762977768e+01
-1.600000000000030127e+02 -3.093959472724054649e+01
-1.596000000000009891e+02 -3.089979340382888040e+01
-1.591999999999999886e+02 -2.957142423519144359e+01
-1.588000000000020009e+02 -2.910873385060949659e+01
-1.584000000000010004e+02 -2.867091929319030896e+01
-1.580000000000030127e+02 -2.857639115016900178e+01
-1.576000000000009891e+02 -2.824803023214008135e+01
-1.571999999999999886e+02 -2.724802198153884092e+01
-1.568000000000020009e+02 -2.701916437197905907e+01
-1.564000000000010004e+02 -2.710871734969077806e+01
-1.560000000000030127e+02 -2.611865942995973455e+01
-1.556000000000009891e+02 -2.560621739108864858e+01
-1.551999999999999886e+02 -2.562611805285087030e+01
-1.548000000000020009e+02 -2.491466939692145388e+01
-1.544000000000010004e+02 -2.495944588578095136e+01
-1.540000000000030127e+02 -2.414351875601096253e+01
-1.536000000000009891e+02 -2.368082837142901553e+01
-1.531999999999999886e+02 -2.445000592333235545e+01
-1.528000000000020009e+02 -2.420622281766736705e+01
-1.524000000000010004e+02 -2.344004734210102470e+01
-1.520000000000030127e+02 -2.320621456708613550e+01
-1.516000000000009891e+02 -2.244003909147977538e+01
-1.511999999999999886e+02 -2.143256809275226260e+01
-1.508000000000020009e+02 -2.125346213746524882e+01
-1.504000000000010004e+02 -2.036788269167118415e+01
-1.500000000000030127e+02 -2.021862772893109650e+01
-1.496000000000009891e+02 -1.978578833690153260e+01
-1.491999999999999886e+02 -1.913155408344573516e+01
-1.488000000000020009e+02 -1.818627265254508529e+01
-1.484000000000010004e+02 -1.789025030973789399e+01
-1.480000000000030127e+02 -1.737532068810105557e+01
-1.476000000000009891e+02 -1.717133890580225852e+01
-1.471999999999999886e+02 -1.578626982829337067e+01
-1.468000000000020009e+02 -1.515442381939101324e+01
-1.464000000000010004e+02 -1.453750330659204337e+01
-1.460000000000030127e+02 -1.369670034959381155e+01
-1.456000000000009891e+02 -1.332853810809137940e+01
-1.451999999999999886e+02 -1.302505301709061314e+01
-1.448000000000020009e+02 -1.252256130919158750e+01
-1.444000000000010004e+02 -1.196036761609320820e+01
-1.440000000000030127e+02 -1.124394379469049454e+01
-1.436000000000009891e+02 -1.104493717769400973e+01
-1.431999999999999886e+02 -1.067677493619157758e+01
-1.428000000000020009e+02 -1.031856302559208416e+01
-1.424000000000010004e+02 -9.238952128291202825e+00
-1.420000000000030127e+02 -8.303621028191628284e+00
-1.416000000000009891e+02 -7.905607794191382709e+00
-1.411999999999999886e+02 -7.418041582493970054e+00
-1.408000000000020009e+02 -7.572271710692803026e+00
-1.404000000000010004e+02 -6.788495194645292941e+00
-1.400000000000030127e+02 -6.266102824922199943e+00
-1.396000000000009891e+02 -5.766098699636131641e+00
-1.391999999999999886e+02 -5.325796559465743485e+00
-1.388000000000020009e+02 -4.706388464011979522e+00
-1.384000000000010004e+02 -4.664099557876397739e+00
-1.380000000000030127e+02 -4.283499402858069516e+00
-1.376000000000009891e+02 -3.477522603870966122e+00
-1.371999999999999886e+02 -3.069559038951410912e+00
-1.368000000000020009e+02 -2.666570639556084643e+00
-1.364000000000010004e+02 -2.345672469526107307e+00
-1.360000000000030127e+02 -1.375515211526362691e+00
-1.356000000000009891e+02 -1.295912564770333120e+00
-1.351999999999999886e+02 -7.436692025221418589e-01
-1.348000000000020009e+02 -2.212768327754019992e-01
-1.344000000000010004e+02 -5.618877030810836004e-01
-1.340000000000030127e+02 1.523148634987592231e-02
-1.336000000000009891e+02 6.421023299899388803e-01
-1.331999999999999886e+02 7.615063002085662447e-01
-1.328000000000020009e+02 1.612259587969674612e+00
-1.324000000000010004e+02 1.547582437429809943e+00
-1.320000000000030127e+02 2.000322491059705499e+00
-1.316000000000009891e+02 3.005305907139700139e+00
-1.311999999999999886e+02 2.905802598599620978e+00
-1.308000000000020009e+02 3.522723111369487015e+00
-1.304000000000010004e+02 3.418244637408861308e+00
-1.300000000000030127e+02 4.179444947518277331e+00
-1.296000000000009891e+02 4.572483016179830884e+00
-1.291999999999999886e+02 4.667011159199319081e+00
-1.288000000000020009e+02 5.244130348568432964e+00
-1.284000000000010004e+02 5.229204852319526253e+00
-1.280000000000030127e+02 5.756572387419510051e+00
-1.276000000000010033e+02 5.428209253210297902e+00
-1.272000000000000028e+02 5.671992359088108060e+00
-1.268000000000020009e+02 6.074980758525271085e+00
-1.264000000000010004e+02 6.572497301085604704e+00
-1.260000000000029985e+02 6.848618982190600946e+00
-1.256000000000010033e+02 7.453101581415467081e+00
-1.252000000000000028e+02 8.035195936232412350e+00
-1.248000000000020009e+02 7.943155375849528355e+00
-1.244000000000010004e+02 8.122261331100162352e+00
-1.240000000000029985e+02 8.515299399748982978e+00
-1.236000000000010033e+02 9.229235638360478333e+00
-1.232000000000000028e+02 9.579984800895545050e+00
-1.228000000000020009e+02 9.711826684668267262e+00
-1.224000000000010004e+02 1.015710399023919308e+01
-1.220000000000029985e+02 1.068198394266255491e+01
-1.216000000000010033e+02 1.191084758666875132e+01
-1.212000000000000028e+02 1.195064891006950347e+01
-1.208000000000020009e+02 1.228896015896134486e+01
-1.204000000000010004e+02 1.268697339299797022e+01
-1.200000000000029985e+02 1.302030947647108405e+01
-1.196000000000010033e+02 1.386111243341838417e+01
-1.192000000000000028e+02 1.434370347974800097e+01
-1.188000000000020009e+02 1.411484587017002923e+01
-1.184000000000010004e+02 1.456261075840120611e+01
-1.180000000000029985e+02 1.473176638289987750e+01
-1.176000000000010033e+02 1.564222165581850277e+01
-1.172000000000000028e+02 1.571187397172070632e+01
-1.168000000000020009e+02 1.634869514616912056e+01
-1.164000000000010004e+02 1.671188222228920495e+01
-1.160000000000029985e+02 1.703526797496124345e+01
-1.156000000000010033e+02 1.775666696158987179e+01
-1.152000000000000028e+02 1.806061817573390726e+01
-1.148000000000020009e+02 1.874719100451875420e+01
-1.144000000000010004e+02 1.912281599415837263e+01
-1.140000000000029985e+02 1.903077543375002278e+01
-1.136000000000010033e+02 1.955814296887911041e+01
-1.132000000000000028e+02 1.990391696595361282e+01
-1.128000000000020009e+02 2.038899559496530856e+01
-1.124000000000010004e+02 2.061039045632423949e+01
-1.120000000000029985e+02 2.086909905843822344e+01
-1.116000000000010033e+02 2.153577122546994360e+01
-1.112000000000000028e+02 2.179696741025873052e+01
-1.108000000000020009e+02 2.215269173819433490e+01
-1.104000000000010004e+02 2.238154934776503069e+01
-1.100000000000029985e+02 2.284921489775115333e+01
-1.096000000000010033e+02 2.308553525548450125e+01
-1.092000000000000028e+02 2.347111057589609118e+01
-1.088000000000020009e+02 2.415566194508937770e+01
-1.084000000000010004e+02 2.411088545620987134e+01
-1.080000000000029985e+02 2.494671324775845278e+01
-1.076000000000010033e+02 2.511089370675836108e+01
-1.072000000000000028e+02 2.490193675886985147e+01
-1.068000000000020009e+02 2.548900627910916228e+01
-1.064000000000010004e+02 2.561338541468830954e+01
-1.060000000000029985e+02 2.622533076205945690e+01
-1.056000000000010033e+02 2.649398969507819857e+01
-1.052000000000000028e+02 2.634970989767862193e+01
-1.048000000000020009e+02 2.668304598119902948e+01
-1.044000000000010004e+02 2.743429596045825747e+01
-1.040000000000029985e+02 2.792683733766898513e+01
-1.036000000000010033e+02 2.783728435994817119e+01
-1.032000000000000028e+02 2.838952772217817255e+01
-1.028000000000020009e+02 2.821539693220984191e+01
-1.024000000000010004e+02 2.851390685777914769e+01
-1.020000000000029985e+02 2.902171000364251086e+01
-1.016000000000010033e+02 2.933265784277136845e+01
-1.012000000000000028e+02 2.949683830177309574e+01
-1.008000000000020009e+02 3.010380848373279150e+01
-1.004000000000010004e+02 3.011624639723777364e+01
-1.000000000000029985e+02 3.038988049570434669e+01
-9.960000000000150067e+01 3.107396574172344117e+01
-9.920000000000000284e+01 3.098938792946682952e+01
-9.880000000000219984e+01 3.141476457333737926e+01
-9.840000000000070202e+01 3.165108493107254617e+01
-9.800000000000289901e+01 3.216352696992726123e+01
-9.760000000000150067e+01 3.251427613238229242e+01
-9.720000000000000284e+01 3.278293506540831004e+01
-9.680000000000219984e+01 3.300681750951298454e+01
-9.640000000000070202e+01 3.320333654380920052e+01
-9.600000000000289901e+01 3.300217861659621121e+01
-9.560000000000150067e+01 3.342009251235685952e+01
-9.520000000000000284e+01 3.374845343044762558e+01
-9.480000000000219984e+01 3.448477791342702403e+01
-9.440000000000070202e+01 3.447980274801739142e+01
-9.400000000000289901e+01 3.471363552304683253e+01
-9.360000000000150067e+01 3.495741862885734008e+01
-9.320000000000000284e+01 3.528577954691718332e+01
-9.280000000000219984e+01 3.575344509693604778e+01
-9.240000000000070202e+01 3.651464540709639550e+01
-9.200000000000289901e+01 3.641016693316669262e+01
-9.160000000000150067e+01 3.653454606878767663e+01
-9.120000000000000284e+01 3.699226128794725810e+01
-9.080000000000219984e+01 3.764898312420700677e+01
-9.040000000000070202e+01 3.737037386029624031e+01
-9.000000000000289901e+01 3.801714536566760216e+01
-8.960000000000150067e+01 3.806192185444706411e+01
-8.920000000000000284e+01 3.783373923650833603e+01
-8.880000000000219984e+01 3.823175247052313352e+01
-8.840000000000070202e+01 3.840090809496359725e+01
-8.800000000000289901e+01 3.898051486710210156e+01
-8.760000000000150067e+01 3.906509267931869545e+01
-8.720000000000000284e+01 3.929395028891121910e+01
-8.680000000000219984e+01 3.957255955270193226e+01
-8.640000000000070202e+01 4.003773752001325192e+01
-8.600000000000289901e+01 4.041585009242226079e+01
-8.560000000000150067e+01 4.040341217881905322e+01
-8.520000000000000284e+01 4.096809345464680518e+01
-8.480000000000219984e+01 4.102033269158710027e+01
-8.440000000000070202e+01 4.114471182724264509e+01
-8.400000000000289901e+01 4.195068862621155859e+01
-8.360000000000150067e+01 4.210243117169738980e+01
-8.320000000000000284e+01 4.278967899192866753e+01
-8.280000000000219984e+01 4.286928163877746556e+01
-8.240000000000070202e+01 4.263544886368799780e+01
-8.200000000000289901e+01 4.313794057173799956e+01
-8.160000000000150067e+01 4.344142566268783412e+01
-8.120000000000000284e+01 4.358570546002738411e+01
-8.080000000000219984e+01 4.394889253610745072e+01
-8.040000000000070202e+01 4.472999350799727836e+01
-8.000000000000289901e+01 4.511308124574861722e+01
-7.960000000000150067e+01 4.509318058401731832e+01
-7.920000000000000284e+01 4.575487758568851859e+01
-7.880000000000219984e+01 4.572005142771740793e+01
-7.840000000000070202e+01 4.643647524904736201e+01
-7.800000000000289901e+01 4.646135107614827575e+01
-7.760000000000150067e+01 4.687428980649747245e+01
-7.720000000000000284e+01 4.736683118364817346e+01
-7.680000000000219984e+01 4.750613581557809084e+01
-7.640000000000070202e+01 4.740944669527380029e+01
-7.600000000000289901e+01 4.792935148222204589e+01
-7.560000000000150067e+01 4.816069667453666625e+01
-7.520000000000000284e+01 4.875522894292771525e+01
-7.480000000000219984e+01 4.894677281178337580e+01
-7.440000000000070202e+01 4.920548141391918762e+01
-7.400000000000289901e+01 4.931742263601699960e+01
-7.360000000000150067e+01 4.961344497883874283e+01
-7.320000000000000284e+01 5.006120986715723120e+01
-7.280000000000219984e+01 4.987712874640783411e+01
-7.240000000000070202e+01 5.051146233815416053e+01
-7.200000000000289901e+01 5.115325867809406191e+01
-7.160000000000150067e+01 5.104380503870925168e+01
-7.120000000000000284e+01 5.158609807014727267e+01
-7.080000000000219984e+01 5.174779094646328303e+01
-7.040000000000070202e+01 5.237250081276761193e+01
-7.000000000000289901e+01 5.303917297985935875e+01
-6.960000000000150067e+01 5.361629216918845486e+01
-6.920000000000000284e+01 5.380037328993967094e+01
-6.880000000000219984e+01 5.360634183833644784e+01
-6.840000000000070202e+01 5.413370937342733669e+01
-6.800000000000289901e+01 5.449689644946738554e+01
-6.760000000000150067e+01 5.478048087878960359e+01
-6.720000000000000284e+01 5.532277391021671065e+01
-6.680000000000219984e+01 5.532774907556995458e+01
-6.640000000000070202e+01 5.570088648248747631e+01
-6.600000000000289901e+01 5.592476892663944454e+01
-6.560000000000150067e+01 5.595461991914817190e+01
-6.520000000000000284e+01 5.604417289683806302e+01
-6.480000000000219984e+01 5.677054704902730009e+01
-6.440000000000070202e+01 5.651183844678780588e+01
-6.400000000000289901e+01 5.691482684632683231e+01
-6.360000000000150067e+01 5.699009878531978757e+01
-6.320000000000000284e+01 5.760204413268911594e+01
-6.280000000000219984e+01 5.796523120877463953e+01
-6.240000000000070202e+01 5.805727176910841081e+01
-6.200000000000289901e+01 5.850006149202999950e+01
-6.160000000000150067e+01 5.885578581997287984e+01
-6.120000000000000284e+01 5.898016495561932970e+01
-6.080000000000219984e+01 5.953489590060235059e+01
-6.040000000000070202e+01 5.965927503621242067e+01
-6.000000000000289901e+01 5.997768562347300758e+01
-5.960000000000150067e+01 6.032594720325323578e+01
-5.920000000000000284e+01 6.037321127476934635e+01
-5.880000000000219984e+01 6.101252003196896112e+01
-5.840000000000070202e+01 6.109461026150893304e+01
-5.800000000000289901e+01 6.150506140907782537e+01
-5.760000000000150067e+01 6.178680271323901252e+01
-5.720000000000000284e+01 6.179177787859953241e+01
-5.680000000000219984e+01 6.197088383389927913e+01
-5.640000000000070202e+01 6.262263050470937742e+01
-5.600000000000289901e+01 6.261765533923789917e+01
-5.560000000000150067e+01 6.288631427220934711e+01
-5.520000000000000284e+01 6.282163712169858627e+01
-5.480000000000219984e+01 6.334402949137802352e+01
-5.440000000000070202e+01 6.354801127378959791e+01
-5.400000000000289901e+01 6.428931092229868227e+01
-5.360000000000150067e+01 6.450324303556953964e+01
-5.320000000000000284e+01 6.465249799828779942e+01
-5.280000000000219984e+01 6.477190196851915971e+01
-5.240000000000070202e+01 6.489130593869958830e+01
-5.200000000000289901e+01 6.492613209665796603e+01
-5.160000000000150067e+01 6.548335062437945453e+01
-5.120000000000000284e+01 6.564144834982289467e+01
-5.080000000000219984e+01 6.571607583114746376e+01
-5.040000000000070202e+01 6.608175048993325618e+01
-5.000000000000289901e+01 6.638274799817372696e+01
-4.960000000000150067e+01 6.645240031410867232e+01
-4.920000000000000284e+01 6.647727614125324180e+01
-4.880000000000219984e+01 6.669120825454410806e+01
-4.840000000000070202e+01 6.703698225161679147e+01
-4.800000000000289901e+01 6.696732993563819036e+01
-4.760000000000150067e+01 6.721360062422718329e+01
-4.720000000000000284e+01 6.743002032020376646e+01
-4.680000000000219984e+01 6.771857991491742723e+01
-4.640000000000070202e+01 6.776335640374782088e+01
-4.600000000000289901e+01 6.784295905050203146e+01
-4.560000000000150067e+01 6.773101782842786633e+01
-4.520000000000000284e+01 6.805937874657502107e+01
-4.480000000000219984e+01 6.896375128573527036e+01
-4.440000000000070202e+01 6.893390029316833534e+01
-4.400000000000289901e+01 6.914783240647557250e+01
-4.360000000000150067e+01 6.902842843619691848e+01
-4.320000000000000284e+01 6.956077113679748436e+01
-4.280000000000219984e+01 6.988913205488825042e+01
-4.240000000000070202e+01 6.997868503252720984e+01
-4.200000000000289901e+01 7.020754264209790563e+01
-4.160000000000150067e+01 7.012793999533641909e+01
-4.120000000000000284e+01 7.025729429634702683e+01
-4.080000000000219984e+01 7.056077938731868926e+01
-4.040000000000070202e+01 7.060555587613816897e+01
-4.000000000000289901e+01 7.071500951548841840e+01
-3.960000000000150067e+01 7.094386712507730408e+01
-3.920000000000000284e+01 7.092396646330780641e+01
-3.880000000000219984e+01 7.097371811762604921e+01
-3.840000000000070202e+01 7.105829592980626330e+01
-3.800000000000289901e+01 7.060241622401917994e+01
-3.760000000000150067e+01 7.070938228066734155e+01
-3.720000000000000284e+01 7.091336406312802865e+01
-3.680000000000219984e+01 7.080888558915285103e+01
-3.640000000000070202e+01 7.107256935670739040e+01
-3.600000000000289901e+01 7.101535495433745382e+01
-3.560000000000150067e+01 7.118202299610675254e+01
-3.520000000000000284e+01 7.123177465033040789e+01
-3.480000000000219984e+01 7.138102961310141836e+01
-3.440000000000070202e+01 7.137107928223667841e+01
-3.400000000000289901e+01 7.127903872182832856e+01
-3.360000000000150067e+01 7.128650146998734272e+01
-3.320000000000000284e+01 7.129893938355053251e+01
-3.280000000000219984e+01 7.118202299602307903e+01
-3.240000000000070202e+01 7.136610411675792420e+01
-3.200000000000289901e+01 7.180824177036811307e+01
-3.160000000000150067e+01 7.195749673312820960e+01
-3.119999999999999929e+01 7.222118050070821482e+01
-3.080000000000219984e+01 7.218635434272800921e+01
-3.040000000000069846e+01 7.197739739485768951e+01
-3.000000000000289901e+01 7.187789408632670529e+01
-2.960000000000150067e+01 7.211670202678760688e+01
-2.919999999999999929e+01 7.221123016985802678e+01
-2.880000000000219984e+01 7.201222355282698118e+01
-2.840000000000069846e+01 7.224108116242678079e+01
-2.800000000000289901e+01 7.202714904909771576e+01
-2.760000000000150067e+01 7.187789408637763700e+01
-2.719999999999999929e+01 7.190774507892820111e+01
-2.680000000000219984e+01 7.222118050070821482e+01
-2.640000000000069846e+01 7.210177653054779512e+01
-2.600000000000289901e+01 7.185301825927672326e+01
-2.560000000000150067e+01 7.191272024433783372e+01
-2.519999999999999929e+01 7.188120923132919415e+01
-2.480000000000219984e+01 7.194588638184359297e+01
-2.440000000000069846e+01 7.191354780659821699e+01
-2.400000000000289901e+01 7.186877131776236638e+01
-2.360000000000150067e+01 7.174936734754373902e+01
-2.319999999999999929e+01 7.179414383643415931e+01
-2.280000000000219984e+01 7.159513721939765674e+01
-2.240000000000069846e+01 7.160259996759850765e+01
-2.200000000000289901e+01 7.124190047419870098e+01
-2.160000000000150067e+01 7.118717365452357626e+01
-2.119999999999999929e+01 7.112995925218456250e+01
-2.080000000000219984e+01 7.088866372899974522e+01
-2.040000000000069846e+01 7.063990545772867335e+01
-2.000000000000289901e+01 7.042099817900816561e+01
-1.960000000000150067e+01 7.018467782132393040e+01
-1.919999999999999929e+01 6.930738868594016822e+01
-1.880000000000219984e+01 6.882479763959963748e+01
-1.840000000000069846e+01 6.828747977358943899e+01
-1.800000000000289901e+01 6.851633738320924749e+01
-1.760000000000150067e+01 6.799394501346978359e+01
-1.719999999999999929e+01 6.767055926085959072e+01
-1.680000000000219984e+01 6.724269503420873662e+01
-1.640000000000069846e+01 6.691433411616890226e+01
-1.600000000000289901e+01 6.652627121299883584e+01
-1.560000000000150067e+01 6.638696658100889181e+01
-1.519999999999999929e+01 6.619293512950025615e+01
-1.480000000000219984e+01 6.562079110555896477e+01
-1.440000000000070024e+01 6.498396993112874043e+01
-1.400000000000290079e+01 6.483969013380010438e+01
-1.360000000000150067e+01 6.470536066734894121e+01
-1.319999999999999929e+01 6.390435903380966920e+01
-1.280000000000219984e+01 6.342674315302974719e+01
-1.240000000000070024e+01 6.227581279608966724e+01
-1.200000000000290079e+01 6.199720353224438441e+01
-1.160000000000150067e+01 6.145491050070813799e+01
-1.119999999999999929e+01 6.113401233072545438e+01
-1.080000000000219984e+01 6.083550240515796759e+01
-1.040000000000070024e+01 6.014644199356371246e+01
-1.000000000000290079e+01 5.915638407387450570e+01
-9.600000000001449152e+00 5.831060595145572734e+01
-9.199999999999999289e+00 5.774094951022016176e+01
-8.800000000002180300e+00 5.723348263669504377e+01
-8.400000000000730438e+00 5.636780385257407033e+01
-8.000000000002909673e+00 5.586531214437309245e+01
-7.600000000001459810e+00 5.461405803974957962e+01
-7.200000000000000178e+00 5.386032047769003839e+01
-6.800000000002180300e+00 5.241752250412355352e+01
-6.400000000000730438e+00 5.186609957939981541e+01
-6.000000000002909673e+00 5.141833469059929485e+01
-5.600000000001459810e+00 4.960239931009891734e+01
-5.200000000000000178e+00 4.783621558320010081e+01
-4.800000000002180300e+00 4.647302025600038178e+01
-4.400000000000730438e+00 4.435359978439919360e+01
-4.000000000002909673e+00 4.363220079689926933e+01
-3.600000000001459810e+00 4.289587631369977316e+01
-3.200000000000000178e+00 4.158243264100019587e+01
-2.800000000002179856e+00 3.917445257399958791e+01
-2.400000000000729994e+00 3.751274732139972912e+01
-2.000000000002910117e+00 3.528884837549958320e+01
-1.600000000001460032e+00 3.377639808579988312e+01
-1.199999999999999956e+00 3.188086005799959821e+01
-8.000000000021829649e-01 5.810993225399215589e+00
-4.000000000007279954e-01 1.731357575499714585e+00
-2.910387209009709878e-12 0.000000000000000000e+00
