-2.128000000000020009e+02 -4.595317159148300246e-02
-2.124000000000010004e+02 -4.595593466460352189e-02
-2.120000000000030127e+02 2.340258240558024116e-02
-2.116000000000009891e+02 2.350535171596709536e-02
-2.111999999999999886e+02 2.425157361839264114e-02
-2.108000000000020009e+02 2.335331183416709117e-02
-2.104000000000010004e+02 2.591032655973714294e-02
-2.100000000000030127e+02 3.464925916500799508e-02
-2.096000000000009891e+02 2.745622334732003914e-02
-2.091999999999999886e+02 2.745784620466849499e-02
-2.088000000000020009e+02 2.989802736232883770e-02
-2.084000000000010004e+02 2.988567163478184074e-02
-2.080000000000030127e+02 2.987357153218869049e-02
-2.076000000000009891e+02 2.946863579807099121e-02
-2.071999999999999886e+02 3.161858622149221754e-02
-2.068000000000020009e+02 3.146651754607201340e-02
-2.064000000000010004e+02 3.073910384067721213e-02
-2.060000000000030127e+02 3.073413470076151455e-02
-2.056000000000009891e+02 3.096735919134257012e-02
-2.051999999999999886e+02 3.083286148841726804e-02
-2.048000000000020009e+02 3.088154165554281641e-02
-2.044000000000010004e+02 3.080888480089406800e-02
-2.040000000000030127e+02 3.080118730309406791e-02
-2.036000000000009891e+02 3.074446314654086937e-02
-2.031999999999999886e+02 3.047458415693336808e-02
-2.028000000000020009e+02 3.047207313534571957e-02
-2.024000000000010004e+02 3.047398009156561741e-02
-2.020000000000030127e+02 3.045038042943671794e-02
-2.016000000000009891e+02 3.044653540194701760e-02
-2.011999999999999886e+02 3.044107759017851758e-02
-2.008000000000020009e+02 3.042783884249841697e-02
-2.004000000000010004e+02 3.042442511260296661e-02
-2.000000000000030127e+02 3.042096278846691954e-02
-1.996000000000009891e+02 3.042027399981496807e-02
-1.991999999999999886e+02 3.041340788568136499e-02
-1.988000000000020009e+02 3.041333096804081648e-02
-1.984000000000010004e+02 3.039405559507236954e-02
-1.980000000000030127e+02 3.039519677223077171e-02
-1.976000000000009891e+02 3.039369934884791902e-02
-1.971999999999999886e+02 3.039316111709626858e-02
-1.968000000000020009e+02 3.025092133269582234e-02
-1.964000000000010004e+02 3.025480697532442059e-02
-1.960000000000030127e+02 3.025174079084792106e-02
-1.956000000000009891e+02 3.024802338134982213e-02
-1.951999999999999886e+02 3.024727628153342160e-02
-1.948000000000020009e+02 3.024784429446892089e-02
-1.944000000000010004e+02 3.024701217360802052e-02
-1.940000000000030127e+02 3.024447782289911915e-02
-1.936000000000009891e+02 3.024208999782012144e-02
-1.931999999999999886e+02 3.024047640693331915e-02
-1.928000000000020009e+02 3.026809514849292115e-02
-1.924000000000010004e+02 3.026750553496362212e-02
-1.920000000000030127e+02 3.026054323483207131e-02
-1.916000000000009891e+02 3.025787237953677170e-02
-1.911999999999999886e+02 3.025819238008037315e-02
-1.908000000000020009e+02 3.025627968970501930e-02
-1.904000000000010004e+02 3.025664546085047452e-02
-1.900000000000030127e+02 3.025514648845761823e-02
-1.896000000000009891e+02 3.025339584565657144e-02
-1.891999999999999886e+02 3.025383534738786823e-02
-1.888000000000020009e+02 3.025222933992657154e-02
-1.884000000000010004e+02 3.025138316563026966e-02
-1.880000000000030127e+02 3.025135858739642220e-02
-1.876000000000009891e+02 3.024963750327332168e-02
-1.871999999999999886e+02 3.025034527280702490e-02
-1.868000000000020009e+02 3.025009086350562149e-02
-1.864000000000010004e+02 3.024879346648456924e-02
-1.860000000000030127e+02 3.024939171218127276e-02
-1.856000000000009891e+02 3.024895836357167217e-02
-1.851999999999999886e+02 3.024841163607272163e-02
-1.848000000000020009e+02 3.026493065042592384e-02
-1.844000000000010004e+02 3.026466601627312430e-02
-1.840000000000030127e+02 3.026364312985872079e-02
-1.836000000000009891e+02 3.026363558847101898e-02
-1.831999999999999886e+02 3.026426700830182198e-02
-1.828000000000020009e+02 3.026391324865722321e-02
-1.824000000000010004e+02 3.026332022134592403e-02
-1.820000000000030127e+02 3.026267783222372221e-02
-1.816000000000009891e+02 3.026356771598102263e-02
-1.811999999999999886e+02 3.026379464319492452e-02
-1.808000000000020009e+02 3.026251740633842391e-02
-1.804000000000010004e+02 3.026278066932971966e-02
-1.800000000000030127e+02 3.026212251185132068e-02
-1.796000000000009891e+02 3.026171390575012332e-02
-1.791999999999999886e+02 3.026911798598987124e-02
-1.788000000000020009e+02 3.027077031806287011e-02
-1.784000000000010004e+02 3.026928097684082261e-02
-1.780000000000030127e+02 3.027155877115932092e-02
-1.776000000000009891e+02 3.027387858689157066e-02
-1.771999999999999886e+02 3.027375407712152092e-02
-1.768000000000020009e+02 3.027383624634037013e-02
-1.764000000000010004e+02 3.027493929234167241e-02
-1.760000000000030127e+02 3.027622466143801983e-02
-1.756000000000009891e+02 3.027902545329156855e-02
-1.751999999999999886e+02 3.027481140792607009e-02
-1.748000000000020009e+02 3.027475357094826930e-02
-1.744000000000010004e+02 3.027638178353862092e-02
-1.740000000000030127e+02 3.027931588534081911e-02
-1.736000000000009891e+02 3.027730190366867066e-02
-1.731999999999999886e+02 3.027943362203012329e-02
-1.728000000000020009e+02 3.027815418081616916e-02
-1.724000000000010004e+02 3.028071598282632004e-02
-1.720000000000030127e+02 3.029601987266551666e-02
-1.716000000000009891e+02 3.029944769302291702e-02
-1.711999999999999886e+02 3.029713937853652228e-02
-1.708000000000020009e+02 3.030606877060292026e-02
-1.704000000000010004e+02 3.030498125061392017e-02
-1.700000000000030127e+02 3.030586619335001730e-02
-1.696000000000009891e+02 3.031032289291271664e-02
-1.691999999999999886e+02 3.030873426077192179e-02
-1.688000000000020009e+02 3.030917673214002239e-02
-1.684000000000010004e+02 3.031394262856231675e-02
-1.680000000000030127e+02 3.031119184270782141e-02
-1.676000000000009891e+02 3.031141574388201976e-02
-1.671999999999999886e+02 3.031028024507002178e-02
-1.668000000000020009e+02 3.031681602696451733e-02
-1.664000000000010004e+02 3.031443840973371828e-02
-1.660000000000030127e+02 3.030947998457331899e-02
-1.656000000000009891e+02 3.030994596931626747e-02
-1.651999999999999886e+02 3.031060960898811912e-02
-1.648000000000020009e+02 3.031311342029491956e-02
-1.644000000000010004e+02 3.031129837235137237e-02
-1.640000000000030127e+02 3.031044845829896847e-02
-1.636000000000009891e+02 3.031467321159827047e-02
-1.631999999999999886e+02 3.031299087160957070e-02
-1.628000000000020009e+02 3.031632531281192033e-02
-1.624000000000010004e+02 3.031350496876332110e-02
-1.620000000000030127e+02 3.031705145338216972e-02
-1.616000000000009891e+02 3.031407893032507170e-02
-1.611999999999999886e+02 3.031903401737731998e-02
-1.608000000000020009e+02 3.031905738223571872e-02
-1.604000000000010004e+02 3.031882169537442051e-02
-1.600000000000030127e+02 3.030833957016931812e-02
-1.596000000000009891e+02 3.030470444971541943e-02
-1.591999999999999886e+02 3.030475713262061749e-02
-1.588000000000020009e+02 3.030408279143492062e-02
-1.584000000000010004e+02 3.030448844980442036e-02
-1.580000000000030127e+02 3.030848181401322311e-02
-1.576000000000009891e+02 3.030590035166191853e-02
-1.571999999999999886e+02 3.030975147202682324e-02
-1.568000000000020009e+02 3.030759674120701852e-02
-1.564000000000010004e+02 3.030596883943852127e-02
-1.560000000000030127e+02 3.030440942544671695e-02
-1.556000000000009891e+02 3.030485723014032101e-02
-1.551999999999999886e+02 3.030734386326242036e-02
-1.548000000000020009e+02 3.030702776583162061e-02
-1.544000000000010004e+02 3.030380357203771996e-02
-1.540000000000030127e+02 3.030675908301552063e-02
-1.536000000000009891e+02 3.030254971889571880e-02
-1.531999999999999886e+02 3.030978212164881988e-02
-1.528000000000020009e+02 3.031016396085847026e-02
-1.524000000000010004e+02 3.030770417414582057e-02
-1.520000000000030127e+02 3.030903770792191948e-02
-1.516000000000009891e+02 3.030955259300846874e-02
-1.511999999999999886e+02 3.030995601794381905e-02
-1.508000000000020009e+02 3.030850894370981999e-02
-1.504000000000010004e+02 3.030959065652871764e-02
-1.500000000000030127e+02 3.031051184865441936e-02
-1.496000000000009891e+02 3.030857380550737099e-02
-1.491999999999999886e+02 3.030751220768487103e-02
-1.488000000000020009e+02 3.030965588755201931e-02
-1.484000000000010004e+02 3.030988287326207009e-02
-1.480000000000030127e+02 3.030940344941067052e-02
-1.476000000000009891e+02 3.031056667521181761e-02
-1.471999999999999886e+02 3.030817646497602214e-02
-1.468000000000020009e+02 3.030454085945311765e-02
-1.464000000000010004e+02 3.030824398336431913e-02
-1.460000000000030127e+02 3.030855041297261798e-02
-1.456000000000009891e+02 3.030736624431661780e-02
-1.451999999999999886e+02 3.030619246310491816e-02
-1.448000000000020009e+02 3.030790119770072205e-02
-1.444000000000010004e+02 3.030757399320362089e-02
-1.440000000000030127e+02 3.030564192855431799e-02
-1.436000000000009891e+02 3.030711175193002288e-02
-1.431999999999999886e+02 3.030713772054091648e-02
-1.428000000000020009e+02 3.030500829444891797e-02
-1.424000000000010004e+02 3.030614571960531939e-02
-1.420000000000030127e+02 3.030539782361212076e-02
-1.416000000000009891e+02 3.030214655353011960e-02
-1.411999999999999886e+02 3.030275421902472316e-02
-1.408000000000020009e+02 3.030365792668322095e-02
-1.404000000000010004e+02 3.030518052726492023e-02
-1.400000000000030127e+02 3.030521202863317026e-02
-1.396000000000009891e+02 3.030648824414447148e-02
-1.391999999999999886e+02 3.030463318423292154e-02
-1.388000000000020009e+02 3.030344183100897038e-02
-1.384000000000010004e+02 3.030515052703286819e-02
-1.380000000000030127e+02 3.030565549124756772e-02
-1.376000000000009891e+02 3.030266472436632039e-02
-1.371999999999999886e+02 3.030223117084446943e-02
-1.368000000000020009e+02 3.030113406071916968e-02
-1.364000000000010004e+02 3.030362409502066964e-02
-1.360000000000030127e+02 3.030269833915522071e-02
-1.356000000000009891e+02 3.030308229072006809e-02
-1.351999999999999886e+02 3.030039843179882161e-02
-1.348000000000020009e+02 3.030298277587022138e-02
-1.344000000000010004e+02 3.030333921811242254e-02
-1.340000000000030127e+02 3.030465155079822143e-02
-1.336000000000009891e+02 3.030200063877291905e-02
-1.331999999999999886e+02 3.030104526057771780e-02
-1.328000000000020009e+02 3.030399538445532198e-02
-1.324000000000010004e+02 3.030354394201142249e-02
-1.320000000000030127e+02 3.030161218829791753e-02
-1.316000000000009891e+02 3.030330772212801865e-02
-1.311999999999999886e+02 3.030384315386382144e-02
-1.308000000000020009e+02 3.030553343836311919e-02
-1.304000000000010004e+02 3.030404787776282138e-02
-1.300000000000030127e+02 3.030376966323342081e-02
-1.296000000000009891e+02 3.030597963147622226e-02
-1.291999999999999886e+02 3.030453606552192120e-02
-1.288000000000020009e+02 3.030489826934312098e-02
-1.284000000000010004e+02 3.030513448922662195e-02
-1.280000000000030127e+02 3.030429984563842022e-02
-1.276000000000010033e+02 3.031152095783156905e-02
-1.272000000000000028e+02 3.031405357960952063e-02
-1.268000000000020009e+02 3.031232736572317052e-02
-1.264000000000010004e+02 3.031223538587402011e-02
-1.260000000000029985e+02 3.031066788126591735e-02
-1.256000000000010033e+02 3.031023143827307059e-02
-1.252000000000000028e+02 3.031057809626287042e-02
-1.248000000000020009e+02 3.030945837677426896e-02
-1.244000000000010004e+02 3.031040316342331967e-02
-1.240000000000029985e+02 3.031155268307776998e-02
-1.236000000000010033e+02 3.031054274421776662e-02
-1.232000000000000028e+02 3.030997628638466834e-02
-1.228000000000020009e+02 3.030867992388582011e-02
-1.224000000000010004e+02 3.030905571363601975e-02
-1.220000000000029985e+02 3.031014722292591987e-02
-1.216000000000010033e+02 3.030613252833611743e-02
-1.212000000000000028e+02 3.030449062792731768e-02
-1.208000000000020009e+02 3.030593319218422010e-02
-1.204000000000010004e+02 3.030784786837972117e-02
-1.200000000000029985e+02 3.030663086871571849e-02
-1.196000000000010033e+02 3.030321592569301670e-02
-1.192000000000000028e+02 3.030575483878521909e-02
-1.188000000000020009e+02 3.030738624781752211e-02
-1.184000000000010004e+02 3.030426506333441794e-02
-1.180000000000029985e+02 3.030656267476902060e-02
-1.176000000000010033e+02 3.030532469235221876e-02
-1.172000000000000028e+02 3.030533518372861834e-02
-1.168000000000020009e+02 3.030369852900811900e-02
-1.164000000000010004e+02 3.030063504709522293e-02
-1.160000000000029985e+02 3.030306380073501810e-02
-1.156000000000010033e+02 3.030122256417441817e-02
-1.152000000000000028e+02 3.028875376062557107e-02
-1.148000000000020009e+02 3.028948227613071850e-02
-1.144000000000010004e+02 3.028834748880356725e-02
-1.140000000000029985e+02 3.029000688231867078e-02
-1.136000000000010033e+02 3.028976667912007190e-02
-1.132000000000000028e+02 3.029116842116511693e-02
-1.128000000000020009e+02 3.029033450618972070e-02
-1.124000000000010004e+02 3.029009543880752109e-02
-1.120000000000029985e+02 3.029226859592287074e-02
-1.116000000000010033e+02 3.029200295636576973e-02
-1.112000000000000028e+02 3.029271724424651910e-02
-1.108000000000020009e+02 3.029467791362712090e-02
-1.104000000000010004e+02 3.029442431224902213e-02
-1.100000000000029985e+02 3.029555215763581749e-02
-1.096000000000010033e+02 3.029742646744542148e-02
-1.092000000000000028e+02 3.029698113691596875e-02
-1.088000000000020009e+02 3.029611437596402279e-02
-1.084000000000010004e+02 3.029619283711282307e-02
-1.080000000000029985e+02 3.029768359894022267e-02
-1.076000000000010033e+02 3.029861467123941970e-02
-1.072000000000000028e+02 3.029943589793031994e-02
-1.068000000000020009e+02 3.030231803746331887e-02
-1.064000000000010004e+02 3.030166419455661980e-02
-1.060000000000029985e+02 3.030540417598322211e-02
-1.056000000000010033e+02 3.030843277632742222e-02
-1.052000000000000028e+02 3.031010138342542237e-02
-1.048000000000020009e+02 3.030889308173372043e-02
-1.044000000000010004e+02 3.031190598984812024e-02
-1.040000000000029985e+02 3.031288413883662103e-02
-1.036000000000010033e+02 3.031250229457901901e-02
-1.032000000000000028e+02 3.031443766958311775e-02
-1.028000000000020009e+02 3.031707919492641901e-02
-1.024000000000010004e+02 3.032156194189512127e-02
-1.020000000000029985e+02 3.030955842378651663e-02
-1.016000000000010033e+02 3.030965900992886944e-02
-1.012000000000000028e+02 3.031126322163237019e-02
-1.008000000000020009e+02 3.031196426461621810e-02
-1.004000000000010004e+02 3.031451922649692002e-02
-1.000000000000029985e+02 3.031311706021597163e-02
-9.960000000000150067e+01 3.031359887367687106e-02
-9.920000000000000284e+01 3.031566270475161834e-02
-9.880000000000219984e+01 3.031364014396471795e-02
-9.840000000000070202e+01 3.031444636446106733e-02
-9.800000000000289901e+01 3.031613627770632022e-02
-9.760000000000150067e+01 3.031664042928512021e-02
-9.720000000000000284e+01 3.031804287778661761e-02
-9.680000000000219984e+01 3.031838754419401843e-02
-9.640000000000070202e+01 3.031860860389351889e-02
-9.600000000000289901e+01 3.030410623705721840e-02
-9.560000000000150067e+01 3.030349165658231814e-02
-9.520000000000000284e+01 3.030264270219752004e-02
-9.480000000000219984e+01 3.030264270219752004e-02
-9.440000000000070202e+01 3.030499685791492037e-02
-9.400000000000289901e+01 3.030413748691192233e-02
-9.360000000000150067e+01 3.030221562085062131e-02
-9.320000000000000284e+01 3.030199687186801993e-02
-9.280000000000219984e+01 3.030265832712492058e-02
-9.240000000000070202e+01 3.030146562433881641e-02
-9.200000000000289901e+01 3.030521560689752175e-02
-9.160000000000150067e+01 3.030719997266811960e-02
-9.120000000000000284e+01 3.030586664553622245e-02
-9.080000000000219984e+01 3.030559060515342074e-02
-9.040000000000070202e+01 3.030658539219321934e-02
-9.000000000000289901e+01 3.030830413419931951e-02
-8.960000000000150067e+01 3.030880934018292255e-02
-8.920000000000000284e+01 3.031428746493136997e-02
-8.880000000000219984e+01 3.031327965748136996e-02
-8.840000000000070202e+01 3.031366507339047084e-02
-8.800000000000289901e+01 3.031279528150832014e-02
-8.760000000000150067e+01 3.031251403244621806e-02
-8.720000000000000284e+01 3.031289424083946984e-02
-8.680000000000219984e+01 3.031223538878527121e-02
-8.640000000000070202e+01 3.031266246955046859e-02
-8.600000000000289901e+01 3.031282652911167219e-02
-8.560000000000150067e+01 3.031530308578941901e-02
-8.520000000000000284e+01 3.031539162672696949e-02
-8.480000000000219984e+01 3.031408173310286974e-02
-8.440000000000070202e+01 3.031417548056657141e-02
-8.400000000000289901e+01 3.031279006745007248e-02
-8.360000000000150067e+01 3.031315204574907066e-02
-8.320000000000000284e+01 3.030953124380122293e-02
-8.280000000000219984e+01 3.030807812134422158e-02
-8.240000000000070202e+01 3.030918228607851900e-02
-8.200000000000289901e+01 3.030940624401991940e-02
-8.160000000000150067e+01 3.030928124423871994e-02
-8.120000000000000284e+01 3.030721353952382097e-02
-8.080000000000219984e+01 3.030834895420352060e-02
-8.040000000000070202e+01 3.030637499932462009e-02
-8.000000000000289901e+01 3.030526041794182057e-02
-7.960000000000150067e+01 3.030498437675822193e-02
-7.920000000000000284e+01 3.030456771082071926e-02
-7.880000000000219984e+01 3.030547916755901849e-02
-7.840000000000070202e+01 3.030240625626991896e-02
-7.800000000000289901e+01 3.030291146371912048e-02
-7.760000000000150067e+01 3.030305208847301757e-02
-7.720000000000000284e+01 3.030280208891052152e-02
-7.680000000000219984e+01 3.030277604728952301e-02
-7.640000000000070202e+01 3.029811649122512301e-02
-7.600000000000289901e+01 3.029804097017187170e-02
-7.560000000000150067e+01 3.029855138753797042e-02
-7.520000000000000284e+01 3.029870763719657092e-02
-7.480000000000219984e+01 3.029912951218906997e-02
-7.440000000000070202e+01 3.029702795273066934e-02
-7.400000000000289901e+01 3.029962690775406947e-02
-7.360000000000150067e+01 3.029856440879766938e-02
-7.320000000000000284e+01 3.029947586709946794e-02
-7.280000000000219984e+01 3.029988992870982084e-02
-7.240000000000070202e+01 3.029748368182821894e-02
-7.200000000000289901e+01 3.029893680466396941e-02
-7.160000000000150067e+01 3.029932222162972158e-02
-7.120000000000000284e+01 3.029967378389566979e-02
-7.080000000000219984e+01 3.029784045330937217e-02
-7.040000000000070202e+01 3.030034755235572197e-02
-7.000000000000289901e+01 3.030279025869161980e-02
-6.960000000000150067e+01 3.030246213395992178e-02
-6.920000000000000284e+01 3.030075380202351676e-02
-6.880000000000219984e+01 3.030386317448092309e-02
-6.840000000000070202e+01 3.030300900851271712e-02
-6.800000000000289901e+01 3.030468088214562095e-02
-6.760000000000150067e+01 3.030394650774612120e-02
-6.720000000000000284e+01 3.030457671556412158e-02
-6.680000000000219984e+01 3.030376942455761946e-02
-6.640000000000070202e+01 3.030493088194122220e-02
-6.600000000000289901e+01 3.030587879783271793e-02
-6.560000000000150067e+01 3.030739442159342129e-02
-6.520000000000000284e+01 3.030752462982032325e-02
-6.480000000000219984e+01 3.030716525511412129e-02
-6.440000000000070202e+01 3.030852462900261723e-02
-6.400000000000289901e+01 3.030685275536972034e-02
-6.360000000000150067e+01 3.030677311117972034e-02
-6.320000000000000284e+01 3.030625488238531881e-02
-6.280000000000219984e+01 3.030596061176221712e-02
-6.240000000000070202e+01 3.030626269491176750e-02
-6.200000000000289901e+01 3.030602311165607118e-02
-6.160000000000150067e+01 3.030659342369022152e-02
-6.120000000000000284e+01 3.030614290322477047e-02
-6.080000000000219984e+01 3.030706477746687028e-02
-6.040000000000070202e+01 3.030878613032522012e-02
-6.000000000000289901e+01 3.030987206696791891e-02
-5.960000000000150067e+01 3.030903352596307082e-02
-5.920000000000000284e+01 3.030976529626421695e-02
-5.880000000000219984e+01 3.030923665076252008e-02
-5.840000000000070202e+01 3.031092675362121944e-02
-5.800000000000289901e+01 3.031136425336277210e-02
-5.760000000000150067e+01 3.030393826101141636e-02
-5.720000000000000284e+01 3.030288097009922049e-02
-5.680000000000219984e+01 3.030402159428532277e-02
-5.640000000000070202e+01 3.030337576141282213e-02
-5.600000000000289901e+01 3.030451638559891747e-02
-5.560000000000150067e+01 3.030477159375011970e-02
-5.520000000000000284e+01 3.030631846764642034e-02
-5.480000000000219984e+01 3.030432367740312077e-02
-5.440000000000070202e+01 3.030458930221351793e-02
-5.400000000000289901e+01 3.030537055165612170e-02
-5.360000000000150067e+01 3.030649034252372309e-02
-5.320000000000000284e+01 3.030602680118781728e-02
-5.280000000000219984e+01 3.030655284247912168e-02
-5.240000000000070202e+01 3.030685492559691968e-02
-5.200000000000289901e+01 3.030860492434821890e-02
-5.160000000000150067e+01 3.030820909129731955e-02
-5.120000000000000284e+01 3.029988870724436775e-02
-5.080000000000219984e+01 3.030003193561591965e-02
-5.040000000000070202e+01 3.029914391408961710e-02
-5.000000000000289901e+01 3.030069860323496983e-02
-4.960000000000150067e+01 3.029945381227907089e-02
-4.920000000000000284e+01 3.030127152213767106e-02
-4.880000000000219984e+01 3.030100329093162251e-02
-4.840000000000070202e+01 3.030304756658461912e-02
-4.800000000000289901e+01 3.030415694312521904e-02
-4.760000000000150067e+01 3.030396683730281898e-02
-4.720000000000000284e+01 3.030437048423391747e-02
-4.680000000000219984e+01 3.030499548485266967e-02
-4.640000000000070202e+01 3.030506059033331867e-02
-4.600000000000289901e+01 3.030627413245227247e-02
-4.560000000000150067e+01 3.030599808982491900e-02
-4.520000000000000284e+01 3.030793559048736846e-02
-4.480000000000219984e+01 3.030168293180621891e-02
-4.440000000000070202e+01 3.030202668267632099e-02
-4.400000000000289901e+01 3.030237043354652021e-02
-4.360000000000150067e+01 3.030177147369701729e-02
-4.320000000000000284e+01 3.030320376898922030e-02
-4.280000000000219984e+01 3.030364127009661790e-02
-4.240000000000070202e+01 3.030302668520761661e-02
-4.200000000000289901e+01 3.030550064980321728e-02
-4.160000000000150067e+01 3.030428710506472001e-02
-4.120000000000000284e+01 3.030515169058652092e-02
-4.080000000000219984e+01 3.030733919612361993e-02
-4.040000000000070202e+01 3.030680794477891987e-02
-4.000000000000289901e+01 3.030907357551382297e-02
-3.960000000000150067e+01 3.030755794667742281e-02
-3.920000000000000284e+01 3.030767253030072078e-02
-3.880000000000219984e+01 3.030994336938212103e-02
-3.840000000000070202e+01 3.031117774750662075e-02
-3.800000000000289901e+01 3.031274355710952134e-02
-3.760000000000150067e+01 3.031317064151177118e-02
-3.720000000000000284e+01 3.031409251926042020e-02
-3.680000000000219984e+01 3.031348835160591754e-02
-3.640000000000070202e+01 3.031505606374967215e-02
-3.600000000000289901e+01 3.031368887346877136e-02
-3.560000000000150067e+01 3.031504564766117002e-02
-3.520000000000000284e+01 3.031416022882616954e-02
-3.480000000000219984e+01 3.031503523107011849e-02
-3.440000000000070202e+01 3.031435554236436986e-02
-3.400000000000289901e+01 3.031491283523526925e-02
-3.360000000000150067e+01 3.031542064911057002e-02
-3.320000000000000284e+01 3.031478262746097052e-02
-3.280000000000219984e+01 3.031537898300367198e-02
-3.240000000000070202e+01 3.031515502482207136e-02
-3.200000000000289901e+01 3.030828852364032128e-02
-3.160000000000150067e+01 3.030629893712571965e-02
-3.119999999999999929e+01 3.030624685370911925e-02
-3.080000000000219984e+01 3.030740831389951845e-02
-3.040000000000069846e+01 3.030891873298131867e-02
-3.000000000000289901e+01 3.030665831270031724e-02
-2.960000000000150067e+01 3.030826248193201761e-02
-2.919999999999999929e+01 3.030581976969291824e-02
-2.880000000000219984e+01 3.030539789401832246e-02
-2.840000000000069846e+01 3.030538226899331944e-02
-2.800000000000289901e+01 3.030452289261922200e-02
-2.760000000000150067e+01 3.030515310196021939e-02
-2.719999999999999929e+01 3.030514268527691873e-02
-2.680000000000219984e+01 3.030346559926201666e-02
-2.640000000000069846e+01 3.030408018357801797e-02
-2.600000000000289901e+01 3.030469476789401928e-02
-2.560000000000150067e+01 3.030285101494591821e-02
-2.519999999999999929e+01 3.030980910169361886e-02
-2.480000000000219984e+01 3.030875962062641940e-02
-2.440000000000069846e+01 3.030813720288761878e-02
-2.400000000000289901e+01 3.030807210317712150e-02
-2.360000000000150067e+01 3.030718928982161983e-02
-2.319999999999999929e+01 3.030806432013911922e-02
-2.280000000000219984e+01 3.030830912665641655e-02
-2.240000000000069846e+01 3.030771534489776903e-02
-2.200000000000289901e+01 3.030587416097357129e-02
-2.160000000000150067e+01 3.030553301303757011e-02
-2.119999999999999929e+01 3.030624135373206907e-02
-2.080000000000219984e+01 3.030514499781241863e-02
-2.040000000000069846e+01 3.030459028873766850e-02
-2.000000000000289901e+01 3.030534808109426950e-02
-1.960000000000150067e+01 3.030316052765661891e-02
-1.919999999999999929e+01 3.031074619599481712e-02
-1.880000000000219984e+01 3.031026700809662244e-02
-1.840000000000069846e+01 3.031114204686721769e-02
-1.800000000000289901e+01 3.031019408819902311e-02
-1.760000000000150067e+01 3.030889194717142215e-02
-1.719999999999999929e+01 3.030707415829671930e-02
-1.680000000000219984e+01 3.030860547614531997e-02
-1.640000000000069846e+01 3.030689706711701958e-02
-1.600000000000289901e+01 3.030549596337121787e-02
-1.560000000000150067e+01 3.030511052962701901e-02
-1.519999999999999929e+01 3.030500635834482148e-02
-1.480000000000219984e+01 3.030301668685451977e-02
-1.440000000000070024e+01 3.030269375587962138e-02
-1.400000000000290079e+01 3.030279792716181891e-02
-1.360000000000150067e+01 3.030279271859771806e-02
-1.319999999999999929e+01 3.030353754326561844e-02
-1.280000000000219984e+01 3.030060512167122300e-02
-1.240000000000070024e+01 3.030099625836990898e-02
-1.200000000000290079e+01 3.030064991840945854e-02
-1.160000000000150067e+01 3.030008466836481285e-02
-1.119999999999999929e+01 3.029960554416961244e-02
-1.080000000000219984e+01 3.030026199005735749e-02
-1.040000000000070024e+01 3.029945687746050942e-02
-1.000000000000290079e+01 3.029885270832270716e-02
-9.600000000001449152e+00 3.029932915599545945e-02
-9.199999999999999289e+00 3.029791232345046062e-02
-8.800000000002180300e+00 3.029756094304916075e-02
-8.400000000000730438e+00 3.029699316753031030e-02
-8.000000000002909673e+00 3.029553988554425925e-02
-7.600000000001459810e+00 3.029558653670565843e-02
-7.200000000000000178e+00 3.029301587192350861e-02
-6.800000000002180300e+00 3.029352662249711059e-02
-6.400000000000730438e+00 3.029527137444749940e-02
-6.000000000002909673e+00 3.029023863271140121e-02
-5.600000000001459810e+00 3.029068147230510114e-02
-5.200000000000000178e+00 3.028989478079149866e-02
-4.800000000002180300e+00 3.029270811468130070e-02
-4.400000000000730438e+00 3.029039492903860126e-02
-4.000000000002909673e+00 3.029361463337909913e-02
-3.600000000001459810e+00 3.029285399125329972e-02
-3.200000000000000178e+00 3.029798572066329937e-02
-2.800000000002179856e+00 3.030173162263880005e-02
-2.400000000000729994e+00 3.030574322837049916e-02
-2.000000000002910117e+00 3.030720720396860163e-02
-1.600000000001460032e+00 3.029768354776410030e-02
-1.199999999999999956e+00 3.030484191955019890e-02
-8.000000000021829649e-01 3.033672637030070118e-02
-4.000000000007279954e-01 3.033938340786319909e-02
-2.910387209009709878e-12 3.040735147068850119e-02
