-2.156000000000009891e+02 -9.180302459459562670e+02
-2.151999999999999886e+02 -5.241073739269850194e+02
-2.148000000000020009e+02 -8.334292258394780220e+02
-2.144000000000010004e+02 -5.224719758889623336e+02
-2.140000000000030127e+02 -5.206601081209737458e+02
-2.136000000000009891e+02 -5.160162528824948822e+02
-2.131999999999999886e+02 -5.150025027629526448e+02
-2.128000000000020009e+02 -5.137656182804566924e+02
-2.124000000000010004e+02 -5.124905154484658851e+02
-2.120000000000030127e+02 -5.118971812055024202e+02
-2.116000000000009891e+02 -5.108953032454955974e+02
-2.111999999999999886e+02 -3.634632537764919107e+02
-2.108000000000020009e+02 -4.415852722139607067e+02
-2.104000000000010004e+02 -2.834154210979831987e+02
-2.100000000000030127e+02 -2.820939698119691457e+02
-2.096000000000009891e+02 -2.800362693229617435e+02
-2.091999999999999886e+02 -2.789754722754951217e+02
-2.088000000000020009e+02 -2.779021025734618888e+02
-2.084000000000010004e+02 -2.774863188319650362e+02
-2.080000000000030127e+02 -2.764050691264492343e+02
-2.076000000000009891e+02 -2.760309774539855425e+02
-2.191999999999999886e+02 -5.441584907157557609e+03
-2.188000000000020009e+02 -5.442968915726560226e+03
-2.184000000000010004e+02 -5.552878552584566933e+03
-2.180000000000030127e+02 -5.441081112206571561e+03
-2.176000000000009891e+02 -5.436278010443558742e+03
-2.171999999999999886e+02 -5.436314167661570536e+03
-2.168000000000020009e+02 -3.895699690979563456e+03
-2.164000000000010004e+02 -2.143667064477551321e+03
-2.160000000000030127e+02 -1.390649564000552346e+03
-2.071999999999999886e+02 -1.089134384885619511e+02
-2.068000000000020009e+02 -1.084279515835587517e+02
-2.064000000000010004e+02 -1.072502195985653088e+02
-2.060000000000030127e+02 -1.068193708385588252e+02
-2.056000000000009891e+02 -1.059876038243455696e+02
-2.051999999999999886e+02 -1.054341797990018677e+02
-2.048000000000020009e+02 -1.045523366910019831e+02
-2.044000000000010004e+02 -1.038096571043970471e+02
-2.040000000000030127e+02 -1.030610989645501832e+02
-2.036000000000009891e+02 -1.023683993378072046e+02
-2.031999999999999886e+02 -1.016392796547552280e+02
-2.028000000000020009e+02 -1.009587993223540252e+02
-2.024000000000010004e+02 -1.001357882508054900e+02
-2.020000000000030127e+02 -9.953375441864773165e+01
-2.016000000000009891e+02 -9.883695426650228910e+01
-2.011999999999999886e+02 -9.819295205469461507e+01
-2.008000000000020009e+02 -9.749385860694383155e+01
-2.004000000000010004e+02 -9.686236735024795053e+01
-2.000000000000030127e+02 -9.614684230839702650e+01
-1.996000000000009891e+02 -9.558481382219179068e+01
-1.991999999999999886e+02 -9.490223475049424451e+01
-1.988000000000020009e+02 -9.431394096564690699e+01
-1.984000000000010004e+02 -9.370018810820329236e+01
-1.980000000000030127e+02 -9.308138726774268434e+01
-1.976000000000009891e+02 -9.253847245514771203e+01
-1.971999999999999886e+02 -9.189515531175129581e+01
-1.968000000000020009e+02 -9.147445740803232184e+01
-1.964000000000010004e+02 -9.086857552643050440e+01
-1.960000000000030127e+02 -9.029273903603461804e+01
-1.956000000000009891e+02 -8.972824238832981791e+01
-1.951999999999999886e+02 -8.914845102323306492e+01
-1.948000000000020009e+02 -8.860850953983026557e+01
-1.944000000000010004e+02 -8.797871387743361993e+01
-1.940000000000030127e+02 -8.753497187243192457e+01
-1.936000000000009891e+02 -8.692288076513068518e+01
-1.931999999999999886e+02 -8.636303864073124714e+01
-1.928000000000020009e+02 -8.603780558977086912e+01
-1.924000000000010004e+02 -8.550080362371591036e+01
-1.920000000000030127e+02 -8.485519289896183182e+01
-1.916000000000009891e+02 -8.434777946420945227e+01
-1.911999999999999886e+02 -8.378904500111821108e+01
-1.908000000000020009e+02 -8.320542988866509404e+01
-1.904000000000010004e+02 -8.263442277637295774e+01
-1.900000000000030127e+02 -8.210151149267039727e+01
-1.896000000000009891e+02 -8.157927456451216131e+01
-1.891999999999999886e+02 -8.098627757516806014e+01
-1.888000000000020009e+02 -8.046434190940999542e+01
-1.884000000000010004e+02 -7.993934531061313464e+01
-1.880000000000030127e+02 -7.943717913701038924e+01
-1.876000000000009891e+02 -7.890994275076809572e+01
-1.871999999999999886e+02 -7.836784889146292699e+01
-1.868000000000020009e+02 -7.785857945407042280e+01
-1.864000000000010004e+02 -7.736217062556534074e+01
-1.860000000000030127e+02 -7.681754545641524601e+01
-1.856000000000009891e+02 -7.633884614346607123e+01
-1.851999999999999886e+02 -7.586432518880974385e+01
-1.848000000000020009e+02 -7.512170684859302128e+01
-1.844000000000010004e+02 -7.458175548961298773e+01
-1.840000000000030127e+02 -7.408742620659904787e+01
-1.836000000000009891e+02 -7.351089962261175970e+01
-1.831999999999999886e+02 -7.301237251959537389e+01
-1.828000000000020009e+02 -7.252623466560180532e+01
-1.824000000000010004e+02 -7.200143232759000966e+01
-1.820000000000030127e+02 -7.149682226160803111e+01
-1.816000000000009891e+02 -7.104900890458520735e+01
-1.811999999999999886e+02 -7.053147493358846987e+01
-1.808000000000020009e+02 -7.004753318359871628e+01
-1.804000000000010004e+02 -6.952003915559180314e+01
-1.800000000000030127e+02 -6.905144076460419456e+01
-1.796000000000009891e+02 -6.858945978858537273e+01
-1.791999999999999886e+02 -6.815898235896747792e+01
-1.788000000000020009e+02 -6.766536719936993904e+01
-1.784000000000010004e+02 -6.719486906506426749e+01
-1.780000000000030127e+02 -6.670314399281414808e+01
-1.776000000000009891e+02 -6.624660452667376376e+01
-1.771999999999999886e+02 -6.577031004766104161e+01
-1.768000000000020009e+02 -6.529138728196994634e+01
-1.764000000000010004e+02 -6.483402673526870785e+01
-1.760000000000030127e+02 -6.439747542332042940e+01
-1.756000000000009891e+02 -6.392586954202124616e+01
-1.751999999999999886e+02 -6.345325801906437846e+01
-1.748000000000020009e+02 -6.300752404862214462e+01
-1.744000000000010004e+02 -6.254711226871586405e+01
-1.740000000000030127e+02 -6.209684521126473555e+01
-1.736000000000009891e+02 -6.163181789466761984e+01
-1.731999999999999886e+02 -6.116990485936548794e+01
-1.728000000000020009e+02 -6.073313980821330915e+01
-1.724000000000010004e+02 -6.026063029046417796e+01
-1.720000000000030127e+02 -5.973893353663879680e+01
-1.716000000000009891e+02 -5.928392939683908480e+01
-1.711999999999999886e+02 -5.884559011733654188e+01
-1.708000000000020009e+02 -5.839060540453647263e+01
-1.704000000000010004e+02 -5.792306617803842528e+01
-1.700000000000030127e+02 -5.750602682333919802e+01
-1.696000000000009891e+02 -5.704967200024111662e+01
-1.691999999999999886e+02 -5.659841867013892625e+01
-1.688000000000020009e+02 -5.615981702433782630e+01
-1.684000000000010004e+02 -5.570245162803621497e+01
-1.680000000000030127e+02 -5.525568759973975830e+01
-1.676000000000009891e+02 -5.477711944693874102e+01
-1.671999999999999886e+02 -5.438452836134092649e+01
-1.668000000000020009e+02 -5.395203878433676437e+01
-1.664000000000010004e+02 -5.349550906063814182e+01
-1.660000000000030127e+02 -5.306442349023927818e+01
-1.656000000000009891e+02 -5.262466065508851898e+01
-1.651999999999999886e+02 -5.220344293864036445e+01
-1.648000000000020009e+02 -5.180724680458661169e+01
-1.644000000000010004e+02 -5.137428595269011566e+01
-1.640000000000030127e+02 -5.097356163813674357e+01
-1.636000000000009891e+02 -5.054294261068935157e+01
-1.631999999999999886e+02 -5.013555235778767383e+01
-1.628000000000020009e+02 -4.973294778369017877e+01
-1.624000000000010004e+02 -4.932758354874022189e+01
-1.620000000000030127e+02 -4.893996277408587048e+01
-1.616000000000009891e+02 -4.851046121228864649e+01
-1.611999999999999886e+02 -4.810834735518801608e+01
-1.608000000000020009e+02 -4.772658600228896830e+01
-1.604000000000010004e+02 -4.732941815949016018e+01
-1.600000000000030127e+02 -4.693588925484073116e+01
-1.596000000000009891e+02 -4.652328090543596772e+01
-1.591999999999999886e+02 -4.610869026713771746e+01
-1.588000000000020009e+02 -4.571808147643605480e+01
-1.584000000000010004e+02 -4.533512977443751879e+01
-1.580000000000030127e+02 -4.494737782053925912e+01
-1.576000000000009891e+02 -4.455156065863775439e+01
-1.571999999999999886e+02 -4.414785319043585332e+01
-1.568000000000020009e+02 -4.375625325693908962e+01
-1.564000000000010004e+02 -4.339070492074097274e+01
-1.560000000000030127e+02 -4.295702014133712510e+01
-1.556000000000009891e+02 -4.257879096363831195e+01
-1.551999999999999886e+02 -4.219841430383894476e+01
-1.548000000000020009e+02 -4.180094522703802795e+01
-1.544000000000010004e+02 -4.141860570733842906e+01
-1.540000000000030127e+02 -4.102665595693906653e+01
-1.536000000000009891e+02 -4.066622854143861332e+01
-1.531999999999999886e+02 -4.031636152781720739e+01
-1.528000000000020009e+02 -3.990855829571228242e+01
-1.524000000000010004e+02 -3.953265150996594457e+01
-1.520000000000030127e+02 -3.916492653596651508e+01
-1.516000000000009891e+02 -3.877423029556666734e+01
-1.511999999999999886e+02 -3.838787274606511346e+01
-1.508000000000020009e+02 -3.801959875826287316e+01
-1.504000000000010004e+02 -3.763304200851416681e+01
-1.500000000000030127e+02 -3.723610251421632711e+01
-1.496000000000009891e+02 -3.686131805841432652e+01
-1.491999999999999886e+02 -3.648699516356282402e+01
-1.488000000000020009e+02 -3.610713836771537899e+01
-1.484000000000010004e+02 -3.575161324106375105e+01
-1.480000000000030127e+02 -3.536217050661798567e+01
-1.476000000000009891e+02 -3.498932461371441605e+01
-1.471999999999999886e+02 -3.460140049878827995e+01
-1.468000000000020009e+02 -3.422178177319074166e+01
-1.464000000000010004e+02 -3.383190176929201698e+01
-1.460000000000030127e+02 -3.348364990469053737e+01
-1.456000000000009891e+02 -3.309203053499004454e+01
-1.451999999999999886e+02 -3.274260290148959029e+01
-1.448000000000020009e+02 -3.239084315739091835e+01
-1.444000000000010004e+02 -3.201123415119218407e+01
-1.440000000000030127e+02 -3.167214552989025833e+01
-1.436000000000009891e+02 -3.131313681488973089e+01
-1.431999999999999886e+02 -3.092883444049220998e+01
-1.428000000000020009e+02 -3.058427507949090796e+01
-1.424000000000010004e+02 -3.020483126469116542e+01
-1.420000000000030127e+02 -2.984538527989207068e+01
-1.416000000000009891e+02 -2.950001940129004652e+01
-1.411999999999999886e+02 -2.911285047299315920e+01
-1.408000000000020009e+02 -2.877716284718917450e+01
-1.404000000000010004e+02 -2.848074570606331690e+01
-1.400000000000030127e+02 -2.812277186601568246e+01
-1.396000000000009891e+02 -2.774684564461495029e+01
-1.391999999999999886e+02 -2.738456711896287743e+01
-1.388000000000020009e+02 -2.702304653091414366e+01
-1.384000000000010004e+02 -2.666508726591564482e+01
-1.380000000000030127e+02 -2.629467551186462515e+01
-1.376000000000009891e+02 -2.593188683826156193e+01
-1.371999999999999886e+02 -2.557370893746701768e+01
-1.368000000000020009e+02 -2.520059582456451608e+01
-1.364000000000010004e+02 -2.485154229936597403e+01
-1.360000000000030127e+02 -2.450313982331499574e+01
-1.356000000000009891e+02 -2.414064266356581356e+01
-1.351999999999999886e+02 -2.378466083301464096e+01
-1.348000000000020009e+02 -2.343074874846570310e+01
-1.344000000000010004e+02 -2.298477542703767540e+01
-1.340000000000030127e+02 -2.261976153463911032e+01
-1.336000000000009891e+02 -2.226780744853749638e+01
-1.331999999999999886e+02 -2.190238543743907940e+01
-1.328000000000020009e+02 -2.150809386393666500e+01
-1.324000000000010004e+02 -2.117902359633808373e+01
-1.320000000000030127e+02 -2.079556660963862669e+01
-1.316000000000009891e+02 -2.042760843083669897e+01
-1.311999999999999886e+02 -2.007322506833588704e+01
-1.308000000000020009e+02 -1.971501315723799053e+01
-1.304000000000010004e+02 -1.934222556813620031e+01
-1.300000000000030127e+02 -1.898667615214071702e+01
-1.296000000000009891e+02 -1.861289741883956594e+01
-1.291999999999999886e+02 -1.826569500593905104e+01
-1.288000000000020009e+02 -1.789212032713840017e+01
-1.284000000000010004e+02 -1.753360718853946310e+01
-1.280000000000030127e+02 -1.716958443953626556e+01
-1.276000000000010033e+02 -1.673439231584052322e+01
-1.272000000000000028e+02 -1.638655829153867671e+01
-1.268000000000020009e+02 -1.603018777869147016e+01
-1.264000000000010004e+02 -1.569019060713981162e+01
-1.260000000000029985e+02 -1.533428165673831245e+01
-1.256000000000010033e+02 -1.497404372769233305e+01
-1.252000000000000028e+02 -1.461883926673908718e+01
-1.248000000000020009e+02 -1.429113425593823195e+01
-1.244000000000010004e+02 -1.391805029488750733e+01
-1.240000000000029985e+02 -1.357849039798747981e+01
-1.236000000000010033e+02 -1.323459180699137505e+01
-1.232000000000000028e+02 -1.286290711064066272e+01
-1.228000000000020009e+02 -1.252240951053681783e+01
-1.224000000000010004e+02 -1.218558012279027025e+01
-1.220000000000029985e+02 -1.182824275673920056e+01
-1.216000000000010033e+02 -1.153040696943935473e+01
-1.212000000000000028e+02 -1.118047404514072696e+01
-1.208000000000020009e+02 -1.082555624133965466e+01
-1.204000000000010004e+02 -1.049933308843901614e+01
-1.200000000000029985e+02 -1.016880525393935386e+01
-1.196000000000010033e+02 -9.846731312940391945e+00
-1.192000000000000028e+02 -9.496924711238534655e+00
-1.188000000000020009e+02 -9.125361481139407260e+00
-1.184000000000010004e+02 -8.823256218740425538e+00
-1.180000000000029985e+02 -8.482719752140837954e+00
-1.176000000000010033e+02 -8.128763942142541055e+00
-1.172000000000000028e+02 -7.817106753140251385e+00
-1.168000000000020009e+02 -7.474966957641299814e+00
-1.164000000000010004e+02 -7.145964714240108151e+00
-1.160000000000029985e+02 -6.828865935342037119e+00
-1.156000000000010033e+02 -6.483480626040545758e+00
-1.152000000000000028e+02 -6.112633254313550424e+00
-1.148000000000020009e+02 -5.778189421365823364e+00
-1.144000000000010004e+02 -5.452583306112501305e+00
-1.140000000000029985e+02 -5.122910578666051151e+00
-1.136000000000010033e+02 -4.820406916813226417e+00
-1.132000000000000028e+02 -4.492687328165629879e+00
-1.128000000000020009e+02 -4.170836880613933317e+00
-1.124000000000010004e+02 -3.843010404867527541e+00
-1.120000000000029985e+02 -3.523997356714971829e+00
-1.116000000000010033e+02 -3.195014543016441166e+00
-1.112000000000000028e+02 -2.883561414266296197e+00
-1.108000000000020009e+02 -2.567944499165605521e+00
-1.104000000000010004e+02 -2.240895392966194777e+00
-1.100000000000029985e+02 -1.945218008564552292e+00
-1.096000000000010033e+02 -1.604875881363113876e+00
-1.092000000000000028e+02 -1.308858398566371761e+00
-1.088000000000020009e+02 -1.011540467989107128e+00
-1.084000000000010004e+02 -6.832378526887623593e-01
-1.080000000000029985e+02 -3.688404386921320111e-01
-1.076000000000010033e+02 -7.316790828917874023e-02
-1.072000000000000028e+02 2.368276527122361585e-01
-1.068000000000020009e+02 5.519149847095832229e-01
-1.064000000000010004e+02 8.920919183074147440e-01
-1.060000000000029985e+02 1.178523464110185159e+00
-1.056000000000010033e+02 1.477956514310790226e+00
-1.052000000000000028e+02 1.809708705608500168e+00
-1.048000000000020009e+02 2.119587662811682094e+00
-1.044000000000010004e+02 2.426969318308692891e+00
-1.040000000000029985e+02 2.707123604210210033e+00
-1.036000000000010033e+02 3.027953755008638836e+00
-1.032000000000000028e+02 3.330612891910277540e+00
-1.028000000000020009e+02 3.611495961507898755e+00
-1.024000000000010004e+02 3.927700760606967378e+00
-1.020000000000029985e+02 4.158103568835940678e+00
-1.016000000000010033e+02 4.456370566986151971e+00
-1.012000000000000028e+02 4.780378213981748559e+00
-1.008000000000020009e+02 5.073908117585233413e+00
-1.004000000000010004e+02 5.398552236736577470e+00
-1.000000000000029985e+02 5.718007411735015921e+00
-9.960000000000150067e+01 6.018091511483362410e+00
-9.920000000000000284e+01 6.327265976284252247e+00
-9.880000000000219984e+01 6.629963980285538128e+00
-9.840000000000070202e+01 6.942243064382637385e+00
-9.800000000000289901e+01 7.260002603383327369e+00
-9.760000000000150067e+01 7.565358239582565147e+00
-9.720000000000000284e+01 7.882068330483889440e+00
-9.680000000000219984e+01 8.185373654934664955e+00
-9.640000000000070202e+01 8.495490679386421107e+00
-9.600000000000289901e+01 8.895850775261351373e+00
-9.560000000000150067e+01 9.195604491658741608e+00
-9.520000000000000284e+01 9.526734790459158830e+00
-9.480000000000219984e+01 9.843289405358518707e+00
-9.440000000000070202e+01 1.014964104875980411e+01
-9.400000000000289901e+01 1.047064610795860062e+01
-9.360000000000150067e+01 1.077962137155918754e+01
-9.320000000000000284e+01 1.108945174225664232e+01
-9.280000000000219984e+01 1.140726958405866753e+01
-9.240000000000070202e+01 1.174230616376007674e+01
-9.200000000000289901e+01 1.203665716046089074e+01
-9.160000000000150067e+01 1.236139359365915880e+01
-9.120000000000000284e+01 1.266657918116106885e+01
-9.080000000000219984e+01 1.296610940375830978e+01
-9.040000000000070202e+01 1.327780545925998013e+01
-9.000000000000289901e+01 1.357387638675936614e+01
-8.960000000000150067e+01 1.389876829286004067e+01
-8.920000000000000284e+01 1.423518800786041538e+01
-8.880000000000219984e+01 1.452653155681036878e+01
-8.840000000000070202e+01 1.483585663610938354e+01
-8.800000000000289901e+01 1.513804449121016660e+01
-8.760000000000150067e+01 1.544658248496125452e+01
-8.720000000000000284e+01 1.574535477241079207e+01
-8.680000000000219984e+01 1.606003884205711074e+01
-8.640000000000070202e+01 1.635676567611153587e+01
-8.600000000000289901e+01 1.665191347981090075e+01
-8.560000000000150067e+01 1.695254173610737780e+01
-8.520000000000000284e+01 1.723305069611160434e+01
-8.480000000000219984e+01 1.753017107315827161e+01
-8.440000000000070202e+01 1.782097532356056035e+01
-8.400000000000289901e+01 1.812224976786092157e+01
-8.360000000000150067e+01 1.841625580780964810e+01
-8.320000000000000284e+01 1.869016043125884607e+01
-8.280000000000219984e+01 1.898499728386377683e+01
-8.240000000000070202e+01 1.927554888906161068e+01
-8.200000000000289901e+01 1.957785820485878503e+01
-8.160000000000150067e+01 1.986654412436109851e+01
-8.120000000000000284e+01 2.014643604605953442e+01
-8.080000000000219984e+01 2.044466417476360220e+01
-8.040000000000070202e+01 2.073394283535890281e+01
-8.000000000000289901e+01 2.102327008246356854e+01
-7.960000000000150067e+01 2.131456018506287364e+01
-7.920000000000000284e+01 2.161341021065891255e+01
-7.880000000000219984e+01 2.192539778096033842e+01
-7.840000000000070202e+01 2.219492153736064211e+01
-7.800000000000289901e+01 2.249856210176221794e+01
-7.760000000000150067e+01 2.280052160376362735e+01
-7.720000000000000284e+01 2.308623408246057807e+01
-7.680000000000219984e+01 2.338844622876058565e+01
-7.640000000000070202e+01 2.380064253506134264e+01
-7.600000000000289901e+01 2.409095121121208649e+01
-7.560000000000150067e+01 2.437058077256369870e+01
-7.520000000000000284e+01 2.466423213671077974e+01
-7.480000000000219984e+01 2.497167209521285258e+01
-7.440000000000070202e+01 2.524481062031190959e+01
-7.400000000000289901e+01 2.554289299185984419e+01
-7.360000000000150067e+01 2.581118267431156710e+01
-7.320000000000000284e+01 2.610344934771273984e+01
-7.280000000000219984e+01 2.639917045966285514e+01
-7.240000000000070202e+01 2.667423297376080882e+01
-7.200000000000289901e+01 2.696561053385812556e+01
-7.160000000000150067e+01 2.726392125586062321e+01
-7.120000000000000284e+01 2.754122356636071345e+01
-7.080000000000219984e+01 2.781551842761109583e+01
-7.040000000000070202e+01 2.798064239106315654e+01
-7.000000000000289901e+01 2.825708473496342776e+01
-6.960000000000150067e+01 2.850253918646194506e+01
-6.920000000000000284e+01 2.876529011085949605e+01
-6.880000000000219984e+01 2.903131570316327270e+01
-6.840000000000070202e+01 2.929434842395858141e+01
-6.800000000000289901e+01 2.955353316556283971e+01
-6.760000000000150067e+01 2.981168789185903734e+01
-6.720000000000000284e+01 3.007465259246237110e+01
-6.680000000000219984e+01 3.032933830676120124e+01
-6.640000000000070202e+01 3.057372387486248044e+01
-6.600000000000289901e+01 3.082635927826049738e+01
-6.560000000000150067e+01 3.108403786426060833e+01
-6.520000000000000284e+01 3.134619604306135443e+01
-6.480000000000219984e+01 3.159637301276234211e+01
-6.440000000000070202e+01 3.185136967465950875e+01
-6.400000000000289901e+01 3.209789300946067669e+01
-6.360000000000150067e+01 3.231810262630824582e+01
-6.320000000000000284e+01 3.256357165325971437e+01
-6.280000000000219984e+01 3.281975380356016103e+01
-6.240000000000070202e+01 3.306184612981087412e+01
-6.200000000000289901e+01 3.330216022460808745e+01
-6.160000000000150067e+01 3.355202138885942986e+01
-6.120000000000000284e+01 3.379608629060749081e+01
-6.080000000000219984e+01 3.403473875655981828e+01
-6.040000000000070202e+01 3.427189964380886522e+01
-6.000000000000289901e+01 3.451526977250978234e+01
-5.960000000000150067e+01 3.474242202616005670e+01
-5.920000000000000284e+01 3.499326461901000584e+01
-5.880000000000219984e+01 3.523404999375998159e+01
-5.840000000000070202e+01 3.545811706336098723e+01
-5.800000000000289901e+01 3.567962852781056426e+01
-5.760000000000150067e+01 3.592953852495702449e+01
-5.720000000000000284e+01 3.614729918325974722e+01
-5.680000000000219984e+01 3.638603910266101593e+01
-5.640000000000070202e+01 3.659996150116057834e+01
-5.600000000000289901e+01 3.681701280865672743e+01
-5.560000000000150067e+01 3.704619108355836943e+01
-5.520000000000000284e+01 3.726568139015944325e+01
-5.480000000000219984e+01 3.749865905765909702e+01
-5.440000000000070202e+01 3.770356396735951421e+01
-5.400000000000289901e+01 3.792663988915955997e+01
-5.360000000000150067e+01 3.815591533455881290e+01
-5.320000000000000284e+01 3.836000400545890443e+01
-5.280000000000219984e+01 3.857171089775874862e+01
-5.240000000000070202e+01 3.877248603165935492e+01
-5.200000000000289901e+01 3.899081999826012179e+01
-5.160000000000150067e+01 3.918056619975686772e+01
-5.120000000000000284e+01 3.936278620798475458e+01
-5.080000000000219984e+01 3.956063648828421719e+01
-5.040000000000070202e+01 3.977165346478432184e+01
-5.000000000000289901e+01 3.995808612988548703e+01
-4.960000000000150067e+01 4.015577607613522559e+01
-4.920000000000000284e+01 4.035677470153677859e+01
-4.880000000000219984e+01 4.055199650063514127e+01
-4.840000000000070202e+01 4.073821538798438269e+01
-4.800000000000289901e+01 4.092838428328468581e+01
-4.760000000000150067e+01 4.110935106748365797e+01
-4.720000000000000284e+01 4.129294147368636914e+01
-4.680000000000219984e+01 4.147500629218484391e+01
-4.640000000000070202e+01 4.164306388308614260e+01
-4.600000000000289901e+01 4.181975999253700138e+01
-4.560000000000150067e+01 4.199175787413332728e+01
-4.520000000000000284e+01 4.214919465308412327e+01
-4.480000000000219984e+01 4.235594552721158834e+01
-4.440000000000070202e+01 4.251449005401082104e+01
-4.400000000000289901e+01 4.267195598401303869e+01
-4.360000000000150067e+01 4.282528242021362530e+01
-4.320000000000000284e+01 4.300967448691153550e+01
-4.280000000000219984e+01 4.313930086731124902e+01
-4.240000000000070202e+01 4.328604881121282233e+01
-4.200000000000289901e+01 4.343776220491054119e+01
-4.160000000000150067e+01 4.358590941521106288e+01
-4.120000000000000284e+01 4.372947014401142951e+01
-4.080000000000219984e+01 4.385867868921195623e+01
-4.040000000000070202e+01 4.400157865391156520e+01
-4.000000000000289901e+01 4.412612298010935774e+01
-3.960000000000150067e+01 4.425291196131001925e+01
-3.920000000000000284e+01 4.437813648561132140e+01
-3.880000000000219984e+01 4.449964907221146859e+01
-3.840000000000070202e+01 4.460656654201011406e+01
-3.800000000000289901e+01 4.478055965896055568e+01
-3.760000000000150067e+01 4.487769684870727360e+01
-3.720000000000000284e+01 4.497343477290996816e+01
-3.680000000000219984e+01 4.507700469536212040e+01
-3.640000000000070202e+01 4.517013357315954636e+01
-3.600000000000289901e+01 4.524877422526333248e+01
-3.560000000000150067e+01 4.533827375870896503e+01
-3.520000000000000284e+01 4.540709040216097492e+01
-3.480000000000219984e+01 4.547510052411234938e+01
-3.440000000000070202e+01 4.554740561425933265e+01
-3.400000000000289901e+01 4.560980410000775009e+01
-3.360000000000150067e+01 4.566725657261122251e+01
-3.320000000000000284e+01 4.572563702880870551e+01
-3.280000000000219984e+01 4.577283793826063629e+01
-3.240000000000070202e+01 4.582461075390892802e+01
-3.200000000000289901e+01 4.580180790631129639e+01
-3.160000000000150067e+01 4.582331189241085667e+01
-3.119999999999999929e+01 4.583696444761153543e+01
-3.080000000000219984e+01 4.584242546861059964e+01
-3.040000000000069846e+01 4.586273424890896422e+01
-3.000000000000289901e+01 4.586013977910988615e+01
-2.960000000000150067e+01 4.584447578101026011e+01
-2.919999999999999929e+01 4.584067638681153767e+01
-2.880000000000219984e+01 4.580576277560976450e+01
-2.840000000000069846e+01 4.577732076721076737e+01
-2.800000000000289901e+01 4.574777100560822873e+01
-2.760000000000150067e+01 4.570238233850977849e+01
-2.719999999999999929e+01 4.565556525540887378e+01
-2.680000000000219984e+01 4.559432796650798991e+01
-2.640000000000069846e+01 4.553655968841121648e+01
-2.600000000000289901e+01 4.547097884640970733e+01
-2.560000000000150067e+01 4.537369104280878673e+01
-2.519999999999999929e+01 4.524711286291130818e+01
-2.480000000000219984e+01 4.514605481461330783e+01
-2.440000000000069846e+01 4.505587022285908461e+01
-2.400000000000289901e+01 4.494906935795734171e+01
-2.360000000000150067e+01 4.482954392340980121e+01
-2.319999999999999929e+01 4.471322027996211546e+01
-2.280000000000219984e+01 4.457920176126208389e+01
-2.240000000000069846e+01 4.444424554036231712e+01
-2.200000000000289901e+01 4.430040787321195239e+01
-2.160000000000150067e+01 4.413537716506107245e+01
-2.119999999999999929e+01 4.395923493211012101e+01
-2.080000000000219984e+01 4.378473003166072886e+01
-2.040000000000069846e+01 4.359246709705985268e+01
-2.000000000000289901e+01 4.338939386521087727e+01
-1.960000000000150067e+01 4.316781923716189340e+01
-1.919999999999999929e+01 4.301527205151069211e+01
-1.880000000000219984e+01 4.279740450510871597e+01
-1.840000000000069846e+01 4.254867538440885255e+01
-1.800000000000289901e+01 4.229627319401333807e+01
-1.760000000000150067e+01 4.202349420091195498e+01
-1.719999999999999929e+01 4.175197843561181799e+01
-1.680000000000219984e+01 4.146238882531179115e+01
-1.640000000000069846e+01 4.113836174210882746e+01
-1.600000000000289901e+01 4.083418673671258148e+01
-1.560000000000150067e+01 4.050189038430835353e+01
-1.519999999999999929e+01 4.012884043301164638e+01
-1.480000000000219984e+01 3.976463305981087615e+01
-1.440000000000070024e+01 3.937237236011060304e+01
-1.400000000000290079e+01 3.897554461580875795e+01
-1.360000000000150067e+01 3.856152728461165680e+01
-1.319999999999999929e+01 3.811819340191141237e+01
-1.280000000000219984e+01 3.764603854531014804e+01
-1.240000000000070024e+01 3.719932724700629478e+01
-1.200000000000290079e+01 3.669026676245266572e+01
-1.160000000000150067e+01 3.616397783060529036e+01
-1.119999999999999929e+01 3.560804682285379386e+01
-1.080000000000219984e+01 3.501469517760415329e+01
-1.040000000000070024e+01 3.443625931815404329e+01
-1.000000000000290079e+01 3.380688631180601078e+01
-9.600000000001449152e+00 3.314297380390416947e+01
-9.199999999999999289e+00 3.247416872695612255e+01
-8.800000000002180300e+00 3.175391150085488334e+01
-8.400000000000730438e+00 3.102352903680366580e+01
-8.000000000002909673e+00 3.025930184360549902e+01
-7.600000000001459810e+00 2.943542125085514272e+01
-7.200000000000000178e+00 2.857705459845601581e+01
-6.800000000002180300e+00 2.769844718270178419e+01
-6.400000000000730438e+00 2.676224079659732524e+01
-6.000000000002909673e+00 2.580489070559997344e+01
-5.600000000001459810e+00 2.475258491289787344e+01
-5.200000000000000178e+00 2.367120549229730386e+01
-4.800000000002180300e+00 2.252205887799937045e+01
-4.400000000000730438e+00 2.130524224900000263e+01
-4.000000000002909673e+00 2.004406697129888926e+01
-3.600000000001459810e+00 1.870632077469781507e+01
-3.200000000000000178e+00 1.726556337829970289e+01
-2.800000000002179856e+00 1.573553481289854972e+01
-2.400000000000729994e+00 1.414997291849795147e+01
-2.000000000002910117e+00 1.232410662239999510e+01
-1.600000000001460032e+00 1.046733019510065787e+01
-1.199999999999999956e+00 8.373086783500184538e+00
-8.000000000021829649e-01 6.092235832700680476e+00
-4.000000000007279954e-01 3.408629650799412047e+00
-2.910387209009709878e-12 0.000000000000000000e+00
