-2.184000000000010004e+02 -7.762642290977819357e+02
-2.180000000000030127e+02 -8.665678979937656550e+02
-2.176000000000009891e+02 -4.521297870222770143e+02
-2.171999999999999886e+02 -3.040292363088083221e+02
-2.168000000000020009e+02 -3.017176946177933132e+02
-2.164000000000010004e+02 -3.005439834637654712e+02
-2.160000000000030127e+02 -2.139997256607748568e+02
-2.156000000000009891e+02 -1.952096969917765819e+02
-2.151999999999999886e+02 -2.004885840152564924e+02
-2.148000000000020009e+02 -1.938984764498018194e+02
-2.144000000000010004e+02 -1.930173755392461317e+02
-2.140000000000030127e+02 -1.916594419797620503e+02
-2.136000000000009891e+02 -1.895074467397935223e+02
-2.131999999999999886e+02 -1.887263178492576117e+02
-2.128000000000020009e+02 -1.878188260497554438e+02
-2.124000000000010004e+02 -1.871025484467973001e+02
-2.120000000000030127e+02 -1.857634682757925475e+02
-2.116000000000009891e+02 -1.851327750963100698e+02
-2.111999999999999886e+02 -1.842511762672656914e+02
-2.108000000000020009e+02 -1.834832319902780000e+02
-2.104000000000010004e+02 -1.826247863332828274e+02
-2.100000000000030127e+02 -1.820763674847548828e+02
-2.096000000000009891e+02 -1.811134807932539843e+02
-2.091999999999999886e+02 -1.805430269952630624e+02
-2.088000000000020009e+02 -1.796765812962985365e+02
-2.084000000000010004e+02 -1.790588135052530561e+02
-2.080000000000030127e+02 -1.782943325792730320e+02
-2.076000000000009891e+02 -1.776026314248010749e+02
-2.191999999999999886e+02 -1.465157019905993366e+03
-2.188000000000020009e+02 -1.464814134370986721e+03
-2.071999999999999886e+02 -1.105838925790012581e+02
-2.068000000000020009e+02 -1.098728174900024896e+02
-2.064000000000010004e+02 -1.090346418379776878e+02
-2.060000000000030127e+02 -1.083583808449766366e+02
-2.056000000000009891e+02 -1.078387181524958578e+02
-2.051999999999999886e+02 -1.069684251310463878e+02
-2.048000000000020009e+02 -1.061163064195425250e+02
-2.044000000000010004e+02 -1.053779278866459208e+02
-2.040000000000030127e+02 -1.046358662436396116e+02
-2.036000000000009891e+02 -1.038797813568344282e+02
-2.031999999999999886e+02 -1.031378700164350448e+02
-2.028000000000020009e+02 -1.023385663078370271e+02
-2.024000000000010004e+02 -1.016331350831933378e+02
-2.020000000000030127e+02 -1.008624991235374182e+02
-2.016000000000009891e+02 -1.001788329676346621e+02
-2.011999999999999886e+02 -9.946992933909132262e+01
-2.008000000000020009e+02 -9.878032477274246048e+01
-2.004000000000010004e+02 -9.805054517783355550e+01
-2.000000000000030127e+02 -9.738980432208700222e+01
-1.996000000000009891e+02 -9.671392087703134166e+01
-1.991999999999999886e+02 -9.607486285544291604e+01
-1.988000000000020009e+02 -9.542912925898781396e+01
-1.984000000000010004e+02 -9.480491490754138795e+01
-1.980000000000030127e+02 -9.415610193109387183e+01
-1.976000000000009891e+02 -9.356918741974368459e+01
-1.971999999999999886e+02 -9.294336966109403875e+01
-1.968000000000020009e+02 -9.218651367468555691e+01
-1.964000000000010004e+02 -9.154079156778607285e+01
-1.960000000000030127e+02 -9.096553681348450482e+01
-1.956000000000009891e+02 -9.035670333938469412e+01
-1.951999999999999886e+02 -8.977030071748595219e+01
-1.948000000000020009e+02 -8.916342164458183106e+01
-1.944000000000010004e+02 -8.858544736018666299e+01
-1.940000000000030127e+02 -8.798794774748239433e+01
-1.936000000000009891e+02 -8.744240551308757858e+01
-1.931999999999999886e+02 -8.685949627618538216e+01
-1.928000000000020009e+02 -8.618540071873576380e+01
-1.924000000000010004e+02 -8.561387982893575099e+01
-1.920000000000030127e+02 -8.505509406248893356e+01
-1.916000000000009891e+02 -8.450885439244302688e+01
-1.911999999999999886e+02 -8.395259117619571043e+01
-1.908000000000020009e+02 -8.340463209304652992e+01
-1.904000000000010004e+02 -8.284856196579130483e+01
-1.900000000000030127e+02 -8.231326532634557225e+01
-1.896000000000009891e+02 -8.177616702274826821e+01
-1.891999999999999886e+02 -8.122521856559615117e+01
-1.888000000000020009e+02 -8.069678899208520306e+01
-1.884000000000010004e+02 -8.014323457629143377e+01
-1.880000000000030127e+02 -7.959987276418542024e+01
-1.876000000000009891e+02 -7.907039153758887551e+01
-1.871999999999999886e+02 -7.851475629523338284e+01
-1.868000000000020009e+02 -7.798909483884926885e+01
-1.864000000000010004e+02 -7.744662389958466520e+01
-1.860000000000030127e+02 -7.692130078319678432e+01
-1.856000000000009891e+02 -7.637794450634464738e+01
-1.851999999999999886e+02 -7.587865042993507814e+01
-1.848000000000020009e+02 -7.551642651499423664e+01
-1.844000000000010004e+02 -7.498242371300875675e+01
-1.840000000000030127e+02 -7.448610748899227474e+01
-1.836000000000009891e+02 -7.400073648001125548e+01
-1.831999999999999886e+02 -7.349960994000139181e+01
-1.828000000000020009e+02 -7.299523816998407710e+01
-1.824000000000010004e+02 -7.249339752299420070e+01
-1.820000000000030127e+02 -7.199625285800721031e+01
-1.816000000000009891e+02 -7.150009328000305686e+01
-1.811999999999999886e+02 -7.101905825299036223e+01
-1.808000000000020009e+02 -7.051549745998636354e+01
-1.804000000000010004e+02 -7.002933391598344315e+01
-1.800000000000030127e+02 -6.954863179400854278e+01
-1.796000000000009891e+02 -6.905999809400236700e+01
-1.791999999999999886e+02 -6.859075146541727008e+01
-1.788000000000020009e+02 -6.809942836367190466e+01
-1.784000000000010004e+02 -6.763230949801800307e+01
-1.780000000000030127e+02 -6.715260520451192860e+01
-1.776000000000009891e+02 -6.666531163812032901e+01
-1.771999999999999886e+02 -6.620558297056413721e+01
-1.768000000000020009e+02 -6.573739277996355668e+01
-1.764000000000010004e+02 -6.525745276001907769e+01
-1.760000000000030127e+02 -6.478606428292187047e+01
-1.756000000000009891e+02 -6.432882098206027877e+01
-1.751999999999999886e+02 -6.386301926011947216e+01
-1.748000000000020009e+02 -6.339254233091196511e+01
-1.744000000000010004e+02 -6.292144844227004796e+01
-1.740000000000030127e+02 -6.246461021980940131e+01
-1.736000000000009891e+02 -6.200951387126769987e+01
-1.731999999999999886e+02 -6.155390048322078655e+01
-1.728000000000020009e+02 -6.108583281141909538e+01
-1.724000000000010004e+02 -6.063208104711520718e+01
-1.720000000000030127e+02 -6.018520143823843682e+01
-1.716000000000009891e+02 -5.974288785373573774e+01
-1.711999999999999886e+02 -5.929099561383554828e+01
-1.708000000000020009e+02 -5.884119255893892841e+01
-1.704000000000010004e+02 -5.838857640393689508e+01
-1.700000000000030127e+02 -5.794326265963536571e+01
-1.696000000000009891e+02 -5.750693481823691400e+01
-1.691999999999999886e+02 -5.706486051553656580e+01
-1.688000000000020009e+02 -5.662267447783597163e+01
-1.684000000000010004e+02 -5.620353622973561869e+01
-1.680000000000030127e+02 -5.574588297133595916e+01
-1.676000000000009891e+02 -5.530992925203463528e+01
-1.671999999999999886e+02 -5.489373405023798114e+01
-1.668000000000020009e+02 -5.446038816273357952e+01
-1.664000000000010004e+02 -5.401892483613482909e+01
-1.660000000000030127e+02 -5.357481276281032478e+01
-1.656000000000009891e+02 -5.314552437506063143e+01
-1.651999999999999886e+02 -5.271780833685988910e+01
-1.648000000000020009e+02 -5.230878378061242984e+01
-1.644000000000010004e+02 -5.188275305680872407e+01
-1.640000000000030127e+02 -5.146847335486381780e+01
-1.636000000000009891e+02 -5.104235396751028020e+01
-1.631999999999999886e+02 -5.062520408815908013e+01
-1.628000000000020009e+02 -5.021218943771236809e+01
-1.624000000000010004e+02 -4.979367186376111931e+01
-1.620000000000030127e+02 -4.937773479976021918e+01
-1.616000000000009891e+02 -4.895922451656224439e+01
-1.611999999999999886e+02 -4.854471343771001557e+01
-1.608000000000020009e+02 -4.813743795956179383e+01
-1.604000000000010004e+02 -4.771785756861208938e+01
-1.600000000000030127e+02 -4.733051293718745001e+01
-1.596000000000009891e+02 -4.691957229078616365e+01
-1.591999999999999886e+02 -4.652362395348609425e+01
-1.588000000000020009e+02 -4.611268573808774818e+01
-1.584000000000010004e+02 -4.571559320758751710e+01
-1.580000000000030127e+02 -4.530594978498629644e+01
-1.576000000000009891e+02 -4.491008768038591370e+01
-1.571999999999999886e+02 -4.450191763828843250e+01
-1.568000000000020009e+02 -4.410337725798672182e+01
-1.564000000000010004e+02 -4.370940147208602866e+01
-1.560000000000030127e+02 -4.332050049288591254e+01
-1.556000000000009891e+02 -4.291659138138493290e+01
-1.551999999999999886e+02 -4.253033586488527362e+01
-1.548000000000020009e+02 -4.212979739828733727e+01
-1.544000000000010004e+02 -4.174228837018745253e+01
-1.540000000000030127e+02 -4.136412721798842540e+01
-1.536000000000009891e+02 -4.096239961308674538e+01
-1.531999999999999886e+02 -4.059758418505953159e+01
-1.528000000000020009e+02 -4.020177673991565825e+01
-1.524000000000010004e+02 -3.981693506581359543e+01
-1.520000000000030127e+02 -3.942176590461167507e+01
-1.516000000000009891e+02 -3.903230860471376218e+01
-1.511999999999999886e+02 -3.864197918271383969e+01
-1.508000000000020009e+02 -3.826178106671068235e+01
-1.504000000000010004e+02 -3.787206261266328511e+01
-1.500000000000030127e+02 -3.748923481076053577e+01
-1.496000000000009891e+02 -3.710550210616202094e+01
-1.491999999999999886e+02 -3.672839160531293601e+01
-1.488000000000020009e+02 -3.633687002561055124e+01
-1.484000000000010004e+02 -3.595893235171388369e+01
-1.480000000000030127e+02 -3.557665539871231886e+01
-1.476000000000009891e+02 -3.519324335301280371e+01
-1.471999999999999886e+02 -3.480857034783912241e+01
-1.468000000000020009e+02 -3.442013455403866828e+01
-1.464000000000010004e+02 -3.405273267213851796e+01
-1.460000000000030127e+02 -3.367097738313896116e+01
-1.456000000000009891e+02 -3.329422884804080240e+01
-1.451999999999999886e+02 -3.291943102953882772e+01
-1.448000000000020009e+02 -3.254765887073881458e+01
-1.444000000000010004e+02 -3.217803663804079406e+01
-1.440000000000030127e+02 -3.178804609813960269e+01
-1.436000000000009891e+02 -3.141894857354054693e+01
-1.431999999999999886e+02 -3.104615005794039462e+01
-1.428000000000020009e+02 -3.067947574143909151e+01
-1.424000000000010004e+02 -3.032325705493713031e+01
-1.420000000000030127e+02 -2.994225727833691053e+01
-1.416000000000009891e+02 -2.958047553893993609e+01
-1.411999999999999886e+02 -2.920685348653933033e+01
-1.408000000000020009e+02 -2.885256850183941424e+01
-1.404000000000010004e+02 -2.848528652181266807e+01
-1.400000000000030127e+02 -2.812011229326162720e+01
-1.396000000000009891e+02 -2.775767222666036105e+01
-1.391999999999999886e+02 -2.739320370076166000e+01
-1.388000000000020009e+02 -2.702760314016268239e+01
-1.384000000000010004e+02 -2.666542603541165590e+01
-1.380000000000030127e+02 -2.630265375806266093e+01
-1.376000000000009891e+02 -2.594107790831185412e+01
-1.371999999999999886e+02 -2.557685170711192768e+01
-1.368000000000020009e+02 -2.521725207346389652e+01
-1.364000000000010004e+02 -2.485930070116592105e+01
-1.360000000000030127e+02 -2.449943566681031371e+01
-1.356000000000009891e+02 -2.414467758926184615e+01
-1.351999999999999886e+02 -2.378489393271229346e+01
-1.348000000000020009e+02 -2.342482119376290939e+01
-1.344000000000010004e+02 -2.306092508038636879e+01
-1.340000000000030127e+02 -2.270145845038496191e+01
-1.336000000000009891e+02 -2.234624062758666696e+01
-1.331999999999999886e+02 -2.198264058378845220e+01
-1.328000000000020009e+02 -2.164170815078614396e+01
-1.324000000000010004e+02 -2.127782144158845767e+01
-1.320000000000030127e+02 -2.092705892708909232e+01
-1.316000000000009891e+02 -2.057472952528769383e+01
-1.311999999999999886e+02 -2.021020756508733029e+01
-1.308000000000020009e+02 -1.986463276728682104e+01
-1.304000000000010004e+02 -1.951285116588769597e+01
-1.300000000000030127e+02 -1.916803431878724950e+01
-1.296000000000009891e+02 -1.881067508488922613e+01
-1.291999999999999886e+02 -1.846212685598584358e+01
-1.288000000000020009e+02 -1.811055417838724679e+01
-1.284000000000010004e+02 -1.776183832448441535e+01
-1.280000000000030127e+02 -1.741656354978476884e+01
-1.276000000000010033e+02 -1.708611678718807525e+01
-1.272000000000000028e+02 -1.673310840178601211e+01
-1.268000000000020009e+02 -1.638646533438804909e+01
-1.264000000000010004e+02 -1.603689558548649075e+01
-1.260000000000029985e+02 -1.569724277183559025e+01
-1.256000000000010033e+02 -1.534837448188773124e+01
-1.252000000000000028e+02 -1.500310881523910211e+01
-1.248000000000020009e+02 -1.466361754633544479e+01
-1.244000000000010004e+02 -1.431453487309045158e+01
-1.240000000000029985e+02 -1.397429781993560027e+01
-1.236000000000010033e+02 -1.362931151833618060e+01
-1.232000000000000028e+02 -1.328869671278880560e+01
-1.228000000000020009e+02 -1.294747640068817418e+01
-1.224000000000010004e+02 -1.261800226378909429e+01
-1.220000000000029985e+02 -1.227154808013801812e+01
-1.216000000000010033e+02 -1.191396804208852700e+01
-1.212000000000000028e+02 -1.158255352488777135e+01
-1.208000000000020009e+02 -1.123810956358647672e+01
-1.204000000000010004e+02 -1.089734595698610065e+01
-1.200000000000029985e+02 -1.056630675258929841e+01
-1.196000000000010033e+02 -1.023146452048604260e+01
-1.192000000000000028e+02 -9.889799650987697532e+00
-1.188000000000020009e+02 -9.559604638288874412e+00
-1.184000000000010004e+02 -9.218532503386086319e+00
-1.180000000000029985e+02 -8.879646736088034231e+00
-1.176000000000010033e+02 -8.555476336288847961e+00
-1.172000000000000028e+02 -8.218225469088793034e+00
-1.168000000000020009e+02 -7.882483178887923714e+00
-1.164000000000010004e+02 -7.551819320888171205e+00
-1.160000000000029985e+02 -7.214404465688858181e+00
-1.156000000000010033e+02 -6.884413511488673976e+00
-1.152000000000000028e+02 -6.558880906464764848e+00
-1.148000000000020009e+02 -6.227916412615741137e+00
-1.144000000000010004e+02 -5.900881276164000155e+00
-1.140000000000029985e+02 -5.562877334261429496e+00
-1.136000000000010033e+02 -5.236323798115336103e+00
-1.132000000000000028e+02 -4.903896869262098335e+00
-1.128000000000020009e+02 -4.578119494763086550e+00
-1.124000000000010004e+02 -4.249283048011420760e+00
-1.120000000000029985e+02 -3.916112764214631170e+00
-1.116000000000010033e+02 -3.596901125863951165e+00
-1.112000000000000028e+02 -3.266217814911215100e+00
-1.108000000000020009e+02 -2.942320090660359710e+00
-1.104000000000010004e+02 -2.617714845160662662e+00
-1.100000000000029985e+02 -2.287199764661636436e+00
-1.096000000000010033e+02 -1.963432617565558758e+00
-1.092000000000000028e+02 -1.634739490160427522e+00
-1.088000000000020009e+02 -1.309571870937361382e+00
-1.084000000000010004e+02 -9.877202074385422748e-01
-1.080000000000029985e+02 -6.626363906398182735e-01
-1.076000000000010033e+02 -3.361970321384433191e-01
-1.072000000000000028e+02 -7.198428036645054817e-03
-1.068000000000020009e+02 3.053320894614444114e-01
-1.064000000000010004e+02 6.283279319613939151e-01
-1.060000000000029985e+02 9.505415601597633213e-01
-1.056000000000010033e+02 1.277452202863059938e+00
-1.052000000000000028e+02 1.593953361360036070e+00
-1.048000000000020009e+02 1.914709418459096923e+00
-1.044000000000010004e+02 2.239663274958729744e+00
-1.040000000000029985e+02 2.555583849461982027e+00
-1.036000000000010033e+02 2.868764194561663317e+00
-1.032000000000000028e+02 3.188634788060880965e+00
-1.028000000000020009e+02 3.507497217062336858e+00
-1.024000000000010004e+02 3.828060145962808747e+00
-1.020000000000029985e+02 4.119010891859943513e+00
-1.016000000000010033e+02 4.442408189261186635e+00
-1.012000000000000028e+02 4.764453579511609860e+00
-1.008000000000020009e+02 5.084605361058493145e+00
-1.004000000000010004e+02 5.401046408911497565e+00
-1.000000000000029985e+02 5.722366056310420390e+00
-9.960000000000150067e+01 6.038995377009996446e+00
-9.920000000000000284e+01 6.356740951508982107e+00
-9.880000000000219984e+01 6.672663355064287316e+00
-9.840000000000070202e+01 6.989720831112208543e+00
-9.800000000000289901e+01 7.307191890860849526e+00
-9.760000000000150067e+01 7.625598226361034904e+00
-9.720000000000000284e+01 7.940180273260921240e+00
-9.680000000000219984e+01 8.258033336012886139e+00
-9.640000000000070202e+01 8.568713346110598650e+00
-9.600000000000289901e+01 8.915278854161442723e+00
-9.560000000000150067e+01 9.236733338362682844e+00
-9.520000000000000284e+01 9.558080921160581056e+00
-9.480000000000219984e+01 9.866976027762575541e+00
-9.440000000000070202e+01 1.018559432206166093e+01
-9.400000000000289901e+01 1.049698430596254184e+01
-9.360000000000150067e+01 1.081358022346103098e+01
-9.320000000000000284e+01 1.112859346906043356e+01
-9.280000000000219984e+01 1.143946113716083346e+01
-9.240000000000070202e+01 1.175338484906387748e+01
-9.200000000000289901e+01 1.206559228676269413e+01
-9.160000000000150067e+01 1.238031523106110399e+01
-9.120000000000000284e+01 1.269258946326226578e+01
-9.080000000000219984e+01 1.300525359936000314e+01
-9.040000000000070202e+01 1.331387297606124775e+01
-9.000000000000289901e+01 1.363905519305990310e+01
-8.960000000000150067e+01 1.395367488726333249e+01
-8.920000000000000284e+01 1.429709844590979628e+01
-8.880000000000219984e+01 1.460128864196303766e+01
-8.840000000000070202e+01 1.490742832916293992e+01
-8.800000000000289901e+01 1.521483974416332785e+01
-8.760000000000150067e+01 1.552102923411075608e+01
-8.720000000000000284e+01 1.582227575196156977e+01
-8.680000000000219984e+01 1.612704896591458237e+01
-8.640000000000070202e+01 1.643000265450973529e+01
-8.600000000000289901e+01 1.673285978181229439e+01
-8.560000000000150067e+01 1.703865026101266267e+01
-8.520000000000000284e+01 1.734174424101365730e+01
-8.480000000000219984e+01 1.764131030036514858e+01
-8.440000000000070202e+01 1.794689672511231038e+01
-8.400000000000289901e+01 1.824428250101482263e+01
-8.360000000000150067e+01 1.855267109306441853e+01
-8.320000000000000284e+01 1.880153001726284856e+01
-8.280000000000219984e+01 1.910224207916326122e+01
-8.240000000000070202e+01 1.938901250846538460e+01
-8.200000000000289901e+01 1.968187798906365060e+01
-8.160000000000150067e+01 1.997190123226391734e+01
-8.120000000000000284e+01 2.026066488606375060e+01
-8.080000000000219984e+01 2.055383524726494215e+01
-8.040000000000070202e+01 2.084181788286514347e+01
-8.000000000000289901e+01 2.112890654786315281e+01
-7.960000000000150067e+01 2.142020514906471362e+01
-7.920000000000000284e+01 2.170506373346142936e+01
-7.880000000000219984e+01 2.199187059696123470e+01
-7.840000000000070202e+01 2.227819889196325676e+01
-7.800000000000289901e+01 2.256679127616371261e+01
-7.760000000000150067e+01 2.285287542646256043e+01
-7.720000000000000284e+01 2.313464518336331821e+01
-7.680000000000219984e+01 2.342469878096380853e+01
-7.640000000000070202e+01 2.371154378648861893e+01
-7.600000000000289901e+01 2.398773895448539406e+01
-7.560000000000150067e+01 2.427050410733863828e+01
-7.520000000000000284e+01 2.455150316968865809e+01
-7.480000000000219984e+01 2.482971888444080832e+01
-7.440000000000070202e+01 2.510568265998881543e+01
-7.400000000000289901e+01 2.538180312583790510e+01
-7.360000000000150067e+01 2.565898883138652309e+01
-7.320000000000000284e+01 2.593245530119020259e+01
-7.280000000000219984e+01 2.620353622618858935e+01
-7.240000000000070202e+01 2.647755172343750019e+01
-7.200000000000289901e+01 2.675241017548978562e+01
-7.160000000000150067e+01 2.703010055663980893e+01
-7.120000000000000284e+01 2.729085582173865987e+01
-7.080000000000219984e+01 2.756074396903568413e+01
-7.040000000000070202e+01 2.782090949521443690e+01
-7.000000000000289901e+01 2.809004456601542188e+01
-6.960000000000150067e+01 2.834980505441490095e+01
-6.920000000000000284e+01 2.861077289031527471e+01
-6.880000000000219984e+01 2.888308424401475349e+01
-6.840000000000070202e+01 2.914084421661391389e+01
-6.800000000000289901e+01 2.940144401721408940e+01
-6.760000000000150067e+01 2.966344308211409952e+01
-6.720000000000000284e+01 2.992479717431342578e+01
-6.680000000000219984e+01 3.018530951861612266e+01
-6.640000000000070202e+01 3.044072401981247822e+01
-6.600000000000289901e+01 3.069627820711320965e+01
-6.560000000000150067e+01 3.094960594861186109e+01
-6.520000000000000284e+01 3.120077163381210994e+01
-6.480000000000219984e+01 3.145493384381552460e+01
-6.440000000000070202e+01 3.170208149791142205e+01
-6.400000000000289901e+01 3.195819563811528496e+01
-6.360000000000150067e+01 3.216726803158962866e+01
-6.320000000000000284e+01 3.242090429873860558e+01
-6.280000000000219984e+01 3.266622939123772085e+01
-6.240000000000070202e+01 3.291804309038707288e+01
-6.200000000000289901e+01 3.316177396808780031e+01
-6.160000000000150067e+01 3.340993524223449640e+01
-6.120000000000000284e+01 3.365224316909007030e+01
-6.080000000000219984e+01 3.389128856968454784e+01
-6.040000000000070202e+01 3.413434471343498444e+01
-6.000000000000289901e+01 3.437123048683861271e+01
-5.960000000000150067e+01 3.461201222028830671e+01
-5.920000000000000284e+01 3.484613286428793799e+01
-5.880000000000219984e+01 3.508031849093822530e+01
-5.840000000000070202e+01 3.531419256343724555e+01
-5.800000000000289901e+01 3.554536831183941104e+01
-5.760000000000150067e+01 3.581257035586168058e+01
-5.720000000000000284e+01 3.603845331586126122e+01
-5.680000000000219984e+01 3.627830098286358407e+01
-5.640000000000070202e+01 3.650215549626227585e+01
-5.600000000000289901e+01 3.672731453166124993e+01
-5.560000000000150067e+01 3.695207758786273189e+01
-5.520000000000000284e+01 3.717482799346180400e+01
-5.480000000000219984e+01 3.739642690876280540e+01
-5.440000000000070202e+01 3.761640064846142195e+01
-5.400000000000289901e+01 3.782888612716124044e+01
-5.360000000000150067e+01 3.804428795145940967e+01
-5.320000000000000284e+01 3.826051208966237027e+01
-5.280000000000219984e+01 3.847043710696016205e+01
-5.240000000000070202e+01 3.868034147866273997e+01
-5.200000000000289901e+01 3.888639786335988902e+01
-5.160000000000150067e+01 3.908932776996152825e+01
-5.120000000000000284e+01 3.930258688660978805e+01
-5.080000000000219984e+01 3.949895227221350069e+01
-5.040000000000070202e+01 3.969813926166170859e+01
-5.000000000000289901e+01 3.989239117626129882e+01
-4.960000000000150067e+01 4.008495109181239968e+01
-4.920000000000000284e+01 4.027145724101137603e+01
-4.880000000000219984e+01 4.045765001280960860e+01
-4.840000000000070202e+01 4.064348568506102310e+01
-4.800000000000289901e+01 4.082313276321292506e+01
-4.760000000000150067e+01 4.100725822031017742e+01
-4.720000000000000284e+01 4.118150865170900943e+01
-4.680000000000219984e+01 4.135439322570891818e+01
-4.640000000000070202e+01 4.152392296346079092e+01
-4.600000000000289901e+01 4.169166292621230241e+01
-4.560000000000150067e+01 4.185877674186122022e+01
-4.520000000000000284e+01 4.202022365701122908e+01
-4.480000000000219984e+01 4.216730309786362341e+01
-4.440000000000070202e+01 4.232269927945890231e+01
-4.400000000000289901e+01 4.247150239726033760e+01
-4.360000000000150067e+01 4.261901314136048313e+01
-4.320000000000000284e+01 4.276388810956268571e+01
-4.280000000000219984e+01 4.290296925176153309e+01
-4.240000000000070202e+01 4.304377760506031336e+01
-4.200000000000289901e+01 4.317843624116358114e+01
-4.160000000000150067e+01 4.330725488736061379e+01
-4.120000000000000284e+01 4.344148110886089853e+01
-4.080000000000219984e+01 4.356207664596149698e+01
-4.040000000000070202e+01 4.368915470596039086e+01
-4.000000000000289901e+01 4.380135222135868389e+01
-3.960000000000150067e+01 4.391318412746113609e+01
-3.920000000000000284e+01 4.402924297796198516e+01
-3.880000000000219984e+01 4.413542437495925697e+01
-3.840000000000070202e+01 4.423812704715965083e+01
-3.800000000000289901e+01 4.432617220601241570e+01
-3.760000000000150067e+01 4.442363188806120888e+01
-3.720000000000000284e+01 4.451647410905934521e+01
-3.680000000000219984e+01 4.460619774235965451e+01
-3.640000000000070202e+01 4.469075794361197040e+01
-3.600000000000289901e+01 4.476657455966051202e+01
-3.560000000000150067e+01 4.484555106150946813e+01
-3.520000000000000284e+01 4.491710125271129073e+01
-3.480000000000219984e+01 4.498498201955953846e+01
-3.440000000000070202e+01 4.504728879871254321e+01
-3.400000000000289901e+01 4.510495504931168398e+01
-3.360000000000150067e+01 4.515628755961006391e+01
-3.320000000000000284e+01 4.520508268495905213e+01
-3.280000000000219984e+01 4.524784044101033942e+01
-3.240000000000070202e+01 4.527805339541009744e+01
-3.200000000000289901e+01 4.532759873746181256e+01
-3.160000000000150067e+01 4.535630432145990198e+01
-3.119999999999999929e+01 4.538080725686086225e+01
-3.080000000000219984e+01 4.539381119546305854e+01
-3.040000000000069846e+01 4.540378581696131732e+01
-3.000000000000289901e+01 4.540789616235997528e+01
-2.960000000000150067e+01 4.540282747336095781e+01
-2.919999999999999929e+01 4.539428490756108658e+01
-2.880000000000219984e+01 4.537928774805914145e+01
-2.840000000000069846e+01 4.536658505286322907e+01
-2.800000000000289901e+01 4.533623119756157394e+01
-2.760000000000150067e+01 4.530407118196308147e+01
-2.719999999999999929e+01 4.525549651866094791e+01
-2.680000000000219984e+01 4.520980662286092411e+01
-2.640000000000069846e+01 4.514956291066118865e+01
-2.600000000000289901e+01 4.508654010086320341e+01
-2.560000000000150067e+01 4.501534519946289947e+01
-2.519999999999999929e+01 4.494090456806225120e+01
-2.480000000000219984e+01 4.485898499766335590e+01
-2.440000000000069846e+01 4.476195165981334867e+01
-2.400000000000289901e+01 4.466175479751109378e+01
-2.360000000000150067e+01 4.455305970691188122e+01
-2.319999999999999929e+01 4.443194187946210150e+01
-2.280000000000219984e+01 4.430619141691204277e+01
-2.240000000000069846e+01 4.416624241906174575e+01
-2.200000000000289901e+01 4.401777515166031662e+01
-2.160000000000150067e+01 4.386499165896384511e+01
-2.119999999999999929e+01 4.369452848096261732e+01
-2.080000000000219984e+01 4.352246682841359871e+01
-2.040000000000069846e+01 4.333506974616466323e+01
-2.000000000000289901e+01 4.313417315056358348e+01
-1.960000000000150067e+01 4.293006869351302157e+01
-1.919999999999999929e+01 4.271976267266290961e+01
-1.880000000000219984e+01 4.248275603556248825e+01
-1.840000000000069846e+01 4.224391652226040605e+01
-1.800000000000289901e+01 4.198269483356125420e+01
-1.760000000000150067e+01 4.171616030446239165e+01
-1.719999999999999929e+01 4.143360345626206254e+01
-1.680000000000219984e+01 4.113556845366110792e+01
-1.640000000000069846e+01 4.082820987876038998e+01
-1.600000000000289901e+01 4.050269364356063306e+01
-1.560000000000150067e+01 4.015933556646268698e+01
-1.519999999999999929e+01 3.980715313316250104e+01
-1.480000000000219984e+01 3.942660521266225260e+01
-1.440000000000070024e+01 3.904657107926323079e+01
-1.400000000000290079e+01 3.863683170906006126e+01
-1.360000000000150067e+01 3.821306203666244983e+01
-1.319999999999999929e+01 3.777319351996266050e+01
-1.280000000000219984e+01 3.731412884506426053e+01
-1.240000000000070024e+01 3.681526380342984339e+01
-1.200000000000290079e+01 3.631726747003267519e+01
-1.160000000000150067e+01 3.579611706668219995e+01
-1.119999999999999929e+01 3.524389435688135563e+01
-1.080000000000219984e+01 3.467586794368253322e+01
-1.040000000000070024e+01 3.408086438467944390e+01
-1.000000000000290079e+01 3.346512205603357870e+01
-9.600000000001449152e+00 3.282141508768108906e+01
-9.199999999999999289e+00 3.214061300818138989e+01
-8.800000000002180300e+00 3.143924223253270611e+01
-8.400000000000730438e+00 3.070042409108282300e+01
-8.000000000002909673e+00 2.992254676278389525e+01
-7.600000000001459810e+00 2.912203948332899017e+01
-7.200000000000000178e+00 2.826582638198306086e+01
-6.800000000002180300e+00 2.737816625528284931e+01
-6.400000000000730438e+00 2.647220781279975199e+01
-6.000000000002909673e+00 2.549244639649987221e+01
-5.600000000001459810e+00 2.447601740950267413e+01
-5.200000000000000178e+00 2.338717281910066959e+01
-4.800000000002180300e+00 2.227067814109977917e+01
-4.400000000000730438e+00 2.108878729230127647e+01
-4.000000000002909673e+00 1.984669643780216575e+01
-3.600000000001459810e+00 1.850676266050140839e+01
-3.200000000000000178e+00 1.709749479520178284e+01
-2.800000000002179856e+00 1.559624956819970976e+01
-2.400000000000729994e+00 1.397407476169973961e+01
-2.000000000002910117e+00 1.224052961480265367e+01
-1.600000000001460032e+00 1.034090069739977480e+01
-1.199999999999999956e+00 8.270418144802533789e+00
-8.000000000021829649e-01 5.960078241201699711e+00
-4.000000000007279954e-01 3.284381768502498744e+00
-2.910387209009709878e-12 0.000000000000000000e+00
