-2.128000000000020009e+02 -1.891319257830800780e+03
-2.124000000000010004e+02 -2.062548630916826369e+03
-2.120000000000030127e+02 -1.889028724582844006e+03
-2.116000000000009891e+02 -9.488196557083065272e+02
-2.111999999999999886e+02 -9.388932424098093179e+02
-2.108000000000020009e+02 -9.360766861828233232e+02
-2.104000000000010004e+02 -9.357373378233241965e+02
-2.100000000000030127e+02 -5.692068247373317718e+02
-2.096000000000009891e+02 -5.684626862278310000e+02
-2.091999999999999886e+02 -5.432164963398463442e+02
-2.088000000000020009e+02 -5.166983949033237877e+02
-2.084000000000010004e+02 -5.158104627903449000e+02
-2.080000000000030127e+02 -5.146346927038030117e+02
-2.076000000000009891e+02 -5.148125637588018435e+02
-2.184000000000010004e+02 -1.932851536473207670e+04
-2.180000000000030127e+02 -1.932593232112908299e+04
-2.176000000000009891e+02 -8.338019624227083114e+03
-2.171999999999999886e+02 -1.932518418065607693e+04
-2.168000000000020009e+02 -8.322731718812086910e+03
-2.164000000000010004e+02 -8.322391230941087997e+03
-2.160000000000030127e+02 -8.321611529264082492e+03
-2.156000000000009891e+02 -8.321561933085096825e+03
-2.151999999999999886e+02 -8.319423233928078844e+03
-2.148000000000020009e+02 -8.319002676991083717e+03
-2.144000000000010004e+02 -5.377650782566088310e+03
-2.140000000000030127e+02 -5.377706597701100691e+03
-2.136000000000009891e+02 -2.839290848519078281e+03
-2.131999999999999886e+02 -2.847816105106096074e+03
-2.071999999999999886e+02 -1.089189255900928401e+02
-2.068000000000020009e+02 -1.070096697510816739e+02
-2.064000000000010004e+02 -1.064465046110926778e+02
-2.060000000000030127e+02 -1.053298134980796021e+02
-2.056000000000009891e+02 -1.054483081047401356e+02
-2.051999999999999886e+02 -1.040467886959377211e+02
-2.048000000000020009e+02 -1.030335262954322388e+02
-2.044000000000010004e+02 -1.026581733635794080e+02
-2.040000000000030127e+02 -1.016244662410390447e+02
-2.036000000000009891e+02 -1.009238618637828040e+02
-2.031999999999999886e+02 -1.001460835659891018e+02
-2.028000000000020009e+02 -9.935536262579262257e+01
-2.024000000000010004e+02 -9.868874871943990001e+01
-2.020000000000030127e+02 -9.775613841408630833e+01
-2.016000000000009891e+02 -9.714357117688996368e+01
-2.011999999999999886e+02 -9.662232543718346278e+01
-2.008000000000020009e+02 -9.609592954219260719e+01
-2.004000000000010004e+02 -9.544618463123697438e+01
-2.000000000000030127e+02 -9.487460418199043488e+01
-1.996000000000009891e+02 -9.415376884743454866e+01
-1.991999999999999886e+02 -9.362587661058569211e+01
-1.988000000000020009e+02 -9.276754395748866955e+01
-1.984000000000010004e+02 -9.234391640838657622e+01
-1.980000000000030127e+02 -9.174975334993723664e+01
-1.976000000000009891e+02 -9.106368583033327013e+01
-1.971999999999999886e+02 -9.037855118218067219e+01
-1.968000000000020009e+02 -8.918008123888284899e+01
-1.964000000000010004e+02 -8.876224509118037531e+01
-1.960000000000030127e+02 -8.797574140808137599e+01
-1.956000000000009891e+02 -8.736224131708149798e+01
-1.951999999999999886e+02 -8.659800927017931826e+01
-1.948000000000020009e+02 -8.602458258628030308e+01
-1.944000000000010004e+02 -8.522548551717773080e+01
-1.940000000000030127e+02 -8.476757594918308314e+01
-1.936000000000009891e+02 -8.414062736328196479e+01
-1.931999999999999886e+02 -8.350466130958375288e+01
-1.928000000000020009e+02 -8.298002939345678897e+01
-1.924000000000010004e+02 -8.247353427976122475e+01
-1.920000000000030127e+02 -8.180925222596124513e+01
-1.916000000000009891e+02 -8.119654895945859607e+01
-1.911999999999999886e+02 -8.056454749605109100e+01
-1.908000000000020009e+02 -8.008965237970187445e+01
-1.904000000000010004e+02 -7.952411602181018679e+01
-1.900000000000030127e+02 -7.895358500885413378e+01
-1.896000000000009891e+02 -7.832570359350938816e+01
-1.891999999999999886e+02 -7.778181696210231166e+01
-1.888000000000020009e+02 -7.723178910341084702e+01
-1.884000000000010004e+02 -7.668265520080603892e+01
-1.880000000000030127e+02 -7.615052632995866588e+01
-1.876000000000009891e+02 -7.561381089105998399e+01
-1.871999999999999886e+02 -7.514225853241077857e+01
-1.868000000000020009e+02 -7.460645654196196119e+01
-1.864000000000010004e+02 -7.403060054835805204e+01
-1.860000000000030127e+02 -7.355652172800910193e+01
-1.856000000000009891e+02 -7.303543143576098373e+01
-1.851999999999999886e+02 -7.254432820690271910e+01
-1.848000000000020009e+02 -7.181713299864350120e+01
-1.844000000000010004e+02 -7.117160523264465155e+01
-1.840000000000030127e+02 -7.073367410564242164e+01
-1.836000000000009891e+02 -7.018982628564845072e+01
-1.831999999999999886e+02 -6.967582955762190977e+01
-1.828000000000020009e+02 -6.920338318064023042e+01
-1.824000000000010004e+02 -6.867737601264525438e+01
-1.820000000000030127e+02 -6.817655561562423827e+01
-1.816000000000009891e+02 -6.774698120964603731e+01
-1.811999999999999886e+02 -6.722898093963885913e+01
-1.808000000000020009e+02 -6.675595153863105224e+01
-1.804000000000010004e+02 -6.623383122465020278e+01
-1.800000000000030127e+02 -6.571625854162994074e+01
-1.796000000000009891e+02 -6.530238694462605054e+01
-1.791999999999999886e+02 -6.477815446165914182e+01
-1.788000000000020009e+02 -6.424536477136280155e+01
-1.784000000000010004e+02 -6.375216261305831722e+01
-1.780000000000030127e+02 -6.336649012796988245e+01
-1.776000000000009891e+02 -6.286566975781897781e+01
-1.771999999999999886e+02 -6.236494654765556334e+01
-1.768000000000020009e+02 -6.191362521790506435e+01
-1.764000000000010004e+02 -6.144112051811680431e+01
-1.760000000000030127e+02 -6.099273373780670227e+01
-1.756000000000009891e+02 -6.052436854902043706e+01
-1.751999999999999886e+02 -6.005835492796177277e+01
-1.748000000000020009e+02 -5.963781741250568302e+01
-1.744000000000010004e+02 -5.913379038270795718e+01
-1.740000000000030127e+02 -5.872386394106797525e+01
-1.736000000000009891e+02 -5.829496970260879607e+01
-1.731999999999999886e+02 -5.779801674286863999e+01
-1.728000000000020009e+02 -5.732895192690921249e+01
-1.724000000000010004e+02 -5.692295123710937332e+01
-1.720000000000030127e+02 -5.653541925198805984e+01
-1.716000000000009891e+02 -5.614669558498644619e+01
-1.711999999999999886e+02 -5.574277434318719315e+01
-1.708000000000020009e+02 -5.517657719648923376e+01
-1.704000000000010004e+02 -5.471579136808941257e+01
-1.700000000000030127e+02 -5.430732251288645784e+01
-1.696000000000009891e+02 -5.383755806468616356e+01
-1.691999999999999886e+02 -5.348024012988753384e+01
-1.688000000000020009e+02 -5.301580066308815731e+01
-1.684000000000010004e+02 -5.261646590508826193e+01
-1.680000000000030127e+02 -5.215894502528681187e+01
-1.676000000000009891e+02 -5.175716155178815825e+01
-1.671999999999999886e+02 -5.127363766088819830e+01
-1.668000000000020009e+02 -5.079664367598888930e+01
-1.664000000000010004e+02 -5.045685542728824657e+01
-1.660000000000030127e+02 -5.002097122111445060e+01
-1.656000000000009891e+02 -4.966242893016169546e+01
-1.651999999999999886e+02 -4.922677157396537950e+01
-1.648000000000020009e+02 -4.882613471631339053e+01
-1.644000000000010004e+02 -4.842262159536039690e+01
-1.640000000000030127e+02 -4.794549156931316247e+01
-1.636000000000009891e+02 -4.757744593361712759e+01
-1.631999999999999886e+02 -4.717698398701031692e+01
-1.628000000000020009e+02 -4.676797097251255764e+01
-1.624000000000010004e+02 -4.637091001621593023e+01
-1.620000000000030127e+02 -4.594908983916320722e+01
-1.616000000000009891e+02 -4.551568685381425894e+01
-1.611999999999999886e+02 -4.512698262176490971e+01
-1.608000000000020009e+02 -4.472850296456454089e+01
-1.604000000000010004e+02 -4.437291467656177701e+01
-1.600000000000030127e+02 -4.387546279894013423e+01
-1.596000000000009891e+02 -4.347651671983840060e+01
-1.591999999999999886e+02 -4.309758791043714155e+01
-1.588000000000020009e+02 -4.265262155263917521e+01
-1.584000000000010004e+02 -4.220722764003949123e+01
-1.580000000000030127e+02 -4.181889265893914853e+01
-1.576000000000009891e+02 -4.145593879553780425e+01
-1.571999999999999886e+02 -4.102309940273698885e+01
-1.568000000000020009e+02 -4.064211056393833132e+01
-1.564000000000010004e+02 -4.026936184203805169e+01
-1.560000000000030127e+02 -3.989529159144149162e+01
-1.556000000000009891e+02 -3.951993868113640929e+01
-1.551999999999999886e+02 -3.916475851253926521e+01
-1.548000000000020009e+02 -3.873071419753978262e+01
-1.544000000000010004e+02 -3.835711036833890830e+01
-1.540000000000030127e+02 -3.796554930263664573e+01
-1.536000000000009891e+02 -3.758316119694063673e+01
-1.531999999999999886e+02 -3.723441819224171923e+01
-1.528000000000020009e+02 -3.683308170329109998e+01
-1.524000000000010004e+02 -3.648138026249216637e+01
-1.520000000000030127e+02 -3.604875464654105599e+01
-1.516000000000009891e+02 -3.569345787289057625e+01
-1.511999999999999886e+02 -3.529626087649012334e+01
-1.508000000000020009e+02 -3.492971167738869553e+01
-1.504000000000010004e+02 -3.454563279313879320e+01
-1.500000000000030127e+02 -3.412678605268956744e+01
-1.496000000000009891e+02 -3.380036855979051325e+01
-1.491999999999999886e+02 -3.342515168989120866e+01
-1.488000000000020009e+02 -3.305492941814009100e+01
-1.484000000000010004e+02 -3.268546508343933965e+01
-1.480000000000030127e+02 -3.231032594899079413e+01
-1.476000000000009891e+02 -3.192929824144084705e+01
-1.471999999999999886e+02 -3.156905016474047443e+01
-1.468000000000020009e+02 -3.119369725474098232e+01
-1.464000000000010004e+02 -3.081780018594145076e+01
-1.460000000000030127e+02 -3.043774418884277111e+01
-1.456000000000009891e+02 -3.005088620784226805e+01
-1.451999999999999886e+02 -2.973169825053992099e+01
-1.448000000000020009e+02 -2.933492880834091920e+01
-1.444000000000010004e+02 -2.901418611274129944e+01
-1.440000000000030127e+02 -2.859020873453846434e+01
-1.436000000000009891e+02 -2.822134686024219263e+01
-1.431999999999999886e+02 -2.792602415013971040e+01
-1.428000000000020009e+02 -2.749264059874258237e+01
-1.424000000000010004e+02 -2.716847747733845608e+01
-1.420000000000030127e+02 -2.682017702883968013e+01
-1.416000000000009891e+02 -2.646635725624219049e+01
-1.411999999999999886e+02 -2.609920559424062958e+01
-1.408000000000020009e+02 -2.574107142214052146e+01
-1.404000000000010004e+02 -2.538696361656184308e+01
-1.400000000000030127e+02 -2.503520387451499118e+01
-1.396000000000009891e+02 -2.465664431366167264e+01
-1.391999999999999886e+02 -2.429942354876402533e+01
-1.388000000000020009e+02 -2.395930491666513262e+01
-1.384000000000010004e+02 -2.361238429951481521e+01
-1.380000000000030127e+02 -2.328526717191562057e+01
-1.376000000000009891e+02 -2.290894255071543739e+01
-1.371999999999999886e+02 -2.256454838406352792e+01
-1.368000000000020009e+02 -2.225288147706305608e+01
-1.364000000000010004e+02 -2.188635171216446906e+01
-1.360000000000030127e+02 -2.158280831881711492e+01
-1.356000000000009891e+02 -2.123163160346302902e+01
-1.351999999999999886e+02 -2.089586624026560457e+01
-1.348000000000020009e+02 -2.054536972321511712e+01
-1.344000000000010004e+02 -2.025424829459007015e+01
-1.340000000000030127e+02 -1.995437797198974295e+01
-1.336000000000009891e+02 -1.958543836088938406e+01
-1.331999999999999886e+02 -1.926030352758971276e+01
-1.328000000000020009e+02 -1.893058221399041940e+01
-1.324000000000010004e+02 -1.861811850378944655e+01
-1.320000000000030127e+02 -1.830254531468744972e+01
-1.316000000000009891e+02 -1.797406779288940015e+01
-1.311999999999999886e+02 -1.767190423108695541e+01
-1.308000000000020009e+02 -1.731684066679008538e+01
-1.304000000000010004e+02 -1.695777365058893338e+01
-1.300000000000030127e+02 -1.667139069188851863e+01
-1.296000000000009891e+02 -1.636942147258741898e+01
-1.291999999999999886e+02 -1.604770706439012429e+01
-1.288000000000020009e+02 -1.563158111878874479e+01
-1.284000000000010004e+02 -1.535639228088984964e+01
-1.280000000000030127e+02 -1.498962930418929318e+01
-1.276000000000010033e+02 -1.475437282181519549e+01
-1.272000000000000028e+02 -1.444418291886540828e+01
-1.268000000000020009e+02 -1.414730547081126133e+01
-1.264000000000010004e+02 -1.379012357321335003e+01
-1.260000000000029985e+02 -1.347987536786240526e+01
-1.256000000000010033e+02 -1.314317716106597800e+01
-1.252000000000000028e+02 -1.283094666161196074e+01
-1.248000000000020009e+02 -1.251955183601239696e+01
-1.244000000000010004e+02 -1.217900565006129909e+01
-1.240000000000029985e+02 -1.189036831846169662e+01
-1.236000000000010033e+02 -1.157230754851480015e+01
-1.232000000000000028e+02 -1.124451022281573387e+01
-1.228000000000020009e+02 -1.092718795301334467e+01
-1.224000000000010004e+02 -1.059385186986401095e+01
-1.220000000000029985e+02 -1.030910138721083058e+01
-1.216000000000010033e+02 -9.887120726540160831e+00
-1.212000000000000028e+02 -9.526460102140845265e+00
-1.208000000000020009e+02 -9.247151206036505755e+00
-1.204000000000010004e+02 -8.879844071539992001e+00
-1.200000000000029985e+02 -8.556419451339024818e+00
-1.196000000000010033e+02 -8.256976682037930004e+00
-1.192000000000000028e+02 -7.890680128337407950e+00
-1.188000000000020009e+02 -7.601187690437654965e+00
-1.184000000000010004e+02 -7.237922877240634989e+00
-1.180000000000029985e+02 -6.963550278036564123e+00
-1.176000000000010033e+02 -6.645023086137371138e+00
-1.172000000000000028e+02 -6.309432631540403236e+00
-1.168000000000020009e+02 -5.973531226838531438e+00
-1.164000000000010004e+02 -5.694105727638088865e+00
-1.160000000000029985e+02 -5.324116666735790204e+00
-1.156000000000010033e+02 -5.038161260938068153e+00
-1.152000000000000028e+02 -4.709165186060999986e+00
-1.148000000000020009e+02 -4.416835349613393191e+00
-1.144000000000010004e+02 -4.081516973263205728e+00
-1.140000000000029985e+02 -3.789284307662455831e+00
-1.136000000000010033e+02 -3.486518283563782461e+00
-1.132000000000000028e+02 -3.136177240514371078e+00
-1.128000000000020009e+02 -2.834849349565047305e+00
-1.124000000000010004e+02 -2.517196698063344229e+00
-1.120000000000029985e+02 -2.196881555864820257e+00
-1.116000000000010033e+02 -1.878995692764874548e+00
-1.112000000000000028e+02 -1.572692637411819305e+00
-1.108000000000020009e+02 -1.241416584063699702e+00
-1.104000000000010004e+02 -9.350163570634322241e-01
-1.100000000000029985e+02 -6.402183719619642943e-01
-1.096000000000010033e+02 -2.943472037150058895e-01
-1.092000000000000028e+02 -3.091608151225955226e-02
-1.088000000000020009e+02 3.067865355114918202e-01
-1.084000000000010004e+02 6.270628100137400907e-01
-1.080000000000029985e+02 8.783086636103689671e-01
-1.076000000000010033e+02 1.243711244311271003e+00
-1.072000000000000028e+02 1.543192881912546000e+00
-1.068000000000020009e+02 1.846211551310261711e+00
-1.064000000000010004e+02 2.137491939112805994e+00
-1.060000000000029985e+02 2.429860644911968848e+00
-1.056000000000010033e+02 2.724367115610220935e+00
-1.052000000000000028e+02 3.033488135213701753e+00
-1.048000000000020009e+02 3.333086379912856501e+00
-1.044000000000010004e+02 3.622850897612806875e+00
-1.040000000000029985e+02 3.897456708113168133e+00
-1.036000000000010033e+02 4.248205870211677393e+00
-1.032000000000000028e+02 4.556782733012369135e+00
-1.028000000000020009e+02 4.819494788913289085e+00
-1.024000000000010004e+02 5.118121318613702897e+00
-1.020000000000029985e+02 5.305685187886410858e+00
-1.016000000000010033e+02 5.598053894434997346e+00
-1.012000000000000028e+02 5.903521277235995512e+00
-1.008000000000020009e+02 6.247002034186152741e+00
-1.004000000000010004e+02 6.545414788935886463e+00
-1.000000000000029985e+02 6.813004838033521082e+00
-9.960000000000150067e+01 7.136448893386841519e+00
-9.920000000000000284e+01 7.445841993285284843e+00
-9.880000000000219984e+01 7.731894571435987018e+00
-9.840000000000070202e+01 8.038061587285483256e+00
-9.800000000000289901e+01 8.318692012289830018e+00
-9.760000000000150067e+01 8.622973906785773579e+00
-9.720000000000000284e+01 8.930656793534581084e+00
-9.680000000000219984e+01 9.231265617338067386e+00
-9.640000000000070202e+01 9.519222750488552265e+00
-9.600000000000289901e+01 9.925693897363089491e+00
-9.560000000000150067e+01 1.025327744446258293e+01
-9.520000000000000284e+01 1.058432028906099731e+01
-9.480000000000219984e+01 1.086646658346217009e+01
-9.440000000000070202e+01 1.121325116156367585e+01
-9.400000000000289901e+01 1.154235058135964209e+01
-9.360000000000150067e+01 1.185368710506008938e+01
-9.320000000000000284e+01 1.218818924246443203e+01
-9.280000000000219984e+01 1.248763201116162236e+01
-9.240000000000070202e+01 1.280647015236172592e+01
-9.200000000000289901e+01 1.306813275866443291e+01
-9.160000000000150067e+01 1.340753232536371797e+01
-9.120000000000000284e+01 1.370767472776060458e+01
-9.080000000000219984e+01 1.399681734956175205e+01
-9.040000000000070202e+01 1.429859222596132895e+01
-9.000000000000289901e+01 1.457164329706210992e+01
-8.960000000000150067e+01 1.489258033555961447e+01
-8.920000000000000284e+01 1.522205211726031848e+01
-8.880000000000219984e+01 1.550241046246082988e+01
-8.840000000000070202e+01 1.579734448761155363e+01
-8.800000000000289901e+01 1.608226987976377131e+01
-8.760000000000150067e+01 1.640174935016329982e+01
-8.720000000000000284e+01 1.670041474930985714e+01
-8.680000000000219984e+01 1.698141442386258859e+01
-8.640000000000070202e+01 1.728839767761019175e+01
-8.600000000000289901e+01 1.761508725161183975e+01
-8.560000000000150067e+01 1.788224974791228306e+01
-8.520000000000000284e+01 1.816151977521076333e+01
-8.480000000000219984e+01 1.845108995026384946e+01
-8.440000000000070202e+01 1.876034701085882261e+01
-8.400000000000289901e+01 1.904191027801425662e+01
-8.360000000000150067e+01 1.932463960066161235e+01
-8.320000000000000284e+01 1.964830054226331413e+01
-8.280000000000219984e+01 1.991983574206096819e+01
-8.240000000000070202e+01 2.022876242046186235e+01
-8.200000000000289901e+01 2.048883141736223479e+01
-8.160000000000150067e+01 2.080700879476353293e+01
-8.120000000000000284e+01 2.105887654356047278e+01
-8.080000000000219984e+01 2.134514289806247689e+01
-8.040000000000070202e+01 2.161597846566291992e+01
-8.000000000000289901e+01 2.191355554736219347e+01
-7.960000000000150067e+01 2.216748332496354124e+01
-7.920000000000000284e+01 2.248954754936130485e+01
-7.880000000000219984e+01 2.277068326486187289e+01
-7.840000000000070202e+01 2.303774858995893737e+01
-7.800000000000289901e+01 2.333610304136163904e+01
-7.760000000000150067e+01 2.362205844726122450e+01
-7.720000000000000284e+01 2.392103479435900226e+01
-7.680000000000219984e+01 2.418098718736291630e+01
-7.640000000000070202e+01 2.448302792926187976e+01
-7.600000000000289901e+01 2.476725368856205023e+01
-7.560000000000150067e+01 2.504459972681070212e+01
-7.520000000000000284e+01 2.531741758646239759e+01
-7.480000000000219984e+01 2.561476145771302981e+01
-7.440000000000070202e+01 2.588559702545899199e+01
-7.400000000000289901e+01 2.615979471706305048e+01
-7.360000000000150067e+01 2.644545860936341342e+01
-7.320000000000000284e+01 2.668094329426094191e+01
-7.280000000000219984e+01 2.697187386625955696e+01
-7.240000000000070202e+01 2.722037949251171085e+01
-7.200000000000289901e+01 2.753134676571062300e+01
-7.160000000000150067e+01 2.777878350796163431e+01
-7.120000000000000284e+01 2.803997969276315416e+01
-7.080000000000219984e+01 2.829713355501007754e+01
-7.040000000000070202e+01 2.854411709606210934e+01
-7.000000000000289901e+01 2.877763892266011680e+01
-6.960000000000150067e+01 2.904676427756203339e+01
-6.920000000000000284e+01 2.932319690635995357e+01
-6.880000000000219984e+01 2.957385973256168654e+01
-6.840000000000070202e+01 2.982973093615873950e+01
-6.800000000000289901e+01 3.009197657046024688e+01
-6.760000000000150067e+01 3.037070243906055111e+01
-6.720000000000000284e+01 3.062808951296028681e+01
-6.680000000000219984e+01 3.087408812226203736e+01
-6.640000000000070202e+01 3.114947130196014768e+01
-6.600000000000289901e+01 3.142170613555936143e+01
-6.560000000000150067e+01 3.165448946116157458e+01
-6.520000000000000284e+01 3.188416330906329677e+01
-6.480000000000219984e+01 3.213128910326122423e+01
-6.440000000000070202e+01 3.237697676456082263e+01
-6.400000000000289901e+01 3.263619065766033600e+01
-6.360000000000150067e+01 3.285222561741102254e+01
-6.320000000000000284e+01 3.311967962745984551e+01
-6.280000000000219984e+01 3.335092764881119365e+01
-6.240000000000070202e+01 3.358485759461109410e+01
-6.200000000000289901e+01 3.383450984136288753e+01
-6.160000000000150067e+01 3.406898394670861308e+01
-6.120000000000000284e+01 3.430050404705980327e+01
-6.080000000000219984e+01 3.452526103191121365e+01
-6.040000000000070202e+01 3.473561724476167001e+01
-6.000000000000289901e+01 3.498775707386084832e+01
-5.960000000000150067e+01 3.517768790086120134e+01
-5.920000000000000284e+01 3.540827515791170299e+01
-5.880000000000219984e+01 3.565753871946071740e+01
-5.840000000000070202e+01 3.589329548401292413e+01
-5.800000000000289901e+01 3.606672664061261457e+01
-5.760000000000150067e+01 3.631432280916124000e+01
-5.720000000000000284e+01 3.652623376146220835e+01
-5.680000000000219984e+01 3.673033214946190128e+01
-5.640000000000070202e+01 3.697862399995938176e+01
-5.600000000000289901e+01 3.717549285005952697e+01
-5.560000000000150067e+01 3.740011379586212570e+01
-5.520000000000000284e+01 3.763305259596381802e+01
-5.480000000000219984e+01 3.782852218176412862e+01
-5.440000000000070202e+01 3.804816796196246287e+01
-5.400000000000289901e+01 3.825288824476228910e+01
-5.360000000000150067e+01 3.846825849196102354e+01
-5.320000000000000284e+01 3.867601051695964998e+01
-5.280000000000219984e+01 3.888889318086148705e+01
-5.240000000000070202e+01 3.909567349456119700e+01
-5.200000000000289901e+01 3.927260281456256052e+01
-5.160000000000150067e+01 3.944879363416112028e+01
-5.120000000000000284e+01 3.960077031271066517e+01
-5.080000000000219984e+01 3.981015481396025280e+01
-5.040000000000070202e+01 4.001236808006069623e+01
-5.000000000000289901e+01 4.023024534420983400e+01
-4.960000000000150067e+01 4.040254931551316986e+01
-4.920000000000000284e+01 4.058324887801427394e+01
-4.880000000000219984e+01 4.078029263711141539e+01
-4.840000000000070202e+01 4.097475164186471375e+01
-4.800000000000289901e+01 4.114515105730970390e+01
-4.760000000000150067e+01 4.132623930546105839e+01
-4.720000000000000284e+01 4.151599522406104370e+01
-4.680000000000219984e+01 4.171029875476233428e+01
-4.640000000000070202e+01 4.188223347641178407e+01
-4.600000000000289901e+01 4.204913472926273244e+01
-4.560000000000150067e+01 4.221745468106382759e+01
-4.520000000000000284e+01 4.239819311281462433e+01
-4.480000000000219984e+01 4.260048503406142117e+01
-4.440000000000070202e+01 4.271106585846428061e+01
-4.400000000000289901e+01 4.288057129966182401e+01
-4.360000000000150067e+01 4.303550106066177250e+01
-4.320000000000000284e+01 4.317974198915908346e+01
-4.280000000000219984e+01 4.332355536416434916e+01
-4.240000000000070202e+01 4.343806190516261267e+01
-4.200000000000289901e+01 4.358428512626414886e+01
-4.160000000000150067e+01 4.371931422506168019e+01
-4.120000000000000284e+01 4.383685250756388996e+01
-4.080000000000219984e+01 4.399119924125989201e+01
-4.040000000000070202e+01 4.409929248346088571e+01
-4.000000000000289901e+01 4.422258330126351211e+01
-3.960000000000150067e+01 4.433984950526064495e+01
-3.920000000000000284e+01 4.444631027155992342e+01
-3.880000000000219984e+01 4.457834649865981191e+01
-3.840000000000070202e+01 4.467489580186156672e+01
-3.800000000000289901e+01 4.474364498708746396e+01
-3.760000000000150067e+01 4.484790968403831357e+01
-3.720000000000000284e+01 4.495153305083658779e+01
-3.680000000000219984e+01 4.503624690268770792e+01
-3.640000000000070202e+01 4.512408966743532801e+01
-3.600000000000289901e+01 4.520944484913707129e+01
-3.560000000000150067e+01 4.530692699633800657e+01
-3.520000000000000284e+01 4.538040785723569570e+01
-3.480000000000219984e+01 4.544673691748903366e+01
-3.440000000000070202e+01 4.551518431123622577e+01
-3.400000000000289901e+01 4.558576947018445935e+01
-3.360000000000150067e+01 4.564689015538897365e+01
-3.320000000000000284e+01 4.569982902463743812e+01
-3.280000000000219984e+01 4.574184585078546661e+01
-3.240000000000070202e+01 4.579509566863634973e+01
-3.200000000000289901e+01 4.584932747751008719e+01
-3.160000000000150067e+01 4.587424217260922887e+01
-3.119999999999999929e+01 4.592550969781223102e+01
-3.080000000000219984e+01 4.592531535521266051e+01
-3.040000000000069846e+01 4.594404996211233083e+01
-3.000000000000289901e+01 4.596663254921077169e+01
-2.960000000000150067e+01 4.596064680221024901e+01
-2.919999999999999929e+01 4.593118449511166546e+01
-2.880000000000219984e+01 4.593538229041223531e+01
-2.840000000000069846e+01 4.593382755200946121e+01
-2.800000000000289901e+01 4.590176105630962411e+01
-2.760000000000150067e+01 4.586600205481227022e+01
-2.719999999999999929e+01 4.584019338421057910e+01
-2.680000000000219984e+01 4.580385135591131984e+01
-2.640000000000069846e+01 4.575064040681172628e+01
-2.600000000000289901e+01 4.567616840031041647e+01
-2.560000000000150067e+01 4.562940961881031399e+01
-2.519999999999999929e+01 4.553691276658719289e+01
-2.480000000000219984e+01 4.542714817913656589e+01
-2.440000000000069846e+01 4.530533436303812778e+01
-2.400000000000289901e+01 4.522683946753750206e+01
-2.360000000000150067e+01 4.510102219803593471e+01
-2.319999999999999929e+01 4.497761477438689326e+01
-2.280000000000219984e+01 4.483799919478769880e+01
-2.240000000000069846e+01 4.470536050698865438e+01
-2.200000000000289901e+01 4.457561752183755743e+01
-2.160000000000150067e+01 4.438897108113815193e+01
-2.119999999999999929e+01 4.420982625818578526e+01
-2.080000000000219984e+01 4.400984792868985096e+01
-2.040000000000069846e+01 4.383528958603710635e+01
-2.000000000000289901e+01 4.362326202843541978e+01
-1.960000000000150067e+01 4.340344134048791602e+01
-1.919999999999999929e+01 4.319358111406472744e+01
-1.880000000000219984e+01 4.297587875866156537e+01
-1.840000000000069846e+01 4.270652019306362490e+01
-1.800000000000289901e+01 4.246922812366392463e+01
-1.760000000000150067e+01 4.218268968916527228e+01
-1.719999999999999929e+01 4.192495279946160736e+01
-1.680000000000219984e+01 4.160098402006406104e+01
-1.640000000000069846e+01 4.127518842106292141e+01
-1.600000000000289901e+01 4.097271391156391473e+01
-1.560000000000150067e+01 4.063032147196281585e+01
-1.519999999999999929e+01 4.028544145036357804e+01
-1.480000000000219984e+01 3.991611315506452229e+01
-1.440000000000070024e+01 3.951984900216484675e+01
-1.400000000000290079e+01 3.913823826706357067e+01
-1.360000000000150067e+01 3.870120107956608990e+01
-1.319999999999999929e+01 3.824263075336421025e+01
-1.280000000000219984e+01 3.781760392686555861e+01
-1.240000000000070024e+01 3.722718615923076868e+01
-1.200000000000290079e+01 3.672131289372919127e+01
-1.160000000000150067e+01 3.621180542767979205e+01
-1.119999999999999929e+01 3.569848884888051543e+01
-1.080000000000219984e+01 3.509870933573256480e+01
-1.040000000000070024e+01 3.451169811902946094e+01
-1.000000000000290079e+01 3.390126864068224677e+01
-9.600000000001449152e+00 3.326075496093108086e+01
-9.199999999999999289e+00 3.258990443068250897e+01
-8.800000000002180300e+00 3.188891139667975949e+01
-8.400000000000730438e+00 3.118436189518251922e+01
-8.000000000002909673e+00 3.039599251818071934e+01
-7.600000000001459810e+00 2.961780668168285047e+01
-7.200000000000000178e+00 2.877974395288038068e+01
-6.800000000002180300e+00 2.791872938437882112e+01
-6.400000000000730438e+00 2.714337538029940333e+01
-6.000000000002909673e+00 2.614344486829941161e+01
-5.600000000001459810e+00 2.515875079849865870e+01
-5.200000000000000178e+00 2.402017641429847572e+01
-4.800000000002180300e+00 2.288797646079910919e+01
-4.400000000000730438e+00 2.176028525389847346e+01
-4.000000000002909673e+00 2.055777221899916185e+01
-3.600000000001459810e+00 1.928595668679918163e+01
-3.200000000000000178e+00 1.789862402650032891e+01
-2.800000000002179856e+00 1.641614133859911817e+01
-2.400000000000729994e+00 1.478693013000156498e+01
-2.000000000002910117e+00 1.297534802749942173e+01
-1.600000000001460032e+00 1.107258047470168094e+01
-1.199999999999999956e+00 8.996031928301817970e+00
-8.000000000021829649e-01 6.556140834301913856e+00
-4.000000000007279954e-01 3.740469296499213669e+00
-2.910387209009709878e-12 0.000000000000000000e+00
