-2.208000000000020009e+02 -3.959581963719065243e+02
-2.204000000000010004e+02 -1.466511199758351722e+02
-2.200000000000030127e+02 -1.366521933928561339e+02
-2.196000000000009891e+02 -2.181215549268490577e+02
-2.191999999999999886e+02 -1.399300304831958783e+02
-2.188000000000020009e+02 -1.376673913036902377e+02
-2.184000000000010004e+02 -1.354331498986975930e+02
-2.180000000000030127e+02 -1.348412824576771527e+02
-2.176000000000009891e+02 -1.333101510186643281e+02
-2.171999999999999886e+02 -1.316047282492036175e+02
-2.168000000000020009e+02 -1.301678838111947698e+02
-2.164000000000010004e+02 -1.292890056267169712e+02
-2.160000000000030127e+02 -1.282028921071723744e+02
-2.156000000000009891e+02 -1.270490933826622495e+02
-2.151999999999999886e+02 -1.258232212731782056e+02
-2.148000000000020009e+02 -1.250849748216678563e+02
-2.144000000000010004e+02 -1.236966604367007676e+02
-2.140000000000030127e+02 -1.232007348176812229e+02
-2.136000000000009891e+02 -1.221917362091589894e+02
-2.131999999999999886e+02 -1.214926027577130299e+02
-2.128000000000020009e+02 -1.203004329306677391e+02
-2.124000000000010004e+02 -1.197571325436983898e+02
-2.120000000000030127e+02 -1.187161884226916300e+02
-2.116000000000009891e+02 -1.180351001347116835e+02
-2.111999999999999886e+02 -1.170917079211612872e+02
-2.108000000000020009e+02 -1.164688002471775690e+02
-2.104000000000010004e+02 -1.155501099006760342e+02
-2.100000000000030127e+02 -1.149104514627215394e+02
-2.096000000000009891e+02 -1.140496538131810667e+02
-2.091999999999999886e+02 -1.134278590716676263e+02
-2.088000000000020009e+02 -1.126450417577107146e+02
-2.084000000000010004e+02 -1.120600832367017574e+02
-2.080000000000030127e+02 -1.113547723826741276e+02
-2.076000000000009891e+02 -1.107840970971701609e+02
-2.071999999999999886e+02 -1.090252147684768715e+02
-2.068000000000020009e+02 -1.083033078844855481e+02
-2.064000000000010004e+02 -1.075426270074931381e+02
-2.060000000000030127e+02 -1.068268036574845610e+02
-2.056000000000009891e+02 -1.060369289639384078e+02
-2.051999999999999886e+02 -1.053385232057880785e+02
-2.048000000000020009e+02 -1.046111010909335164e+02
-2.044000000000010004e+02 -1.039244351982815715e+02
-2.040000000000030127e+02 -1.032171248870836280e+02
-2.036000000000009891e+02 -1.025315625897783320e+02
-2.031999999999999886e+02 -1.018377947388798930e+02
-2.028000000000020009e+02 -1.011748171080762404e+02
-2.024000000000010004e+02 -1.004884317084906797e+02
-2.020000000000030127e+02 -9.982919971063165576e+01
-2.016000000000009891e+02 -9.916569147288828390e+01
-2.011999999999999886e+02 -9.851745107653187006e+01
-2.008000000000020009e+02 -9.785915829953592038e+01
-2.004000000000010004e+02 -9.722347336354141589e+01
-2.000000000000030127e+02 -9.657651156939027715e+01
-1.996000000000009891e+02 -9.595160223943821620e+01
-1.991999999999999886e+02 -9.532498190503974911e+01
-1.988000000000020009e+02 -9.471555974693183089e+01
-1.984000000000010004e+02 -9.409286861848522676e+01
-1.980000000000030127e+02 -9.349841664778796257e+01
-1.976000000000009891e+02 -9.289482244398459443e+01
-1.971999999999999886e+02 -9.231599970373645192e+01
-1.968000000000020009e+02 -9.165410180248363758e+01
-1.964000000000010004e+02 -9.105794803428216255e+01
-1.960000000000030127e+02 -9.046469618878109031e+01
-1.956000000000009891e+02 -8.987530410248655244e+01
-1.951999999999999886e+02 -8.928097541158422246e+01
-1.948000000000020009e+02 -8.869844073518106597e+01
-1.944000000000010004e+02 -8.811074300318068708e+01
-1.940000000000030127e+02 -8.753683885298596579e+01
-1.936000000000009891e+02 -8.696343521088056150e+01
-1.931999999999999886e+02 -8.638834210278218961e+01
-1.928000000000020009e+02 -8.574496321863261983e+01
-1.924000000000010004e+02 -8.518817675752507057e+01
-1.920000000000030127e+02 -8.464059203772922046e+01
-1.916000000000009891e+02 -8.408591933213392622e+01
-1.911999999999999886e+02 -8.354133679668666446e+01
-1.908000000000020009e+02 -8.299532206117874011e+01
-1.904000000000010004e+02 -8.245653072368440917e+01
-1.900000000000030127e+02 -8.191280691553401994e+01
-1.896000000000009891e+02 -8.138192855397574021e+01
-1.891999999999999886e+02 -8.084975637497336720e+01
-1.888000000000020009e+02 -8.031992451002588496e+01
-1.884000000000010004e+02 -7.979472472488487256e+01
-1.880000000000030127e+02 -7.926933194842786179e+01
-1.876000000000009891e+02 -7.874755649438520777e+01
-1.871999999999999886e+02 -7.823283030113088898e+01
-1.868000000000020009e+02 -7.771912489362148335e+01
-1.864000000000010004e+02 -7.720314747488373541e+01
-1.860000000000030127e+02 -7.669454067037440836e+01
-1.856000000000009891e+02 -7.618530934372392949e+01
-1.851999999999999886e+02 -7.568282602947147097e+01
-1.848000000000020009e+02 -7.524821986228562309e+01
-1.844000000000010004e+02 -7.475391904927892028e+01
-1.840000000000030127e+02 -7.425811760726719513e+01
-1.836000000000009891e+02 -7.376795618727555848e+01
-1.831999999999999886e+02 -7.327793626827406115e+01
-1.828000000000020009e+02 -7.278882659526061616e+01
-1.824000000000010004e+02 -7.230904723528874456e+01
-1.820000000000030127e+02 -7.181926799128632410e+01
-1.816000000000009891e+02 -7.133841519028283074e+01
-1.811999999999999886e+02 -7.086285058728753938e+01
-1.808000000000020009e+02 -7.038273875126833445e+01
-1.804000000000010004e+02 -6.991074844926697551e+01
-1.800000000000030127e+02 -6.943538745227488107e+01
-1.796000000000009891e+02 -6.896005606226026430e+01
-1.791999999999999886e+02 -6.852615767682800652e+01
-1.788000000000020009e+02 -6.805154125167609891e+01
-1.784000000000010004e+02 -6.758667982113183825e+01
-1.780000000000030127e+02 -6.711847502598175197e+01
-1.776000000000009891e+02 -6.664735515303254942e+01
-1.771999999999999886e+02 -6.618570802008252940e+01
-1.768000000000020009e+02 -6.572286718558098073e+01
-1.764000000000010004e+02 -6.525956858203790034e+01
-1.760000000000030127e+02 -6.479925487433501985e+01
-1.756000000000009891e+02 -6.434473996433735010e+01
-1.751999999999999886e+02 -6.389003591977598262e+01
-1.748000000000020009e+02 -6.343582250837789616e+01
-1.744000000000010004e+02 -6.298282849553288543e+01
-1.740000000000030127e+02 -6.253463059078057995e+01
-1.736000000000009891e+02 -6.208083800853637513e+01
-1.731999999999999886e+02 -6.163613261342834448e+01
-1.728000000000020009e+02 -6.119216223728653858e+01
-1.724000000000010004e+02 -6.075117566313201678e+01
-1.720000000000030127e+02 -6.025787671668877010e+01
-1.716000000000009891e+02 -5.981814124028824153e+01
-1.711999999999999886e+02 -5.936430478578768088e+01
-1.708000000000020009e+02 -5.892271677429016563e+01
-1.704000000000010004e+02 -5.847891726898888010e+01
-1.700000000000030127e+02 -5.803797152388870018e+01
-1.696000000000009891e+02 -5.759816002268780721e+01
-1.691999999999999886e+02 -5.716067539628784289e+01
-1.688000000000020009e+02 -5.672243599708963302e+01
-1.684000000000010004e+02 -5.629152434348725365e+01
-1.680000000000030127e+02 -5.585407421478521428e+01
-1.676000000000009891e+02 -5.542009756318657310e+01
-1.671999999999999886e+02 -5.499002832148835296e+01
-1.668000000000020009e+02 -5.455912785848704516e+01
-1.664000000000010004e+02 -5.412916020928605576e+01
-1.660000000000030127e+02 -5.368348677819085424e+01
-1.656000000000009891e+02 -5.325810017753610737e+01
-1.651999999999999886e+02 -5.283228898988818401e+01
-1.648000000000020009e+02 -5.241461509588771150e+01
-1.644000000000010004e+02 -5.199093583258945728e+01
-1.640000000000030127e+02 -5.157004503599091549e+01
-1.636000000000009891e+02 -5.114548973073760862e+01
-1.631999999999999886e+02 -5.072953909243733506e+01
-1.628000000000020009e+02 -5.031017109393724240e+01
-1.624000000000010004e+02 -4.989263784108698019e+01
-1.620000000000030127e+02 -4.947807654149073642e+01
-1.616000000000009891e+02 -4.905990643378754612e+01
-1.611999999999999886e+02 -4.864331813798708026e+01
-1.608000000000020009e+02 -4.823342441733620944e+01
-1.604000000000010004e+02 -4.781778524064066005e+01
-1.600000000000030127e+02 -4.743664413728765794e+01
-1.596000000000009891e+02 -4.702343216239023604e+01
-1.591999999999999886e+02 -4.662444088518896024e+01
-1.588000000000020009e+02 -4.621898596868777531e+01
-1.584000000000010004e+02 -4.581973326598745189e+01
-1.580000000000030127e+02 -4.541466759409013321e+01
-1.576000000000009891e+02 -4.502040452718938468e+01
-1.571999999999999886e+02 -4.461485120988800190e+01
-1.568000000000020009e+02 -4.421286672239148174e+01
-1.564000000000010004e+02 -4.381591260428831447e+01
-1.560000000000030127e+02 -4.341970216358822654e+01
-1.556000000000009891e+02 -4.301869685338897398e+01
-1.551999999999999886e+02 -4.262772013708672603e+01
-1.548000000000020009e+02 -4.223208291998889763e+01
-1.544000000000010004e+02 -4.183558688468838227e+01
-1.540000000000030127e+02 -4.145213697208964732e+01
-1.536000000000009891e+02 -4.105595258278844994e+01
-1.531999999999999886e+02 -4.066882152211474022e+01
-1.528000000000020009e+02 -4.027364454961207230e+01
-1.524000000000010004e+02 -3.988728432631251053e+01
-1.520000000000030127e+02 -3.949484629631479038e+01
-1.516000000000009891e+02 -3.910600868441542843e+01
-1.511999999999999886e+02 -3.871440715441349312e+01
-1.508000000000020009e+02 -3.833557477771319100e+01
-1.504000000000010004e+02 -3.794521275526494719e+01
-1.500000000000030127e+02 -3.755974901566150947e+01
-1.496000000000009891e+02 -3.717813512851353153e+01
-1.491999999999999886e+02 -3.679758797871181741e+01
-1.488000000000020009e+02 -3.641160814791146549e+01
-1.484000000000010004e+02 -3.603052821936216787e+01
-1.480000000000030127e+02 -3.564601318596396595e+01
-1.476000000000009891e+02 -3.526573041056326474e+01
-1.471999999999999886e+02 -3.489090196643883246e+01
-1.468000000000020009e+02 -3.450495447693901951e+01
-1.464000000000010004e+02 -3.413521221423798124e+01
-1.460000000000030127e+02 -3.375651200964057352e+01
-1.456000000000009891e+02 -3.337953178433963330e+01
-1.451999999999999886e+02 -3.300862268304263125e+01
-1.448000000000020009e+02 -3.263463612414125237e+01
-1.444000000000010004e+02 -3.226077358153997920e+01
-1.440000000000030127e+02 -3.187892914083931828e+01
-1.436000000000009891e+02 -3.151265164144206210e+01
-1.431999999999999886e+02 -3.113926183423973271e+01
-1.428000000000020009e+02 -3.077286221233953256e+01
-1.424000000000010004e+02 -3.040647076664026827e+01
-1.420000000000030127e+02 -3.003510787273989990e+01
-1.416000000000009891e+02 -2.966842583284233115e+01
-1.411999999999999886e+02 -2.929990439403991331e+01
-1.408000000000020009e+02 -2.893516754854135797e+01
-1.404000000000010004e+02 -2.857435721924048266e+01
-1.400000000000030127e+02 -2.821111148288764525e+01
-1.396000000000009891e+02 -2.784599119658741984e+01
-1.391999999999999886e+02 -2.748373060043741134e+01
-1.388000000000020009e+02 -2.711634773563855560e+01
-1.384000000000010004e+02 -2.675465547703788616e+01
-1.380000000000030127e+02 -2.639274834368916345e+01
-1.376000000000009891e+02 -2.603242842344116070e+01
-1.371999999999999886e+02 -2.567232318603782915e+01
-1.368000000000020009e+02 -2.531353786143881734e+01
-1.364000000000010004e+02 -2.495899219038983574e+01
-1.360000000000030127e+02 -2.459765297358899261e+01
-1.356000000000009891e+02 -2.424638554468765506e+01
-1.351999999999999886e+02 -2.388413267828946118e+01
-1.348000000000020009e+02 -2.352774968093945063e+01
-1.344000000000010004e+02 -2.316490908493869938e+01
-1.340000000000030127e+02 -2.280879976863798220e+01
-1.336000000000009891e+02 -2.245451886513546924e+01
-1.331999999999999886e+02 -2.209616996533804922e+01
-1.328000000000020009e+02 -2.174781529383835732e+01
-1.324000000000010004e+02 -2.139325558954078588e+01
-1.320000000000030127e+02 -2.104088015283559798e+01
-1.316000000000009891e+02 -2.069042142073885771e+01
-1.311999999999999886e+02 -2.033406058723994647e+01
-1.308000000000020009e+02 -1.998733416723916889e+01
-1.304000000000010004e+02 -1.963959691823765752e+01
-1.300000000000030127e+02 -1.929154331364043173e+01
-1.296000000000009891e+02 -1.893617086203812505e+01
-1.291999999999999886e+02 -1.859059364923814428e+01
-1.288000000000020009e+02 -1.824073608933758806e+01
-1.284000000000010004e+02 -1.789244217483792454e+01
-1.280000000000030127e+02 -1.754860418654061505e+01
-1.276000000000010033e+02 -1.721448493871503160e+01
-1.272000000000000028e+02 -1.686690840811570524e+01
-1.268000000000020009e+02 -1.651991351266406127e+01
-1.264000000000010004e+02 -1.617589186841723858e+01
-1.260000000000029985e+02 -1.583278539051389089e+01
-1.256000000000010033e+02 -1.548827781471482012e+01
-1.252000000000000028e+02 -1.514563145186184556e+01
-1.248000000000020009e+02 -1.480617207071190933e+01
-1.244000000000010004e+02 -1.446114949581533438e+01
-1.240000000000029985e+02 -1.412226073506099056e+01
-1.236000000000010033e+02 -1.378170393451364362e+01
-1.232000000000000028e+02 -1.344092454481506138e+01
-1.228000000000020009e+02 -1.310091652646588045e+01
-1.224000000000010004e+02 -1.276645478011414525e+01
-1.220000000000029985e+02 -1.242954736051251530e+01
-1.216000000000010033e+02 -1.207580700178732513e+01
-1.212000000000000028e+02 -1.174536451818858040e+01
-1.208000000000020009e+02 -1.140628684128751047e+01
-1.204000000000010004e+02 -1.106636357398747350e+01
-1.200000000000029985e+02 -1.073345496768888552e+01
-1.196000000000010033e+02 -1.040002050928887911e+01
-1.192000000000000028e+02 -1.006081232978976914e+01
-1.188000000000020009e+02 -9.728009147987904726e+00
-1.184000000000010004e+02 -9.391311660288920393e+00
-1.180000000000029985e+02 -9.056547924788901582e+00
-1.176000000000010033e+02 -8.728182547387405066e+00
-1.172000000000000028e+02 -8.397253090588492341e+00
-1.168000000000020009e+02 -8.059576518488029251e+00
-1.164000000000010004e+02 -7.730600643288198626e+00
-1.160000000000029985e+02 -7.396658944388036616e+00
-1.156000000000010033e+02 -7.064977663889294490e+00
-1.152000000000000028e+02 -6.739677023910189746e+00
-1.148000000000020009e+02 -6.411589124763850123e+00
-1.144000000000010004e+02 -6.081159826364455512e+00
-1.140000000000029985e+02 -5.749510130513954209e+00
-1.136000000000010033e+02 -5.422422091814951273e+00
-1.132000000000000028e+02 -5.093034162160620326e+00
-1.128000000000020009e+02 -4.767449042163207196e+00
-1.124000000000010004e+02 -4.440091822314570891e+00
-1.120000000000029985e+02 -4.109374166564521147e+00
-1.116000000000010033e+02 -3.788911789062694879e+00
-1.112000000000000028e+02 -3.458506905262765940e+00
-1.108000000000020009e+02 -3.135979709215462208e+00
-1.104000000000010004e+02 -2.811654081313463394e+00
-1.100000000000029985e+02 -2.485174421613919549e+00
-1.096000000000010033e+02 -2.163622594311163994e+00
-1.092000000000000028e+02 -1.837039908565202495e+00
-1.088000000000020009e+02 -1.510406822137156269e+00
-1.084000000000010004e+02 -1.185258511737629306e+00
-1.080000000000029985e+02 -8.631348029375658371e-01
-1.076000000000010033e+02 -5.355944577386253513e-01
-1.072000000000000028e+02 -2.126343508389254566e-01
-1.068000000000020009e+02 1.031863576608884614e-01
-1.064000000000010004e+02 4.255941951596469153e-01
-1.060000000000029985e+02 7.475377491609833669e-01
-1.056000000000010033e+02 1.068636306063126540e+00
-1.052000000000000028e+02 1.390129109360714210e+00
-1.048000000000020009e+02 1.711620627564116148e+00
-1.044000000000010004e+02 2.034594314362038858e+00
-1.040000000000029985e+02 2.356546421062375885e+00
-1.036000000000010033e+02 2.668215061163209612e+00
-1.032000000000000028e+02 2.988661888459319016e+00
-1.028000000000020009e+02 3.307281541859993013e+00
-1.024000000000010004e+02 3.626092851161956787e+00
-1.020000000000029985e+02 3.931370901060290635e+00
-1.016000000000010033e+02 4.253979325112595689e+00
-1.012000000000000028e+02 4.576606338461715495e+00
-1.008000000000020009e+02 4.892285412061028183e+00
-1.004000000000010004e+02 5.209794171962130349e+00
-1.000000000000029985e+02 5.527899419612367637e+00
-9.960000000000150067e+01 5.845011691508261720e+00
-9.920000000000000284e+01 6.163531617912667571e+00
-9.880000000000219984e+01 6.479029849662765628e+00
-9.840000000000070202e+01 6.797072135163034545e+00
-9.800000000000289901e+01 7.113335763711802429e+00
-9.760000000000150067e+01 7.428841287859540898e+00
-9.720000000000000284e+01 7.742212600111088250e+00
-9.680000000000219984e+01 8.059327129412849899e+00
-9.640000000000070202e+01 8.370842595912108663e+00
-9.600000000000289901e+01 8.695957444459054386e+00
-9.560000000000150067e+01 9.011988170961558353e+00
-9.520000000000000284e+01 9.327577402462338796e+00
-9.480000000000219984e+01 9.640147745660215151e+00
-9.440000000000070202e+01 9.954073878059716662e+00
-9.400000000000289901e+01 1.026607968366079149e+01
-9.360000000000150067e+01 1.058250543336180272e+01
-9.320000000000000284e+01 1.088853890766040422e+01
-9.280000000000219984e+01 1.120330890376135358e+01
-9.240000000000070202e+01 1.151746032796290820e+01
-9.200000000000289901e+01 1.182729525865943287e+01
-9.160000000000150067e+01 1.213919917575913132e+01
-9.120000000000000284e+01 1.244546218546020100e+01
-9.080000000000219984e+01 1.275857186485882266e+01
-9.040000000000070202e+01 1.306918750016120612e+01
-9.000000000000289901e+01 1.338088434515884728e+01
-8.960000000000150067e+01 1.369014359526045155e+01
-8.920000000000000284e+01 1.401197263666108483e+01
-8.880000000000219984e+01 1.431770989051074139e+01
-8.840000000000070202e+01 1.462015648246233468e+01
-8.800000000000289901e+01 1.492471042876059073e+01
-8.760000000000150067e+01 1.522693142741263728e+01
-8.720000000000000284e+01 1.553101466175940004e+01
-8.680000000000219984e+01 1.583323657936125528e+01
-8.640000000000070202e+01 1.613654693206262891e+01
-8.600000000000289901e+01 1.643583635471077287e+01
-8.560000000000150067e+01 1.673713372170823277e+01
-8.520000000000000284e+01 1.704026508026072406e+01
-8.480000000000219984e+01 1.733854563126078574e+01
-8.440000000000070202e+01 1.763741156336254789e+01
-8.400000000000289901e+01 1.793860415560993715e+01
-8.360000000000150067e+01 1.823605014846179984e+01
-8.320000000000000284e+01 1.851127374926363700e+01
-8.280000000000219984e+01 1.880837571915981243e+01
-8.240000000000070202e+01 1.910164801116115996e+01
-8.200000000000289901e+01 1.939276699596302933e+01
-8.160000000000150067e+01 1.968617423296018387e+01
-8.120000000000000284e+01 1.997562097616173560e+01
-8.080000000000219984e+01 2.026795822296116967e+01
-8.040000000000070202e+01 2.056083392985965475e+01
-8.000000000000289901e+01 2.084616228006052552e+01
-7.960000000000150067e+01 2.113607448526090593e+01
-7.920000000000000284e+01 2.142597904015929089e+01
-7.880000000000219984e+01 2.171154056466184556e+01
-7.840000000000070202e+01 2.200176644546081661e+01
-7.800000000000289901e+01 2.229060442316040280e+01
-7.760000000000150067e+01 2.257335378286006744e+01
-7.720000000000000284e+01 2.285924557926045964e+01
-7.680000000000219984e+01 2.314423838366201380e+01
-7.640000000000070202e+01 2.342071225036124815e+01
-7.600000000000289901e+01 2.370338757571153110e+01
-7.560000000000150067e+01 2.398415272096099216e+01
-7.520000000000000284e+01 2.426695343581377529e+01
-7.480000000000219984e+01 2.454799715921035386e+01
-7.440000000000070202e+01 2.482753869111184031e+01
-7.400000000000289901e+01 2.510591468961138162e+01
-7.360000000000150067e+01 2.538293284126120852e+01
-7.320000000000000284e+01 2.566027894906073925e+01
-7.280000000000219984e+01 2.593381763966317521e+01
-7.240000000000070202e+01 2.621024271126225358e+01
-7.200000000000289901e+01 2.648571468711088528e+01
-7.160000000000150067e+01 2.676291831571143121e+01
-7.120000000000000284e+01 2.703126819661338232e+01
-7.080000000000219984e+01 2.730163256041123532e+01
-7.040000000000070202e+01 2.757847686996319680e+01
-7.000000000000289901e+01 2.784857114846454351e+01
-6.960000000000150067e+01 2.811813221556440112e+01
-6.920000000000000284e+01 2.838288906896195840e+01
-6.880000000000219984e+01 2.865380494086275576e+01
-6.840000000000070202e+01 2.891800579946357175e+01
-6.800000000000289901e+01 2.918305955676260055e+01
-6.760000000000150067e+01 2.944891688166171662e+01
-6.720000000000000284e+01 2.970933351926214527e+01
-6.680000000000219984e+01 2.997311836706285249e+01
-6.640000000000070202e+01 3.023468599686384550e+01
-6.600000000000289901e+01 3.049331314445953467e+01
-6.560000000000150067e+01 3.075294956386278500e+01
-6.520000000000000284e+01 3.101048389646166470e+01
-6.480000000000219984e+01 3.126682980036275694e+01
-6.440000000000070202e+01 3.152035019946197281e+01
-6.400000000000289901e+01 3.177760438496261486e+01
-6.360000000000150067e+01 3.200038530685924343e+01
-6.320000000000000284e+01 3.225496571041367133e+01
-6.280000000000219984e+01 3.250430652456270764e+01
-6.240000000000070202e+01 3.275731031711256946e+01
-6.200000000000289901e+01 3.300390827196315513e+01
-6.160000000000150067e+01 3.325449950066104066e+01
-6.120000000000000284e+01 3.350082862451017718e+01
-6.080000000000219984e+01 3.374510158695920836e+01
-6.040000000000070202e+01 3.398825604191370076e+01
-6.000000000000289901e+01 3.422857449731236557e+01
-5.960000000000150067e+01 3.447119678250965080e+01
-5.920000000000000284e+01 3.470831146525961231e+01
-5.880000000000219984e+01 3.494555050456256140e+01
-5.840000000000070202e+01 3.518165164626043406e+01
-5.800000000000289901e+01 3.541310826921107946e+01
-5.760000000000150067e+01 3.567644810185811366e+01
-5.720000000000000284e+01 3.590742924365986255e+01
-5.680000000000219984e+01 3.614287429426258313e+01
-5.640000000000070202e+01 3.637317206606167019e+01
-5.600000000000289901e+01 3.660074432276087464e+01
-5.560000000000150067e+01 3.682632104266303941e+01
-5.520000000000000284e+01 3.705246204626018880e+01
-5.480000000000219984e+01 3.727677241676065023e+01
-5.440000000000070202e+01 3.749779853525978979e+01
-5.400000000000289901e+01 3.771511991406077868e+01
-5.360000000000150067e+01 3.793532049496207037e+01
-5.320000000000000284e+01 3.815029943856279715e+01
-5.280000000000219984e+01 3.836255565846295212e+01
-5.240000000000070202e+01 3.857667342615968664e+01
-5.200000000000289901e+01 3.878394931705770432e+01
-5.160000000000150067e+01 3.899006955216100323e+01
-5.120000000000000284e+01 3.920662933448693366e+01
-5.080000000000219984e+01 3.940803121073622606e+01
-5.040000000000070202e+01 3.960673549563580309e+01
-5.000000000000289901e+01 3.980153164888542960e+01
-4.960000000000150067e+01 3.999698986768271425e+01
-4.920000000000000284e+01 4.018730213543676655e+01
-4.880000000000219984e+01 4.037692804943435476e+01
-4.840000000000070202e+01 4.056558759228573763e+01
-4.800000000000289901e+01 4.074727409148545121e+01
-4.760000000000150067e+01 4.093223118248351966e+01
-4.720000000000000284e+01 4.110920536993580754e+01
-4.680000000000219984e+01 4.128376478138306993e+01
-4.640000000000070202e+01 4.145778768783566193e+01
-4.600000000000289901e+01 4.162821604953569476e+01
-4.560000000000150067e+01 4.179517104053593357e+01
-4.520000000000000284e+01 4.195893328598685912e+01
-4.480000000000219984e+01 4.210573085961004836e+01
-4.440000000000070202e+01 4.226198047971047345e+01
-4.400000000000289901e+01 4.241369307951026713e+01
-4.360000000000150067e+01 4.256318801120869466e+01
-4.320000000000000284e+01 4.270739773440800491e+01
-4.280000000000219984e+01 4.285172888910892652e+01
-4.240000000000070202e+01 4.299220856780812028e+01
-4.200000000000289901e+01 4.312885955650926917e+01
-4.160000000000150067e+01 4.326192086290757288e+01
-4.120000000000000284e+01 4.339346975380976801e+01
-4.080000000000219984e+01 4.351864778111121268e+01
-4.040000000000070202e+01 4.364698573721034336e+01
-4.000000000000289901e+01 4.376395021850839839e+01
-3.960000000000150067e+01 4.387839659760720679e+01
-3.920000000000000284e+01 4.399346840540965786e+01
-3.880000000000219984e+01 4.410060237700963626e+01
-3.840000000000070202e+01 4.420843284731017775e+01
-3.800000000000289901e+01 4.429092817871060106e+01
-3.760000000000150067e+01 4.438963144570880104e+01
-3.720000000000000284e+01 4.448355896891371231e+01
-3.680000000000219984e+01 4.457463086831194232e+01
-3.640000000000070202e+01 4.466077351781132165e+01
-3.600000000000289901e+01 4.473974267491212231e+01
-3.560000000000150067e+01 4.481845765075922827e+01
-3.520000000000000284e+01 4.489004516975910519e+01
-3.480000000000219984e+01 4.495918757046092651e+01
-3.440000000000070202e+01 4.502114287995937048e+01
-3.400000000000289901e+01 4.508025921981243300e+01
-3.360000000000150067e+01 4.513157210775898420e+01
-3.320000000000000284e+01 4.518006009830787661e+01
-3.280000000000219984e+01 4.522223034836133593e+01
-3.240000000000070202e+01 4.525551347415967030e+01
-3.200000000000289901e+01 4.530577399290996254e+01
-3.160000000000150067e+01 4.533570776720807771e+01
-3.119999999999999929e+01 4.535856486681223032e+01
-3.080000000000219984e+01 4.537534668360967771e+01
-3.040000000000069846e+01 4.538613108860954526e+01
-3.000000000000289901e+01 4.539069825221304200e+01
-2.960000000000150067e+01 4.538935558161028894e+01
-2.919999999999999929e+01 4.538154954531273688e+01
-2.880000000000219984e+01 4.536901472841054783e+01
-2.840000000000069846e+01 4.535106421810996835e+01
-2.800000000000289901e+01 4.532327625221296330e+01
-2.760000000000150067e+01 4.529003292270863312e+01
-2.719999999999999929e+01 4.524627403961130767e+01
-2.680000000000219984e+01 4.520017921550970641e+01
-2.640000000000069846e+01 4.514369025671112468e+01
-2.600000000000289901e+01 4.508201045171153964e+01
-2.560000000000150067e+01 4.501086118040984729e+01
-2.519999999999999929e+01 4.493197075088755810e+01
-2.480000000000219984e+01 4.484974511353721027e+01
-2.440000000000069846e+01 4.475571608648533584e+01
-2.400000000000289901e+01 4.465550940563480253e+01
-2.360000000000150067e+01 4.454543231133357040e+01
-2.319999999999999929e+01 4.442611463473804179e+01
-2.280000000000219984e+01 4.430241919688705821e+01
-2.240000000000069846e+01 4.416086266533602611e+01
-2.200000000000289901e+01 4.401595374213502510e+01
-2.160000000000150067e+01 4.386196075008410844e+01
-2.119999999999999929e+01 4.369483416058574221e+01
-2.080000000000219984e+01 4.352282763583571068e+01
-2.040000000000069846e+01 4.333497862118747435e+01
-2.000000000000289901e+01 4.313849585578645929e+01
-1.960000000000150067e+01 4.293169168243548484e+01
-1.919999999999999929e+01 4.272077377105961205e+01
-1.880000000000219984e+01 4.248913636825818685e+01
-1.840000000000069846e+01 4.224921236245791079e+01
-1.800000000000289901e+01 4.199078121915954398e+01
-1.760000000000150067e+01 4.172648600095999427e+01
-1.719999999999999929e+01 4.144695895366021432e+01
-1.680000000000219984e+01 4.115274782356209471e+01
-1.640000000000069846e+01 4.084406477876109420e+01
-1.600000000000289901e+01 4.052197861396052758e+01
-1.560000000000150067e+01 4.018210522165827570e+01
-1.519999999999999929e+01 3.982943096095914370e+01
-1.480000000000219984e+01 3.945440687935843016e+01
-1.440000000000070024e+01 3.907513606836073450e+01
-1.400000000000290079e+01 3.866737074456250411e+01
-1.360000000000150067e+01 3.824597890876248130e+01
-1.319999999999999929e+01 3.780581727926255553e+01
-1.280000000000219984e+01 3.735030788526273682e+01
-1.240000000000070024e+01 3.686344725637900410e+01
-1.200000000000290079e+01 3.636748483087649220e+01
-1.160000000000150067e+01 3.584531634782979381e+01
-1.119999999999999929e+01 3.529911432147855521e+01
-1.080000000000219984e+01 3.473246388823099551e+01
-1.040000000000070024e+01 3.413884887817766867e+01
-1.000000000000290079e+01 3.352276023357626400e+01
-9.600000000001449152e+00 3.287572770507904352e+01
-9.199999999999999289e+00 3.220173890997830313e+01
-8.800000000002180300e+00 3.149737843602997600e+01
-8.400000000000730438e+00 3.075804524252816918e+01
-8.000000000002909673e+00 2.998376307703074417e+01
-7.600000000001459810e+00 2.917868649278170778e+01
-7.200000000000000178e+00 2.832823046337944106e+01
-6.800000000002180300e+00 2.744152376923011616e+01
-6.400000000000730438e+00 2.652358355589967687e+01
-6.000000000002909673e+00 2.554694719799954328e+01
-5.600000000001459810e+00 2.452779549129991210e+01
-5.200000000000000178e+00 2.345094560439974885e+01
-4.800000000002180300e+00 2.232412211639893940e+01
-4.400000000000730438e+00 2.113229324920030194e+01
-4.000000000002909673e+00 1.987155252540105721e+01
-3.600000000001459810e+00 1.852871571329887956e+01
-3.200000000000000178e+00 1.711255656469802489e+01
-2.800000000002179856e+00 1.559685285749947070e+01
-2.400000000000729994e+00 1.397319539539967082e+01
-2.000000000002910117e+00 1.223421184159815311e+01
-1.600000000001460032e+00 1.034433956849898095e+01
-1.199999999999999956e+00 8.272442569901613751e+00
-8.000000000021829649e-01 5.958895132000179728e+00
-4.000000000007279954e-01 3.295574883901281282e+00
-2.910387209009709878e-12 0.000000000000000000e+00
