-2.120000000000030127e+02 2.080044565164076292e-02
-2.116000000000009891e+02 2.085946294617686131e-02
-2.111999999999999886e+02 2.075792710236386979e-02
-2.108000000000020009e+02 2.076656212763475923e-02
-2.104000000000010004e+02 1.469711265603669027e-02
-2.100000000000030127e+02 1.469796642027900238e-02
-2.096000000000009891e+02 1.806801194059088483e-02
-2.091999999999999886e+02 1.806025935415268846e-02
-2.088000000000020009e+02 2.504604664777458634e-02
-2.084000000000010004e+02 2.501731461633564108e-02
-2.080000000000030127e+02 2.498814835623624012e-02
-2.076000000000009891e+02 2.537665490391908391e-02
-2.071999999999999886e+02 2.997547025805570933e-02
-2.068000000000020009e+02 3.013158276698661014e-02
-2.064000000000010004e+02 3.013063915792841066e-02
-2.060000000000030127e+02 3.012558019581631011e-02
-2.056000000000009891e+02 3.009751284522606610e-02
-2.051999999999999886e+02 2.990797724614541533e-02
-2.048000000000020009e+02 3.000287853315841691e-02
-2.044000000000010004e+02 2.991512661247801644e-02
-2.040000000000030127e+02 2.992061223469926617e-02
-2.036000000000009891e+02 2.991384508519591423e-02
-2.031999999999999886e+02 3.020813884902061666e-02
-2.028000000000020009e+02 3.019626884666501421e-02
-2.024000000000010004e+02 3.019810276938851568e-02
-2.020000000000030127e+02 3.016759841878761603e-02
-2.016000000000009891e+02 3.017424604332426610e-02
-2.011999999999999886e+02 3.017187052314586337e-02
-2.008000000000020009e+02 3.018364575425701302e-02
-2.004000000000010004e+02 3.018152701811641775e-02
-2.000000000000030127e+02 3.018252543119811365e-02
-1.996000000000009891e+02 3.017446236724976444e-02
-1.991999999999999886e+02 3.017411525264656474e-02
-1.988000000000020009e+02 3.017516010676571381e-02
-1.984000000000010004e+02 3.017556552593551530e-02
-1.980000000000030127e+02 3.017535549740171796e-02
-1.976000000000009891e+02 3.017513405366306634e-02
-1.971999999999999886e+02 3.017524050927581497e-02
-1.968000000000020009e+02 3.021569468539762188e-02
-1.964000000000010004e+02 3.021511424370422125e-02
-1.960000000000030127e+02 3.021568450221002317e-02
-1.956000000000009891e+02 3.021842887126872240e-02
-1.951999999999999886e+02 3.021854343212922178e-02
-1.948000000000020009e+02 3.021921806830792090e-02
-1.944000000000010004e+02 3.021850269937882000e-02
-1.940000000000030127e+02 3.021911878222882306e-02
-1.936000000000009891e+02 3.021958720885851990e-02
-1.931999999999999886e+02 3.022003526911292218e-02
-1.928000000000020009e+02 3.025334156609421968e-02
-1.924000000000010004e+02 3.025301779874291913e-02
-1.920000000000030127e+02 3.024572174331392055e-02
-1.916000000000009891e+02 3.024338938236917351e-02
-1.911999999999999886e+02 3.024350193026516948e-02
-1.908000000000020009e+02 3.024300205178281908e-02
-1.904000000000010004e+02 3.024371920520362370e-02
-1.900000000000030127e+02 3.024375441240297058e-02
-1.896000000000009891e+02 3.024335417303692514e-02
-1.891999999999999886e+02 3.024348674702337370e-02
-1.888000000000020009e+02 3.024360908104171963e-02
-1.884000000000010004e+02 3.024375466771617171e-02
-1.880000000000030127e+02 3.024391952457786831e-02
-1.876000000000009891e+02 3.024374517051506978e-02
-1.871999999999999886e+02 3.024381556965961837e-02
-1.868000000000020009e+02 3.024405671158972297e-02
-1.864000000000010004e+02 3.024427334013462393e-02
-1.860000000000030127e+02 3.024411876225087392e-02
-1.856000000000009891e+02 3.024449402453362190e-02
-1.851999999999999886e+02 3.024469654516922026e-02
-1.848000000000020009e+02 3.026471367276042240e-02
-1.844000000000010004e+02 3.026479880303502290e-02
-1.840000000000030127e+02 3.026480100468011830e-02
-1.836000000000009891e+02 3.026479880303502290e-02
-1.831999999999999886e+02 3.026486632014942224e-02
-1.828000000000020009e+02 3.026479146421821864e-02
-1.824000000000010004e+02 3.026479219809992405e-02
-1.820000000000030127e+02 3.026472101157712258e-02
-1.816000000000009891e+02 3.026479953691672137e-02
-1.811999999999999886e+02 3.026482669053882218e-02
-1.808000000000020009e+02 3.026500722543162131e-02
-1.804000000000010004e+02 3.026484797310752262e-02
-1.800000000000030127e+02 3.026469018854661963e-02
-1.796000000000009891e+02 3.026458524346672257e-02
-1.791999999999999886e+02 3.028324238167466945e-02
-1.788000000000020009e+02 3.028043532980896971e-02
-1.784000000000010004e+02 3.028379759862322163e-02
-1.780000000000030127e+02 3.028196029087466823e-02
-1.776000000000009891e+02 3.028206899146557163e-02
-1.771999999999999886e+02 3.028158849673912023e-02
-1.768000000000020009e+02 3.028155605146971852e-02
-1.764000000000010004e+02 3.027999077451832069e-02
-1.760000000000030127e+02 3.028175793426731918e-02
-1.756000000000009891e+02 3.028108409590516900e-02
-1.751999999999999886e+02 3.028088600887872059e-02
-1.748000000000020009e+02 3.028098927373001903e-02
-1.744000000000010004e+02 3.028039662881587199e-02
-1.740000000000030127e+02 3.027998017045736845e-02
-1.736000000000009891e+02 3.028096785745222272e-02
-1.731999999999999886e+02 3.028004128168192144e-02
-1.728000000000020009e+02 3.028092295999762137e-02
-1.724000000000010004e+02 3.028033748904152000e-02
-1.720000000000030127e+02 3.029798430110092200e-02
-1.716000000000009891e+02 3.029787511024331637e-02
-1.711999999999999886e+02 3.029882507070481845e-02
-1.708000000000020009e+02 3.030334557221091990e-02
-1.704000000000010004e+02 3.030094337334292287e-02
-1.700000000000030127e+02 3.030049569082662181e-02
-1.696000000000009891e+02 3.030111807871511964e-02
-1.691999999999999886e+02 3.030048477174081961e-02
-1.688000000000020009e+02 3.030383693107031873e-02
-1.684000000000010004e+02 3.030448115713042095e-02
-1.680000000000030127e+02 3.030610810090921675e-02
-1.676000000000009891e+02 3.030805169817511746e-02
-1.671999999999999886e+02 3.031102168950281645e-02
-1.668000000000020009e+02 3.031043205887162112e-02
-1.664000000000010004e+02 3.030958037018201962e-02
-1.660000000000030127e+02 3.029699964220441966e-02
-1.656000000000009891e+02 3.029864441628591851e-02
-1.651999999999999886e+02 3.029989244712631702e-02
-1.648000000000020009e+02 3.030033975513891920e-02
-1.644000000000010004e+02 3.030239307804951862e-02
-1.640000000000030127e+02 3.030187390188101779e-02
-1.636000000000009891e+02 3.030489460686936962e-02
-1.631999999999999886e+02 3.030496559611917107e-02
-1.628000000000020009e+02 3.030613121422156761e-02
-1.624000000000010004e+02 3.030808069490927015e-02
-1.620000000000030127e+02 3.031051994148926954e-02
-1.616000000000009891e+02 3.031043468237447011e-02
-1.611999999999999886e+02 3.031050410144582249e-02
-1.608000000000020009e+02 3.030942556103976768e-02
-1.604000000000010004e+02 3.031099832187431758e-02
-1.600000000000030127e+02 3.030218488358182166e-02
-1.596000000000009891e+02 3.030422080766481674e-02
-1.591999999999999886e+02 3.030381575470592059e-02
-1.588000000000020009e+02 3.030510552860141843e-02
-1.584000000000010004e+02 3.030434871912551786e-02
-1.580000000000030127e+02 3.030502025429421958e-02
-1.576000000000009891e+02 3.030619277601741962e-02
-1.571999999999999886e+02 3.030613947957552096e-02
-1.568000000000020009e+02 3.030724804556832186e-02
-1.564000000000010004e+02 3.031069099571911951e-02
-1.560000000000030127e+02 3.030935858467002225e-02
-1.556000000000009891e+02 3.031047780995121954e-02
-1.551999999999999886e+02 3.031216197751721714e-02
-1.548000000000020009e+02 3.031328120279842137e-02
-1.544000000000010004e+02 3.031646833002781677e-02
-1.540000000000030127e+02 3.031510394111362056e-02
-1.536000000000009891e+02 3.031553031264931641e-02
-1.531999999999999886e+02 3.031218867573412176e-02
-1.528000000000020009e+02 3.031100670277906903e-02
-1.524000000000010004e+02 3.031086768512071886e-02
-1.520000000000030127e+02 3.031188233278572092e-02
-1.516000000000009891e+02 3.031233992992947088e-02
-1.511999999999999886e+02 3.031056225875381968e-02
-1.508000000000020009e+02 3.031189847216972030e-02
-1.504000000000010004e+02 3.031077671642237042e-02
-1.500000000000030127e+02 3.031086564708997122e-02
-1.496000000000009891e+02 3.031305146241522128e-02
-1.491999999999999886e+02 3.031290954065357299e-02
-1.488000000000020009e+02 3.031015104617646935e-02
-1.484000000000010004e+02 3.031237268725991973e-02
-1.480000000000030127e+02 3.031285506336326915e-02
-1.476000000000009891e+02 3.031312741317886833e-02
-1.471999999999999886e+02 3.030430181388951705e-02
-1.468000000000020009e+02 3.030467471576871880e-02
-1.464000000000010004e+02 3.030425002196181911e-02
-1.460000000000030127e+02 3.030229228709582084e-02
-1.456000000000009891e+02 3.030174329266251826e-02
-1.451999999999999886e+02 3.030556553692462241e-02
-1.448000000000020009e+02 3.030340063434801973e-02
-1.444000000000010004e+02 3.030464364061211807e-02
-1.440000000000030127e+02 3.030655994193592190e-02
-1.436000000000009891e+02 3.030696391897171743e-02
-1.431999999999999886e+02 3.030517191827431650e-02
-1.428000000000020009e+02 3.030683961834532147e-02
-1.424000000000010004e+02 3.030345242627571767e-02
-1.420000000000030127e+02 3.030506833441901776e-02
-1.416000000000009891e+02 3.030406357102222170e-02
-1.411999999999999886e+02 3.030324525856502305e-02
-1.408000000000020009e+02 3.030622847359881744e-02
-1.404000000000010004e+02 3.030431303073131966e-02
-1.400000000000030127e+02 3.030456405423447019e-02
-1.396000000000009891e+02 3.030472926651341797e-02
-1.391999999999999886e+02 3.030498010348486870e-02
-1.388000000000020009e+02 3.030518853854662076e-02
-1.384000000000010004e+02 3.030599533771896961e-02
-1.380000000000030127e+02 3.030464326942312187e-02
-1.376000000000009891e+02 3.030619475516051903e-02
-1.371999999999999886e+02 3.030602857384822116e-02
-1.368000000000020009e+02 3.030528813514851705e-02
-1.364000000000010004e+02 3.030540047534636960e-02
-1.360000000000030127e+02 3.030498953054291955e-02
-1.356000000000009891e+02 3.030649026746596794e-02
-1.351999999999999886e+02 3.030695598471131944e-02
-1.348000000000020009e+02 3.030626044558341892e-02
-1.344000000000010004e+02 3.030320763082552243e-02
-1.340000000000030127e+02 3.030301715559242243e-02
-1.336000000000009891e+02 3.030411767916121879e-02
-1.331999999999999886e+02 3.030475259660481840e-02
-1.328000000000020009e+02 3.030371556478032163e-02
-1.324000000000010004e+02 3.030556740732402027e-02
-1.320000000000030127e+02 3.030509121924131882e-02
-1.316000000000009891e+02 3.030420233482041675e-02
-1.311999999999999886e+02 3.030572613668491844e-02
-1.308000000000020009e+02 3.030437164613861839e-02
-1.304000000000010004e+02 3.030622348868231702e-02
-1.300000000000030127e+02 3.030501714553961862e-02
-1.296000000000009891e+02 3.030457270332911901e-02
-1.291999999999999886e+02 3.030712295506061971e-02
-1.288000000000020009e+02 3.030516529294312311e-02
-1.284000000000010004e+02 3.030790601990771688e-02
-1.280000000000030127e+02 3.030691131591282256e-02
-1.276000000000010033e+02 3.030543843940796886e-02
-1.272000000000000028e+02 3.030634787388267193e-02
-1.268000000000020009e+02 3.030739486640756861e-02
-1.264000000000010004e+02 3.030654376582501974e-02
-1.260000000000029985e+02 3.030735225753312251e-02
-1.256000000000010033e+02 3.030723665476077119e-02
-1.252000000000000028e+02 3.030573972196112104e-02
-1.248000000000020009e+02 3.030803992944942210e-02
-1.244000000000010004e+02 3.030833113296741918e-02
-1.240000000000029985e+02 3.030762764728237024e-02
-1.236000000000010033e+02 3.030749153143592195e-02
-1.232000000000000028e+02 3.030906703015706985e-02
-1.228000000000020009e+02 3.030948981292637054e-02
-1.224000000000010004e+02 3.030956459663607105e-02
-1.220000000000029985e+02 3.030852294686137149e-02
-1.216000000000010033e+02 3.030325532924391801e-02
-1.212000000000000028e+02 3.030519968770691713e-02
-1.208000000000020009e+02 3.030542159818361975e-02
-1.204000000000010004e+02 3.030512571754791912e-02
-1.200000000000029985e+02 3.030603449378611869e-02
-1.196000000000010033e+02 3.030506231455461913e-02
-1.192000000000000028e+02 3.030620356843501811e-02
-1.188000000000020009e+02 3.030612959827611724e-02
-1.184000000000010004e+02 3.030677419537521761e-02
-1.180000000000029985e+02 3.030721801632871998e-02
-1.176000000000010033e+02 3.030499891156122200e-02
-1.172000000000000028e+02 3.030549556834252062e-02
-1.168000000000020009e+02 3.030430147863431845e-02
-1.164000000000010004e+02 3.030614016544171813e-02
-1.160000000000029985e+02 3.030635150875281986e-02
-1.156000000000010033e+02 3.030476643391891850e-02
-1.152000000000000028e+02 3.030146482394151936e-02
-1.148000000000020009e+02 3.030174659980837057e-02
-1.144000000000010004e+02 3.030249674761941944e-02
-1.140000000000029985e+02 3.030366387516711738e-02
-1.136000000000010033e+02 3.030413410633036805e-02
-1.132000000000000028e+02 3.030451323184987084e-02
-1.128000000000020009e+02 3.030419935371516868e-02
-1.124000000000010004e+02 3.030490944008651724e-02
-1.120000000000029985e+02 3.030474912615166785e-02
-1.116000000000010033e+02 3.030410455928852012e-02
-1.112000000000000028e+02 3.030487345279257033e-02
-1.108000000000020009e+02 3.030465244939356886e-02
-1.104000000000010004e+02 3.030531446950911895e-02
-1.100000000000029985e+02 3.030600338360927085e-02
-1.096000000000010033e+02 3.030656921074151994e-02
-1.092000000000000028e+02 3.030592231571211867e-02
-1.088000000000020009e+02 3.029982302968282221e-02
-1.084000000000010004e+02 3.030238666294791938e-02
-1.080000000000029985e+02 3.030131498018952263e-02
-1.076000000000010033e+02 3.030122041994612325e-02
-1.072000000000000028e+02 3.030283845077742094e-02
-1.068000000000020009e+02 3.030305909134532044e-02
-1.064000000000010004e+02 3.030381557329241832e-02
-1.060000000000029985e+02 3.030413077410371719e-02
-1.056000000000010033e+02 3.030534955057401919e-02
-1.052000000000000028e+02 3.030697808809892230e-02
-1.048000000000020009e+02 3.030788166375802256e-02
-1.044000000000010004e+02 3.030559120452931687e-02
-1.040000000000029985e+02 3.030709366172971986e-02
-1.036000000000010033e+02 3.030976236193202306e-02
-1.032000000000000028e+02 3.030931057410241741e-02
-1.028000000000020009e+02 3.030970982846342004e-02
-1.024000000000010004e+02 3.031103367187081704e-02
-1.020000000000029985e+02 3.030310744444137186e-02
-1.016000000000010033e+02 3.030421739492756769e-02
-1.012000000000000028e+02 3.030496605499552118e-02
-1.008000000000020009e+02 3.030495478224832021e-02
-1.004000000000010004e+02 3.030478277366121728e-02
-1.000000000000029985e+02 3.030677824160546777e-02
-9.960000000000150067e+01 3.030589242761716831e-02
-9.920000000000000284e+01 3.030702774359827004e-02
-9.880000000000219984e+01 3.030748056785307135e-02
-9.840000000000070202e+01 3.030844062353042073e-02
-9.800000000000289901e+01 3.030689980847811951e-02
-9.760000000000150067e+01 3.030720229455921913e-02
-9.720000000000000284e+01 3.030783425444717044e-02
-9.680000000000219984e+01 3.030827874223766816e-02
-9.640000000000070202e+01 3.030772589798632136e-02
-9.600000000000289901e+01 3.030271248708012177e-02
-9.560000000000150067e+01 3.030435830510391781e-02
-9.520000000000000284e+01 3.030383747661542088e-02
-9.480000000000219984e+01 3.030369164463862092e-02
-9.440000000000070202e+01 3.030591037399982257e-02
-9.400000000000289901e+01 3.030759785830271918e-02
-9.360000000000150067e+01 3.030703536353512167e-02
-9.320000000000000284e+01 3.030712911266301990e-02
-9.280000000000219984e+01 3.030663953388382237e-02
-9.240000000000070202e+01 3.030660828417441888e-02
-9.200000000000289901e+01 3.030717077894212047e-02
-9.160000000000150067e+01 3.030732702748861751e-02
-9.120000000000000284e+01 3.030713952923282106e-02
-9.080000000000219984e+01 3.030789993882602312e-02
-9.040000000000070202e+01 3.030795202167491792e-02
-9.000000000000289901e+01 3.030882701353562053e-02
-8.960000000000150067e+01 3.030949367400102151e-02
-8.920000000000000284e+01 3.030164789860466737e-02
-8.880000000000219984e+01 3.030136665194612181e-02
-8.840000000000070202e+01 3.030186664653966924e-02
-8.800000000000289901e+01 3.030201768646891697e-02
-8.760000000000150067e+01 3.030303851716616842e-02
-8.720000000000000284e+01 3.030411663319512033e-02
-8.680000000000219984e+01 3.030427288213451836e-02
-8.640000000000070202e+01 3.030425725501341774e-02
-8.600000000000289901e+01 3.030555412541396931e-02
-8.560000000000150067e+01 3.030583016741386984e-02
-8.520000000000000284e+01 3.030659057863897138e-02
-8.480000000000219984e+01 3.030778848709387088e-02
-8.440000000000070202e+01 3.030902285245502120e-02
-8.400000000000289901e+01 3.030773120003966981e-02
-8.360000000000150067e+01 3.030883014932901978e-02
-8.320000000000000284e+01 3.030044793606152115e-02
-8.280000000000219984e+01 3.030298959383242313e-02
-8.240000000000070202e+01 3.030295834394181737e-02
-8.200000000000289901e+01 3.030417708967621943e-02
-8.160000000000150067e+01 3.030427083934802285e-02
-8.120000000000000284e+01 3.030519791943662306e-02
-8.080000000000219984e+01 3.030516666954601729e-02
-8.040000000000070202e+01 3.030505208661372213e-02
-8.000000000000289901e+01 3.030596875007202096e-02
-7.960000000000150067e+01 3.030776041046791963e-02
-7.920000000000000284e+01 3.030709374613452245e-02
-7.880000000000219984e+01 3.030798957633251689e-02
-7.840000000000070202e+01 3.030829165860852298e-02
-7.800000000000289901e+01 3.030965623716581903e-02
-7.760000000000150067e+01 3.030904165598351935e-02
-7.720000000000000284e+01 3.030963540390541749e-02
-7.680000000000219984e+01 3.031077081659812322e-02
-7.640000000000070202e+01 3.030449858667107199e-02
-7.600000000000289901e+01 3.030317046422187008e-02
-7.560000000000150067e+01 3.030431629476841929e-02
-7.520000000000000284e+01 3.030436316933242044e-02
-7.480000000000219984e+01 3.030479025190907158e-02
-7.440000000000070202e+01 3.030566524932241934e-02
-7.400000000000289901e+01 3.030666003822597016e-02
-7.360000000000150067e+01 3.030796732594837062e-02
-7.320000000000000284e+01 3.030774336811727088e-02
-7.280000000000219984e+01 3.030953503151392198e-02
-7.240000000000070202e+01 3.030868086685596999e-02
-7.200000000000289901e+01 3.030879024173536995e-02
-7.160000000000150067e+01 3.031097773618652083e-02
-7.120000000000000284e+01 3.031077981897921728e-02
-7.080000000000219984e+01 3.031218606645601915e-02
-7.040000000000070202e+01 3.030420551506961963e-02
-7.000000000000289901e+01 3.030415343182141924e-02
-6.960000000000150067e+01 3.030291385051531866e-02
-6.920000000000000284e+01 3.030422634836881651e-02
-6.880000000000219984e+01 3.030585134571132239e-02
-6.840000000000070202e+01 3.030633051159432184e-02
-6.800000000000289901e+01 3.030494509719341978e-02
-6.760000000000150067e+01 3.030623676174761666e-02
-6.720000000000000284e+01 3.030646592803951794e-02
-6.680000000000219984e+01 3.030693467727291895e-02
-6.640000000000070202e+01 3.030659092783512254e-02
-6.600000000000289901e+01 3.030832009167391816e-02
-6.560000000000150067e+01 3.030792425898792136e-02
-6.520000000000000284e+01 3.030978883927182288e-02
-6.480000000000219984e+01 3.030920550689251980e-02
-6.440000000000070202e+01 3.031077842098681835e-02
-6.400000000000289901e+01 3.031000758891411878e-02
-6.360000000000150067e+01 3.030267643649401862e-02
-6.320000000000000284e+01 3.030261914496992087e-02
-6.280000000000219984e+01 3.030307226927766995e-02
-6.240000000000070202e+01 3.030382747642372185e-02
-6.200000000000289901e+01 3.030381185148936854e-02
-6.160000000000150067e+01 3.030402539276342080e-02
-6.120000000000000284e+01 3.030518164104827050e-02
-6.080000000000219984e+01 3.030477018342361828e-02
-6.040000000000070202e+01 3.030548372395586859e-02
-6.000000000000289901e+01 3.030596809819417065e-02
-5.960000000000150067e+01 3.030617122283046916e-02
-5.920000000000000284e+01 3.030760351249002157e-02
-5.880000000000219984e+01 3.030610872300646894e-02
-5.840000000000070202e+01 3.030743684598092083e-02
-5.800000000000289901e+01 3.030707226337291810e-02
-5.760000000000150067e+01 3.030054319353542303e-02
-5.720000000000000284e+01 3.030063694340171671e-02
-5.680000000000219984e+01 3.030097027625931749e-02
-5.640000000000070202e+01 3.030043902701742148e-02
-5.600000000000289901e+01 3.030147027554581929e-02
-5.560000000000150067e+01 3.030200152478761816e-02
-5.520000000000000284e+01 3.030326193965562215e-02
-5.480000000000219984e+01 3.030369943903121754e-02
-5.440000000000070202e+01 3.030436610474652320e-02
-5.400000000000289901e+01 3.030484527072942191e-02
-5.360000000000150067e+01 3.030452235452352205e-02
-5.320000000000000284e+01 3.030563693626622118e-02
-5.280000000000219984e+01 3.030734526716161864e-02
-5.240000000000070202e+01 3.030816818265392315e-02
-5.200000000000289901e+01 3.030889734828001725e-02
-5.160000000000150067e+01 3.031004317997822162e-02
-5.120000000000000284e+01 3.031025662098336959e-02
-5.080000000000219984e+01 3.031052745450477093e-02
-5.040000000000070202e+01 3.031052745230776793e-02
-5.000000000000289901e+01 3.031028786529417138e-02
-4.960000000000150067e+01 3.031113682711412266e-02
-4.920000000000000284e+01 3.031168370143512078e-02
-4.880000000000219984e+01 3.031190765826587141e-02
-4.840000000000070202e+01 3.031139203143286970e-02
-4.800000000000289901e+01 3.031250140498491924e-02
-4.760000000000150067e+01 3.031275661241326913e-02
-4.720000000000000284e+01 3.031250140525532100e-02
-4.680000000000219984e+01 3.031237119700641927e-02
-4.640000000000070202e+01 3.031298577871906902e-02
-4.600000000000289901e+01 3.031256911203867102e-02
-4.560000000000150067e+01 3.031405869415881860e-02
-4.520000000000000284e+01 3.031385035770902195e-02
-4.480000000000219984e+01 3.030600130214181759e-02
-4.440000000000070202e+01 3.030594921854481982e-02
-4.400000000000289901e+01 3.030660547186701803e-02
-4.360000000000150067e+01 3.030573046743732096e-02
-4.320000000000000284e+01 3.030705339080132232e-02
-4.280000000000219984e+01 3.030578255103431873e-02
-4.240000000000070202e+01 3.030598046870301709e-02
-4.200000000000289901e+01 3.030560546680451800e-02
-4.160000000000150067e+01 3.030740755926091684e-02
-4.120000000000000284e+01 3.030720964159232256e-02
-4.080000000000219984e+01 3.030544921601351777e-02
-4.040000000000070202e+01 3.030593880182542305e-02
-4.000000000000289901e+01 3.030589713494771797e-02
-3.960000000000150067e+01 3.030572005071791725e-02
-3.920000000000000284e+01 3.030541796585532049e-02
-3.880000000000219984e+01 3.030605338573882229e-02
-3.840000000000070202e+01 3.030490754660462166e-02
-3.800000000000289901e+01 3.030651312980096879e-02
-3.760000000000150067e+01 3.030696625651222234e-02
-3.720000000000000284e+01 3.030649229621646887e-02
-3.680000000000219984e+01 3.030651313006312020e-02
-3.640000000000070202e+01 3.030615375328261918e-02
-3.600000000000289901e+01 3.030660167240142172e-02
-3.560000000000150067e+01 3.030626312858387267e-02
-3.520000000000000284e+01 3.030579437634677020e-02
-3.480000000000219984e+01 3.030610687836581690e-02
-3.440000000000070202e+01 3.030533604171281939e-02
-3.400000000000289901e+01 3.030584646072072286e-02
-3.360000000000150067e+01 3.030568500202641957e-02
-3.320000000000000284e+01 3.030589854426916918e-02
-3.280000000000219984e+01 3.030661729722806952e-02
-3.240000000000070202e+01 3.030554958350881872e-02
-3.200000000000289901e+01 3.030852496470431978e-02
-3.160000000000150067e+01 3.030872288200391756e-02
-3.119999999999999929e+01 3.030766037860611883e-02
-3.080000000000219984e+01 3.030839996430451794e-02
-3.040000000000069846e+01 3.030964996830191882e-02
-3.000000000000289901e+01 3.030905621640322262e-02
-2.960000000000150067e+01 3.030792079610551693e-02
-2.919999999999999929e+01 3.030842079770452308e-02
-2.880000000000219984e+01 3.030885829910361789e-02
-2.840000000000069846e+01 3.030782704580572279e-02
-2.800000000000289901e+01 3.030808746330521802e-02
-2.760000000000150067e+01 3.030802496310532057e-02
-2.719999999999999929e+01 3.030757704500622318e-02
-2.680000000000219984e+01 3.030544162151072030e-02
-2.640000000000069846e+01 3.030644162470862157e-02
-2.600000000000289901e+01 3.030667079210812298e-02
-2.560000000000150067e+01 3.030572287241011659e-02
-2.519999999999999929e+01 3.030450318693276787e-02
-2.480000000000219984e+01 3.030398235415847005e-02
-2.440000000000069846e+01 3.030453446417281926e-02
-2.400000000000289901e+01 3.030471155697082170e-02
-2.360000000000150067e+01 3.030391985974252231e-02
-2.319999999999999929e+01 3.030437305203967022e-02
-2.280000000000219984e+01 3.030368551157801987e-02
-2.240000000000069846e+01 3.030445121466271777e-02
-2.200000000000289901e+01 3.030421164791506985e-02
-2.160000000000150067e+01 3.030389391676466954e-02
-2.119999999999999929e+01 3.030386267244867052e-02
-2.080000000000219984e+01 3.030370119580226909e-02
-2.040000000000069846e+01 3.030351893870127100e-02
-2.000000000000289901e+01 3.030293038536421846e-02
-1.960000000000150067e+01 3.030450336890477131e-02
-1.919999999999999929e+01 3.030828384045652218e-02
-1.880000000000219984e+01 3.030657535572651995e-02
-1.840000000000069846e+01 3.030726291665442051e-02
-1.800000000000289901e+01 3.030642950946912245e-02
-1.760000000000150067e+01 3.030631491598111821e-02
-1.719999999999999929e+01 3.030820049973802222e-02
-1.680000000000219984e+01 3.030679412511271681e-02
-1.640000000000069846e+01 3.030832551081581727e-02
-1.600000000000289901e+01 3.030936726979752138e-02
-1.560000000000150067e+01 3.030789838963331845e-02
-1.519999999999999929e+01 3.030863803851031879e-02
-1.480000000000219984e+01 3.030924225871971939e-02
-1.440000000000070024e+01 3.031052362226722280e-02
-1.400000000000290079e+01 3.030898181897431765e-02
-1.360000000000150067e+01 3.030814841178892244e-02
-1.319999999999999929e+01 3.030937768738731913e-02
-1.280000000000219984e+01 3.030973188544112268e-02
-1.240000000000070024e+01 3.031366519648411029e-02
-1.200000000000290079e+01 3.031262306172396309e-02
-1.160000000000150067e+01 3.031100263510481257e-02
-1.119999999999999929e+01 3.030975237454096305e-02
-1.080000000000219984e+01 3.030750660610026168e-02
-1.040000000000070024e+01 3.030804869917701205e-02
-1.000000000000290079e+01 3.030780363091765961e-02
-9.600000000001449152e+00 3.030741281625806000e-02
-9.199999999999999289e+00 3.030577173315116002e-02
-8.800000000002180300e+00 3.030409354466366209e-02
-8.400000000000730438e+00 3.030329613391825883e-02
-8.000000000002909673e+00 3.030285878172121056e-02
-7.600000000001459810e+00 3.030297274453211051e-02
-7.200000000000000178e+00 3.030268620300006002e-02
-6.800000000002180300e+00 3.030318615008190802e-02
-6.400000000000730438e+00 3.030374568924140005e-02
-6.000000000002909673e+00 3.030112955503099989e-02
-5.600000000001459810e+00 3.030215099388609834e-02
-5.200000000000000178e+00 3.030386034054149968e-02
-4.800000000002180300e+00 3.030117124641280163e-02
-4.400000000000730438e+00 3.030214057104059847e-02
-4.000000000002909673e+00 3.030345384956849991e-02
-3.600000000001459810e+00 3.029420878564570083e-02
-3.200000000000000178e+00 3.029356256922719967e-02
-2.800000000002179856e+00 3.029312480971790150e-02
-2.400000000000729994e+00 3.029072755526220073e-02
-2.000000000002910117e+00 3.028521387001400014e-02
-1.600000000001460032e+00 3.027990864167499907e-02
-1.199999999999999956e+00 3.026063680041990098e-02
-8.000000000021829649e-01 3.031253214796399836e-02
-4.000000000007279954e-01 3.031137521211790115e-02
-2.910387209009709878e-12 3.028510964155940038e-02
