-2.208000000000020009e+02 -3.951898586530915054e+02
-2.204000000000010004e+02 -1.467954783800269070e+02
-2.200000000000030127e+02 -1.367965517970478686e+02
-2.196000000000009891e+02 -2.182659133310407924e+02
-2.191999999999999886e+02 -1.381788979852899502e+02
-2.188000000000020009e+02 -1.370529730892776570e+02
-2.184000000000010004e+02 -1.361103778652941401e+02
-2.180000000000030127e+02 -1.351324472597661952e+02
-2.176000000000009891e+02 -1.330006927897520654e+02
-2.171999999999999886e+02 -1.307544533068030432e+02
-2.168000000000020009e+02 -1.299345494007902744e+02
-2.164000000000010004e+02 -1.292528933773173776e+02
-2.160000000000030127e+02 -1.284846215092729835e+02
-2.156000000000009891e+02 -1.274320307867637894e+02
-2.151999999999999886e+02 -1.262170177477710240e+02
-2.148000000000020009e+02 -1.255666831407615973e+02
-2.144000000000010004e+02 -1.241773629967974557e+02
-2.140000000000030127e+02 -1.237433464587847993e+02
-2.136000000000009891e+02 -1.225681540287660027e+02
-2.131999999999999886e+02 -1.220006732923102390e+02
-2.128000000000020009e+02 -1.206819040542650328e+02
-2.124000000000010004e+02 -1.201774301883015141e+02
-2.120000000000030127e+02 -1.190690996607918350e+02
-2.116000000000009891e+02 -1.183853314443003910e+02
-2.111999999999999886e+02 -1.173954368407612492e+02
-2.108000000000020009e+02 -1.168047073152738449e+02
-2.104000000000010004e+02 -1.157901129922865948e+02
-2.100000000000030127e+02 -1.151579385168188310e+02
-2.096000000000009891e+02 -1.142362333802775538e+02
-2.091999999999999886e+02 -1.136375584247616644e+02
-2.088000000000020009e+02 -1.128227022633109300e+02
-2.084000000000010004e+02 -1.122500333003008564e+02
-2.080000000000030127e+02 -1.115193178442750650e+02
-2.076000000000009891e+02 -1.109335964297679311e+02
-2.071999999999999886e+02 -1.091569724254986795e+02
-2.068000000000020009e+02 -1.084299355654839019e+02
-2.064000000000010004e+02 -1.076408494934767077e+02
-2.060000000000030127e+02 -1.068867866594846419e+02
-2.056000000000009891e+02 -1.060372476889897371e+02
-2.051999999999999886e+02 -1.053329656700370833e+02
-2.048000000000020009e+02 -1.045992100841940555e+02
-2.044000000000010004e+02 -1.039047701703348139e+02
-2.040000000000030127e+02 -1.031902299528373987e+02
-2.036000000000009891e+02 -1.025055601297899557e+02
-2.031999999999999886e+02 -1.017992585793290345e+02
-2.028000000000020009e+02 -1.011337454871900263e+02
-2.024000000000010004e+02 -1.004454225831868825e+02
-2.020000000000030127e+02 -9.978072520524074207e+01
-2.016000000000009891e+02 -9.911370794783579186e+01
-2.011999999999999886e+02 -9.846187058482973953e+01
-2.008000000000020009e+02 -9.780248428103004699e+01
-2.004000000000010004e+02 -9.716838187593020848e+01
-2.000000000000030127e+02 -9.652133918348408770e+01
-1.996000000000009891e+02 -9.589115679203314357e+01
-1.991999999999999886e+02 -9.525948321008763742e+01
-1.988000000000020009e+02 -9.465185906134138349e+01
-1.984000000000010004e+02 -9.403044586533724214e+01
-1.980000000000030127e+02 -9.343245658233718132e+01
-1.976000000000009891e+02 -9.283049555543038878e+01
-1.971999999999999886e+02 -9.225121119763934985e+01
-1.968000000000020009e+02 -9.161737181018179399e+01
-1.964000000000010004e+02 -9.102015621888494934e+01
-1.960000000000030127e+02 -9.042803615038064891e+01
-1.956000000000009891e+02 -8.983891878478243598e+01
-1.951999999999999886e+02 -8.924961972588425851e+01
-1.948000000000020009e+02 -8.866752870117852581e+01
-1.944000000000010004e+02 -8.808357255928058294e+01
-1.940000000000030127e+02 -8.751077267137952731e+01
-1.936000000000009891e+02 -8.693855623428316903e+01
-1.931999999999999886e+02 -8.636764619538371335e+01
-1.928000000000020009e+02 -8.574296726233296795e+01
-1.924000000000010004e+02 -8.518626687017967924e+01
-1.920000000000030127e+02 -8.464015068888329552e+01
-1.916000000000009891e+02 -8.408747635184045066e+01
-1.911999999999999886e+02 -8.354398781788040651e+01
-1.908000000000020009e+02 -8.299800673083154834e+01
-1.904000000000010004e+02 -8.246121050782676321e+01
-1.900000000000030127e+02 -8.192041474029247183e+01
-1.896000000000009891e+02 -8.139005865584113053e+01
-1.891999999999999886e+02 -8.085999152258227696e+01
-1.888000000000020009e+02 -8.033081829853836098e+01
-1.884000000000010004e+02 -7.980674808464027592e+01
-1.880000000000030127e+02 -7.928269564267611713e+01
-1.876000000000009891e+02 -7.876164314852940151e+01
-1.871999999999999886e+02 -7.824822081339152646e+01
-1.868000000000020009e+02 -7.773519789993224549e+01
-1.864000000000010004e+02 -7.722086758568548248e+01
-1.860000000000030127e+02 -7.671288168063256308e+01
-1.856000000000009891e+02 -7.620556669529105420e+01
-1.851999999999999886e+02 -7.570328019699081779e+01
-1.848000000000020009e+02 -7.525496088527506799e+01
-1.844000000000010004e+02 -7.476014306029901491e+01
-1.840000000000030127e+02 -7.426390713127693743e+01
-1.836000000000009891e+02 -7.377389655827209936e+01
-1.831999999999999886e+02 -7.328351259130067774e+01
-1.828000000000020009e+02 -7.279428284929963411e+01
-1.824000000000010004e+02 -7.231390028028181405e+01
-1.820000000000030127e+02 -7.182413899628227227e+01
-1.816000000000009891e+02 -7.134323976230007247e+01
-1.811999999999999886e+02 -7.086726817829548963e+01
-1.808000000000020009e+02 -7.038723453227794380e+01
-1.804000000000010004e+02 -6.991500014427947463e+01
-1.800000000000030127e+02 -6.943938481729492196e+01
-1.796000000000009891e+02 -6.896379215029082843e+01
-1.791999999999999886e+02 -6.852979126341597294e+01
-1.788000000000020009e+02 -6.805548161461047130e+01
-1.784000000000010004e+02 -6.759035701141328900e+01
-1.780000000000030127e+02 -6.712177604796306696e+01
-1.776000000000009891e+02 -6.665089273651028634e+01
-1.771999999999999886e+02 -6.618895512476956355e+01
-1.768000000000020009e+02 -6.572591404371632962e+01
-1.764000000000010004e+02 -6.526276766376759042e+01
-1.760000000000030127e+02 -6.480221952896317816e+01
-1.756000000000009891e+02 -6.434782708991770050e+01
-1.751999999999999886e+02 -6.389273014826540020e+01
-1.748000000000020009e+02 -6.343857777421362698e+01
-1.744000000000010004e+02 -6.298546880645517376e+01
-1.740000000000030127e+02 -6.253699286046321504e+01
-1.736000000000009891e+02 -6.208326369410860934e+01
-1.731999999999999886e+02 -6.163858037316094851e+01
-1.728000000000020009e+02 -6.119438892736434354e+01
-1.724000000000010004e+02 -6.075309423046201118e+01
-1.720000000000030127e+02 -6.026021790663799038e+01
-1.716000000000009891e+02 -5.982021418583826744e+01
-1.711999999999999886e+02 -5.936659235913612065e+01
-1.708000000000020009e+02 -5.892483289793744916e+01
-1.704000000000010004e+02 -5.848105649983699550e+01
-1.700000000000030127e+02 -5.803998436193796806e+01
-1.696000000000009891e+02 -5.760048669353636797e+01
-1.691999999999999886e+02 -5.716258100113554974e+01
-1.688000000000020009e+02 -5.672441780393637600e+01
-1.684000000000010004e+02 -5.629329283203696832e+01
-1.680000000000030127e+02 -5.585600212023928179e+01
-1.676000000000009891e+02 -5.542184098013603943e+01
-1.671999999999999886e+02 -5.499186588533848408e+01
-1.668000000000020009e+02 -5.456092804253785289e+01
-1.664000000000010004e+02 -5.413081819073704537e+01
-1.660000000000030127e+02 -5.368521022026106948e+01
-1.656000000000009891e+02 -5.325987023756169947e+01
-1.651999999999999886e+02 -5.283421783105950453e+01
-1.648000000000020009e+02 -5.241635440466416185e+01
-1.644000000000010004e+02 -5.199284314646138228e+01
-1.640000000000030127e+02 -5.157210597810990294e+01
-1.636000000000009891e+02 -5.114744688906284864e+01
-1.631999999999999886e+02 -5.073134035931070684e+01
-1.628000000000020009e+02 -5.031208206610972411e+01
-1.624000000000010004e+02 -4.989483824811395607e+01
-1.620000000000030127e+02 -4.948012032151382300e+01
-1.616000000000009891e+02 -4.906199337286307127e+01
-1.611999999999999886e+02 -4.864548553520944552e+01
-1.608000000000020009e+02 -4.823556690891200560e+01
-1.604000000000010004e+02 -4.782010246546269627e+01
-1.600000000000030127e+02 -4.743855154708944610e+01
-1.596000000000009891e+02 -4.702546279548914754e+01
-1.591999999999999886e+02 -4.662666014438946149e+01
-1.588000000000020009e+02 -4.622098414708671044e+01
-1.584000000000010004e+02 -4.582164600888791028e+01
-1.580000000000030127e+02 -4.541652575238913414e+01
-1.576000000000009891e+02 -4.502236260228892206e+01
-1.571999999999999886e+02 -4.461693148338599713e+01
-1.568000000000020009e+02 -4.421483560618798947e+01
-1.564000000000010004e+02 -4.381812027658816078e+01
-1.560000000000030127e+02 -4.342169848198682303e+01
-1.556000000000009891e+02 -4.302093689498724416e+01
-1.551999999999999886e+02 -4.262988560888697975e+01
-1.548000000000020009e+02 -4.223432316088656080e+01
-1.544000000000010004e+02 -4.183800077698469977e+01
-1.540000000000030127e+02 -4.145434947468675091e+01
-1.536000000000009891e+02 -4.105853690948788426e+01
-1.531999999999999886e+02 -4.067115066111364285e+01
-1.528000000000020009e+02 -4.027614470196203911e+01
-1.524000000000010004e+02 -3.988982618576119421e+01
-1.520000000000030127e+02 -3.949746984751254786e+01
-1.516000000000009891e+02 -3.910861470346208080e+01
-1.511999999999999886e+02 -3.871711960961329169e+01
-1.508000000000020009e+02 -3.833820829786418471e+01
-1.504000000000010004e+02 -3.794779704301618040e+01
-1.500000000000030127e+02 -3.756250836406252347e+01
-1.496000000000009891e+02 -3.718076194421519176e+01
-1.491999999999999886e+02 -3.680030424396318267e+01
-1.488000000000020009e+02 -3.641436041706401738e+01
-1.484000000000010004e+02 -3.603326305116570438e+01
-1.480000000000030127e+02 -3.564885392251380836e+01
-1.476000000000009891e+02 -3.526847393966454547e+01
-1.471999999999999886e+02 -3.489370331984173390e+01
-1.468000000000020009e+02 -3.450808253114155377e+01
-1.464000000000010004e+02 -3.413818309103953652e+01
-1.460000000000030127e+02 -3.375965596844253014e+01
-1.456000000000009891e+02 -3.338268020333998720e+01
-1.451999999999999886e+02 -3.301157036704171333e+01
-1.448000000000020009e+02 -3.263765317773868446e+01
-1.444000000000010004e+02 -3.226373373504247866e+01
-1.440000000000030127e+02 -3.188202953264044481e+01
-1.436000000000009891e+02 -3.151566562024163431e+01
-1.431999999999999886e+02 -3.114223605144070461e+01
-1.428000000000020009e+02 -3.077585446933881030e+01
-1.424000000000010004e+02 -3.040946347923818394e+01
-1.420000000000030127e+02 -3.003807763923759921e+01
-1.416000000000009891e+02 -2.967140930243840558e+01
-1.411999999999999886e+02 -2.930288084134008386e+01
-1.408000000000020009e+02 -2.893826651693962049e+01
-1.404000000000010004e+02 -2.857709194756534998e+01
-1.400000000000030127e+02 -2.821373774901076104e+01
-1.396000000000009891e+02 -2.784866120061269612e+01
-1.391999999999999886e+02 -2.748649190931246267e+01
-1.388000000000020009e+02 -2.711921395751051023e+01
-1.384000000000010004e+02 -2.675748882191328448e+01
-1.380000000000030127e+02 -2.639564789801443112e+01
-1.376000000000009891e+02 -2.603525656326382887e+01
-1.371999999999999886e+02 -2.567515006371468189e+01
-1.368000000000020009e+02 -2.531639511561297695e+01
-1.364000000000010004e+02 -2.496178583051369060e+01
-1.360000000000030127e+02 -2.460064022196092992e+01
-1.356000000000009891e+02 -2.424914719521257211e+01
-1.351999999999999886e+02 -2.388702653881409788e+01
-1.348000000000020009e+02 -2.353069073356527952e+01
-1.344000000000010004e+02 -2.316819153028700384e+01
-1.340000000000030127e+02 -2.281209876398861525e+01
-1.336000000000009891e+02 -2.245788109008935862e+01
-1.331999999999999886e+02 -2.209956314558439772e+01
-1.328000000000020009e+02 -2.175102005668668426e+01
-1.324000000000010004e+02 -2.139663524698698893e+01
-1.320000000000030127e+02 -2.104424950448810705e+01
-1.316000000000009891e+02 -2.069384884918690659e+01
-1.311999999999999886e+02 -2.033776052098619402e+01
-1.308000000000020009e+02 -1.999082815618749009e+01
-1.304000000000010004e+02 -1.964309591768687824e+01
-1.300000000000030127e+02 -1.929481411508822930e+01
-1.296000000000009891e+02 -1.893958258508791914e+01
-1.291999999999999886e+02 -1.859395148998737568e+01
-1.288000000000020009e+02 -1.824422521958695143e+01
-1.284000000000010004e+02 -1.789589651598726050e+01
-1.280000000000030127e+02 -1.755186933218647027e+01
-1.276000000000010033e+02 -1.721760314451239537e+01
-1.272000000000000028e+02 -1.687009499171472271e+01
-1.268000000000020009e+02 -1.652314661941272789e+01
-1.264000000000010004e+02 -1.617918881691366551e+01
-1.260000000000029985e+02 -1.583592343926284229e+01
-1.256000000000010033e+02 -1.549152656036312692e+01
-1.252000000000000028e+02 -1.514884843086110777e+01
-1.248000000000020009e+02 -1.480936391161230858e+01
-1.244000000000010004e+02 -1.446444098295978620e+01
-1.240000000000029985e+02 -1.412542327661140007e+01
-1.236000000000010033e+02 -1.378481402666147915e+01
-1.232000000000000028e+02 -1.344392897896250361e+01
-1.228000000000020009e+02 -1.310400756336093764e+01
-1.224000000000010004e+02 -1.276942806451188517e+01
-1.220000000000029985e+02 -1.243243950346368365e+01
-1.216000000000010033e+02 -1.207910453204021906e+01
-1.212000000000000028e+02 -1.174841901803665678e+01
-1.208000000000020009e+02 -1.140935043233548640e+01
-1.204000000000010004e+02 -1.106937033133726800e+01
-1.200000000000029985e+02 -1.073628382223614608e+01
-1.196000000000010033e+02 -1.040277181433702935e+01
-1.192000000000000028e+02 -1.006358274703597999e+01
-1.188000000000020009e+02 -9.730676251238037366e+00
-1.184000000000010004e+02 -9.393903927939390996e+00
-1.180000000000029985e+02 -9.059148249238205608e+00
-1.176000000000010033e+02 -8.730595887336676242e+00
-1.172000000000000028e+02 -8.399549337536882376e+00
-1.168000000000020009e+02 -8.061973707037395798e+00
-1.164000000000010004e+02 -7.732900951839837944e+00
-1.160000000000029985e+02 -7.398872289635619381e+00
-1.156000000000010033e+02 -7.067188190638262313e+00
-1.152000000000000028e+02 -6.741162159563828027e+00
-1.148000000000020009e+02 -6.413018651011952898e+00
-1.144000000000010004e+02 -6.082524376866786042e+00
-1.140000000000029985e+02 -5.750873945511557395e+00
-1.136000000000010033e+02 -5.423754505511169555e+00
-1.132000000000000028e+02 -5.094399011562927626e+00
-1.128000000000020009e+02 -4.768658593111467781e+00
-1.124000000000010004e+02 -4.441422542113286909e+00
-1.120000000000029985e+02 -4.110673466111620655e+00
-1.116000000000010033e+02 -3.789966160264157224e+00
-1.112000000000000028e+02 -3.459775676514254883e+00
-1.108000000000020009e+02 -3.137008524714474333e+00
-1.104000000000010004e+02 -2.812766415361693362e+00
-1.100000000000029985e+02 -2.486215863111283397e+00
-1.096000000000010033e+02 -2.164500139762822073e+00
-1.092000000000000028e+02 -1.837905017815501196e+00
-1.088000000000020009e+02 -1.511797477789514232e+00
-1.084000000000010004e+02 -1.186838457790145185e+00
-1.080000000000029985e+02 -8.646619484898110386e-01
-1.076000000000010033e+02 -5.373668162901594769e-01
-1.072000000000000028e+02 -2.143883942881075200e-01
-1.068000000000020009e+02 1.015550156116660219e-01
-1.064000000000010004e+02 4.237554279097821563e-01
-1.060000000000029985e+02 7.457418657104426529e-01
-1.056000000000010033e+02 1.066805282411223743e+00
-1.052000000000000028e+02 1.388317416112840874e+00
-1.048000000000020009e+02 1.709700353512744186e+00
-1.044000000000010004e+02 2.032631099609716330e+00
-1.040000000000029985e+02 2.354472888910095207e+00
-1.036000000000010033e+02 2.666260975511249853e+00
-1.032000000000000028e+02 2.986542587612348143e+00
-1.028000000000020009e+02 3.305077821012673667e+00
-1.024000000000010004e+02 3.623873510310659185e+00
-1.020000000000029985e+02 3.928764341460919240e+00
-1.016000000000010033e+02 4.251310892861511093e+00
-1.012000000000000028e+02 4.573756179161136970e+00
-1.008000000000020009e+02 4.889601696810132125e+00
-1.004000000000010004e+02 5.207011484159011161e+00
-1.000000000000029985e+02 5.525193318211677251e+00
-9.960000000000150067e+01 5.842383955761761172e+00
-9.920000000000000284e+01 6.160591923609899823e+00
-9.880000000000219984e+01 6.476236599908588687e+00
-9.840000000000070202e+01 6.794188562762428774e+00
-9.800000000000289901e+01 7.110420548011461506e+00
-9.760000000000150067e+01 7.425876782759587513e+00
-9.720000000000000284e+01 7.739402117058489239e+00
-9.680000000000219984e+01 8.056355065858952003e+00
-9.640000000000070202e+01 8.367864606010698481e+00
-9.600000000000289901e+01 8.693469029010884697e+00
-9.560000000000150067e+01 9.009359336909255944e+00
-9.520000000000000284e+01 9.325023954312200658e+00
-9.480000000000219984e+01 9.637855633511207998e+00
-9.440000000000070202e+01 9.951600342410529265e+00
-9.400000000000289901e+01 1.026371680701049627e+01
-9.360000000000150067e+01 1.058006687660963507e+01
-9.320000000000000284e+01 1.088628117651023786e+01
-9.280000000000219984e+01 1.120114396261124057e+01
-9.240000000000070202e+01 1.151521935560958809e+01
-9.200000000000289901e+01 1.182488829300928046e+01
-9.160000000000150067e+01 1.213680137721166830e+01
-9.120000000000000284e+01 1.244332496360948426e+01
-9.080000000000219984e+01 1.275634811621057452e+01
-9.040000000000070202e+01 1.306689507481132750e+01
-9.000000000000289901e+01 1.337846790891126147e+01
-8.960000000000150067e+01 1.368771068490968901e+01
-8.920000000000000284e+01 1.400948813223294565e+01
-8.880000000000219984e+01 1.431534981468576007e+01
-8.840000000000070202e+01 1.461774248628717032e+01
-8.800000000000289901e+01 1.492217710953627829e+01
-8.760000000000150067e+01 1.522448392793376115e+01
-8.720000000000000284e+01 1.552851764048318728e+01
-8.680000000000219984e+01 1.583067154563832446e+01
-8.640000000000070202e+01 1.613391206863525440e+01
-8.600000000000289901e+01 1.643327977158696740e+01
-8.560000000000150067e+01 1.673459057593936450e+01
-8.520000000000000284e+01 1.703765262668457581e+01
-8.480000000000219984e+01 1.733602310653441236e+01
-8.440000000000070202e+01 1.763483867213653866e+01
-8.400000000000289901e+01 1.793610207158781122e+01
-8.360000000000150067e+01 1.823358449048464536e+01
-8.320000000000000284e+01 1.850872798086129478e+01
-8.280000000000219984e+01 1.880570690775857656e+01
-8.240000000000070202e+01 1.909904469736284227e+01
-8.200000000000289901e+01 1.939023788195845555e+01
-8.160000000000150067e+01 1.968369921006160439e+01
-8.120000000000000284e+01 1.997314714896128862e+01
-8.080000000000219984e+01 2.026550453286108677e+01
-8.040000000000070202e+01 2.055833806766167982e+01
-8.000000000000289901e+01 2.084379556276326184e+01
-7.960000000000150067e+01 2.113378005076083355e+01
-7.920000000000000284e+01 2.142371125256249798e+01
-7.880000000000219984e+01 2.170933717396110296e+01
-7.840000000000070202e+01 2.199971116946107941e+01
-7.800000000000289901e+01 2.228837987996303127e+01
-7.760000000000150067e+01 2.257137367456380161e+01
-7.720000000000000284e+01 2.285732462006126298e+01
-7.680000000000219984e+01 2.314229336816060822e+01
-7.640000000000070202e+01 2.341932091351191048e+01
-7.600000000000289901e+01 2.370207457131255069e+01
-7.560000000000150067e+01 2.398293175686194445e+01
-7.520000000000000284e+01 2.426581066181097412e+01
-7.480000000000219984e+01 2.454699961981168599e+01
-7.440000000000070202e+01 2.482672913731221342e+01
-7.400000000000289901e+01 2.510517436291047488e+01
-7.360000000000150067e+01 2.538217748296301579e+01
-7.320000000000000284e+01 2.565974253641252290e+01
-7.280000000000219984e+01 2.593350984731296194e+01
-7.240000000000070202e+01 2.621002609085917356e+01
-7.200000000000289901e+01 2.648554296706060995e+01
-7.160000000000150067e+01 2.676284709126048256e+01
-7.120000000000000284e+01 2.703149336766000488e+01
-7.080000000000219984e+01 2.730202775315774488e+01
-7.040000000000070202e+01 2.757857155255987891e+01
-7.000000000000289901e+01 2.784904972606091178e+01
-6.960000000000150067e+01 2.811859146276037791e+01
-6.920000000000000284e+01 2.838345106075939839e+01
-6.880000000000219984e+01 2.865437456246218062e+01
-6.840000000000070202e+01 2.891876308866267209e+01
-6.800000000000289901e+01 2.918403491856224719e+01
-6.760000000000150067e+01 2.944996959366108058e+01
-6.720000000000000284e+01 2.971060185546230059e+01
-6.680000000000219984e+01 2.997429917066256166e+01
-6.640000000000070202e+01 3.023611206086206948e+01
-6.600000000000289901e+01 3.049478311716302414e+01
-6.560000000000150067e+01 3.075442814366033417e+01
-6.520000000000000284e+01 3.101202029686101014e+01
-6.480000000000219984e+01 3.126839355946140131e+01
-6.440000000000070202e+01 3.152209207956184400e+01
-6.400000000000289901e+01 3.177937421216120129e+01
-6.360000000000150067e+01 3.200348564938394702e+01
-6.320000000000000284e+01 3.225806143153386074e+01
-6.280000000000219984e+01 3.250740546263477881e+01
-6.240000000000070202e+01 3.276046606983436504e+01
-6.200000000000289901e+01 3.300715941483576898e+01
-6.160000000000150067e+01 3.325761226988470298e+01
-6.120000000000000284e+01 3.350410677493346157e+01
-6.080000000000219984e+01 3.374836284103730577e+01
-6.040000000000070202e+01 3.399173176243493799e+01
-6.000000000000289901e+01 3.423208246848298586e+01
-5.960000000000150067e+01 3.447476970103525673e+01
-5.920000000000000284e+01 3.471196922608578461e+01
-5.880000000000219984e+01 3.494930339933853247e+01
-5.840000000000070202e+01 3.518536566188777215e+01
-5.800000000000289901e+01 3.541707654148558504e+01
-5.760000000000150067e+01 3.567924761940957978e+01
-5.720000000000000284e+01 3.591006727550848154e+01
-5.680000000000219984e+01 3.614552456781166256e+01
-5.640000000000070202e+01 3.637578489330917364e+01
-5.600000000000289901e+01 3.660314149740952416e+01
-5.560000000000150067e+01 3.682879855680948822e+01
-5.520000000000000284e+01 3.705488863880964345e+01
-5.480000000000219984e+01 3.727916666860983241e+01
-5.440000000000070202e+01 3.750013440660768538e+01
-5.400000000000289901e+01 3.771746730590894003e+01
-5.360000000000150067e+01 3.793746910660775029e+01
-5.320000000000000284e+01 3.815243941460721544e+01
-5.280000000000219984e+01 3.836465846350984066e+01
-5.240000000000070202e+01 3.857859155280675623e+01
-5.200000000000289901e+01 3.878588656540887314e+01
-5.160000000000150067e+01 3.899199872490862617e+01
-5.120000000000000284e+01 3.920802821121105808e+01
-5.080000000000219984e+01 3.940934871355784708e+01
-5.040000000000070202e+01 3.960811455791190383e+01
-5.000000000000289901e+01 3.980289688000993920e+01
-4.960000000000150067e+01 3.999828155390787288e+01
-4.920000000000000284e+01 4.018866910321230534e+01
-4.880000000000219984e+01 4.037827342345917714e+01
-4.840000000000070202e+01 4.056688494856280158e+01
-4.800000000000289901e+01 4.074856517035732395e+01
-4.760000000000150067e+01 4.093350054895927315e+01
-4.720000000000000284e+01 4.111049852706128149e+01
-4.680000000000219984e+01 4.128503960445959819e+01
-4.640000000000070202e+01 4.145901522391068283e+01
-4.600000000000289901e+01 4.162939654526053346e+01
-4.560000000000150067e+01 4.179639813056201092e+01
-4.520000000000000284e+01 4.196018751176234218e+01
-4.480000000000219984e+01 4.210744926861298154e+01
-4.440000000000070202e+01 4.226385672091055312e+01
-4.400000000000289901e+01 4.241556330430830712e+01
-4.360000000000150067e+01 4.256508662901251228e+01
-4.320000000000000284e+01 4.270944133531156695e+01
-4.280000000000219984e+01 4.285383111721239402e+01
-4.240000000000070202e+01 4.299438562200884917e+01
-4.200000000000289901e+01 4.313099179091295809e+01
-4.160000000000150067e+01 4.326416342420998262e+01
-4.120000000000000284e+01 4.339573063970965450e+01
-4.080000000000219984e+01 4.352098110170845757e+01
-4.040000000000070202e+01 4.364930145441030618e+01
-4.000000000000289901e+01 4.376639682671157061e+01
-3.960000000000150067e+01 4.388087067841115640e+01
-3.920000000000000284e+01 4.399605014651024248e+01
-3.880000000000219984e+01 4.410322326291134232e+01
-3.840000000000070202e+01 4.421114146520994836e+01
-3.800000000000289901e+01 4.429409398210918880e+01
-3.760000000000150067e+01 4.439287793971379870e+01
-3.720000000000000284e+01 4.448681114251303370e+01
-3.680000000000219984e+01 4.457785869610961527e+01
-3.640000000000070202e+01 4.466405886251232005e+01
-3.600000000000289901e+01 4.474304327425852534e+01
-3.560000000000150067e+01 4.482176025240914896e+01
-3.520000000000000284e+01 4.489334643336405861e+01
-3.480000000000219984e+01 4.496250890471128514e+01
-3.440000000000070202e+01 4.502451504565760843e+01
-3.400000000000289901e+01 4.508366702391140279e+01
-3.360000000000150067e+01 4.513500802495764219e+01
-3.320000000000000284e+01 4.518351381345928530e+01
-3.280000000000219984e+01 4.522580779451163835e+01
-3.240000000000070202e+01 4.525922853471274721e+01
-3.200000000000289901e+01 4.530907740760812885e+01
-3.160000000000150067e+01 4.533902776980903582e+01
-3.119999999999999929e+01 4.536205008461183752e+01
-3.080000000000219984e+01 4.537889116441147053e+01
-3.040000000000069846e+01 4.538963607341065654e+01
-3.000000000000289901e+01 4.539434064730812679e+01
-2.960000000000150067e+01 4.539299250120893703e+01
-2.919999999999999929e+01 4.538527485171289300e+01
-2.880000000000219984e+01 4.537285541960955015e+01
-2.840000000000069846e+01 4.535481925560816308e+01
-2.800000000000289901e+01 4.532711779751116410e+01
-2.760000000000150067e+01 4.529405001730992808e+01
-2.719999999999999929e+01 4.525034325151136727e+01
-2.680000000000219984e+01 4.520422575660995790e+01
-2.640000000000069846e+01 4.514790639710918185e+01
-2.600000000000289901e+01 4.508625060101257986e+01
-2.560000000000150067e+01 4.501526895520873950e+01
-2.519999999999999929e+01 4.493656412733616889e+01
-2.480000000000219984e+01 4.485429157778344234e+01
-2.440000000000069846e+01 4.476040456363625708e+01
-2.400000000000289901e+01 4.466017779318644898e+01
-2.360000000000150067e+01 4.455015140213436098e+01
-2.319999999999999929e+01 4.443095104628810077e+01
-2.280000000000219984e+01 4.430731306838788441e+01
-2.240000000000069846e+01 4.416579562948390958e+01
-2.200000000000289901e+01 4.402101732678784174e+01
-2.160000000000150067e+01 4.386707997268604231e+01
-2.119999999999999929e+01 4.369997048833829467e+01
-2.080000000000219984e+01 4.352798387768780231e+01
-2.040000000000069846e+01 4.334022204933717148e+01
-2.000000000000289901e+01 4.314375622773513896e+01
-1.960000000000150067e+01 4.293700421913308674e+01
-1.919999999999999929e+01 4.272576584905982600e+01
-1.880000000000219984e+01 4.249437616455907119e+01
-1.840000000000069846e+01 4.225429120456101373e+01
-1.800000000000289901e+01 4.199607153846227448e+01
-1.760000000000150067e+01 4.173167806426135940e+01
-1.719999999999999929e+01 4.145222093686243170e+01
-1.680000000000219984e+01 4.115802385146162123e+01
-1.640000000000069846e+01 4.084932058416234213e+01
-1.600000000000289901e+01 4.052717070576181868e+01
-1.560000000000150067e+01 4.018739359556275303e+01
-1.519999999999999929e+01 3.983472276066095219e+01
-1.480000000000219984e+01 3.945979711535983370e+01
-1.440000000000070024e+01 3.908045553996271337e+01
-1.400000000000290079e+01 3.867275206976046320e+01
-1.360000000000150067e+01 3.825157152136307559e+01
-1.319999999999999929e+01 3.781130869416301721e+01
-1.280000000000219984e+01 3.735565645216047415e+01
-1.240000000000070024e+01 3.686970559693145333e+01
-1.200000000000290079e+01 3.637350705367862247e+01
-1.160000000000150067e+01 3.585121513108242652e+01
-1.119999999999999929e+01 3.530498992702996475e+01
-1.080000000000219984e+01 3.473835434758075280e+01
-1.040000000000070024e+01 3.414455071162956301e+01
-1.000000000000290079e+01 3.352821000662879669e+01
-9.600000000001449152e+00 3.288096094823049498e+01
-9.199999999999999289e+00 3.220689595168005326e+01
-8.800000000002180300e+00 3.150222891998055275e+01
-8.400000000000730438e+00 3.076278935798109160e+01
-8.000000000002909673e+00 2.998845874123071553e+01
-7.600000000001459810e+00 2.918326662293111440e+01
-7.200000000000000178e+00 2.833273738373100059e+01
-6.800000000002180300e+00 2.744618065462782397e+01
-6.400000000000730438e+00 2.652799110100022517e+01
-6.000000000002909673e+00 2.555145676269967225e+01
-5.600000000001459810e+00 2.453169807060112362e+01
-5.200000000000000178e+00 2.345528554129850818e+01
-4.800000000002180300e+00 2.232835531310047372e+01
-4.400000000000730438e+00 2.113623339960031444e+01
-4.000000000002909673e+00 1.987539592289977008e+01
-3.600000000001459810e+00 1.853331763100140961e+01
-3.200000000000000178e+00 1.711722870399898966e+01
-2.800000000002179856e+00 1.560179854859961779e+01
-2.400000000000729994e+00 1.397791650349972770e+01
-2.000000000002910117e+00 1.223912368590026745e+01
-1.600000000001460032e+00 1.034927286010133685e+01
-1.199999999999999956e+00 8.275199175699526677e+00
-8.000000000021829649e-01 5.960977449300116859e+00
-4.000000000007279954e-01 3.295678470498387469e+00
-2.910387209009709878e-12 0.000000000000000000e+00
