-4.624000000000010004e+02 -5.865835114733308728e+02
-4.620000000000030127e+02 -6.237956072623601358e+02
-4.616000000000009891e+02 -5.846221279843703087e+02
-4.611999999999999886e+02 -3.287416144674170937e+02
-4.608000000000020009e+02 -2.859948645124204631e+02
-4.604000000000010004e+02 -2.855936319303691562e+02
-4.600000000000030127e+02 -2.433239764474092226e+02
-4.596000000000009891e+02 -2.412058880744261842e+02
-4.591999999999999886e+02 -2.405248788654098462e+02
-4.588000000000020009e+02 -2.388602766523363243e+02
-4.584000000000010004e+02 -2.382706810233175929e+02
-4.580000000000030127e+02 -2.368091707453822892e+02
-4.576000000000009891e+02 -2.357690721423823561e+02
-4.571999999999999886e+02 -2.346153246093999769e+02
-4.568000000000020009e+02 -2.337259058244053449e+02
-4.564000000000010004e+02 -2.328670735624145891e+02
-4.560000000000030127e+02 -2.316274629353538330e+02
-4.556000000000009891e+02 -2.308145363353651192e+02
-4.551999999999999886e+02 -2.299221068873994227e+02
-4.548000000000020009e+02 -2.292143561474040325e+02
-4.544000000000010004e+02 -2.282298421923296701e+02
-4.540000000000030127e+02 -2.274632419254157867e+02
-4.536000000000009891e+02 -2.265729181044262077e+02
-4.531999999999999886e+02 -2.258137821603559132e+02
-4.528000000000020009e+02 -2.250399102114133711e+02
-4.524000000000010004e+02 -2.242471187783630739e+02
-4.520000000000030127e+02 -2.234460129703620623e+02
-4.516000000000009891e+02 -2.227052848214043479e+02
-4.511999999999999886e+02 -2.218672061593497347e+02
-4.508000000000020009e+02 -2.211441159513306047e+02
-4.504000000000010004e+02 -2.204874459683887835e+02
-4.500000000000030127e+02 -2.197434551623409789e+02
-4.496000000000009891e+02 -2.189871565773610200e+02
-4.491999999999999886e+02 -2.183106941363766964e+02
-4.488000000000020009e+02 -2.176407563513603236e+02
-4.484000000000010004e+02 -2.169430039703838702e+02
-4.480000000000030127e+02 -2.162882193664081569e+02
-4.476000000000009891e+02 -2.156353676693506713e+02
-4.471999999999999886e+02 -2.149659126853330235e+02
-4.468000000000020009e+02 -2.143323953573817562e+02
-4.464000000000010004e+02 -2.136622446623623546e+02
-4.460000000000030127e+02 -2.130515490263460379e+02
-4.456000000000009891e+02 -2.124067601763636048e+02
-4.451999999999999886e+02 -2.118013269593466248e+02
-4.448000000000020009e+02 -2.112027460534118291e+02
-4.444000000000010004e+02 -2.105728751914102759e+02
-4.440000000000030127e+02 -2.099616952134056191e+02
-4.436000000000009891e+02 -2.093648352993877779e+02
-4.431999999999999886e+02 -2.087665795663597237e+02
-4.428000000000020009e+02 -2.081703244713826280e+02
-4.424000000000010004e+02 -2.075722979903912346e+02
-4.420000000000030127e+02 -2.069820635943433444e+02
-4.416000000000009891e+02 -2.063877438304007228e+02
-4.411999999999999886e+02 -2.058031391483491461e+02
-4.408000000000020009e+02 -2.052562421863658528e+02
-4.404000000000010004e+02 -2.046368452623246412e+02
-4.400000000000030127e+02 -2.040376078594235878e+02
-4.396000000000009891e+02 -2.034941457063650887e+02
-4.391999999999999886e+02 -2.029293317714000295e+02
-4.388000000000020009e+02 -2.025805438125498767e+02
-4.384000000000010004e+02 -2.020044311050551187e+02
-4.380000000000030127e+02 -2.014438904640373948e+02
-4.376000000000009891e+02 -2.008657710985098674e+02
-4.371999999999999886e+02 -2.002923431280469231e+02
-4.368000000000020009e+02 -1.997267859945241071e+02
-4.364000000000010004e+02 -1.991472463545323990e+02
-4.360000000000030127e+02 -1.985832037965701602e+02
-4.356000000000009891e+02 -1.980228881105249457e+02
-4.351999999999999886e+02 -1.974850933300440374e+02
-4.348000000000020009e+02 -1.969089506450509361e+02
-4.344000000000010004e+02 -1.963587650530498649e+02
-4.340000000000030127e+02 -1.957979781750582333e+02
-4.336000000000009891e+02 -1.952509055005612026e+02
-4.331999999999999886e+02 -1.946985420130476996e+02
-4.328000000000020009e+02 -1.941505754550562415e+02
-4.324000000000010004e+02 -1.936006242835246667e+02
-4.320000000000030127e+02 -1.930587708080529410e+02
-4.316000000000009891e+02 -1.925081578665522102e+02
-4.311999999999999886e+02 -1.919703172735280532e+02
-4.308000000000020009e+02 -1.914306159420339100e+02
-4.304000000000010004e+02 -1.909005781670675788e+02
-4.300000000000030127e+02 -1.903823974445513159e+02
-4.296000000000009891e+02 -1.898437255635617475e+02
-4.291999999999999886e+02 -1.893108780570437375e+02
-4.288000000000020009e+02 -1.887809898285304371e+02
-4.284000000000010004e+02 -1.882525568845849193e+02
-4.280000000000030127e+02 -1.877222584140654362e+02
-4.276000000000009891e+02 -1.871899009700391616e+02
-4.271999999999999886e+02 -1.866668442140326079e+02
-4.268000000000020009e+02 -1.861614433230242867e+02
-4.264000000000010004e+02 -1.856337857000580698e+02
-4.260000000000030127e+02 -1.851187832580581016e+02
-4.256000000000009891e+02 -1.846130964355652395e+02
-4.251999999999999886e+02 -1.840788256005725998e+02
-4.248000000000020009e+02 -1.835805129830368969e+02
-4.244000000000010004e+02 -1.830681412355152133e+02
-4.240000000000030127e+02 -1.825522482350752398e+02
-4.236000000000009891e+02 -1.820503723510591954e+02
-4.231999999999999886e+02 -1.815451781240226410e+02
-4.228000000000020009e+02 -1.810402250255101535e+02
-4.224000000000010004e+02 -1.805425726135545119e+02
-4.220000000000030127e+02 -1.800429098985441669e+02
-4.216000000000009891e+02 -1.795444888850433927e+02
-4.211999999999999886e+02 -1.788274475717444147e+02
-4.208000000000020009e+02 -1.783242777506929997e+02
-4.204000000000010004e+02 -1.778172572337316524e+02
-4.200000000000030127e+02 -1.773070681537028577e+02
-4.196000000000009891e+02 -1.768105492037248041e+02
-4.191999999999999886e+02 -1.763026603857397276e+02
-4.188000000000020009e+02 -1.758028541107305500e+02
-4.184000000000010004e+02 -1.753092016877017159e+02
-4.180000000000030127e+02 -1.748062414287232968e+02
-4.176000000000009891e+02 -1.743094294997390534e+02
-4.171999999999999886e+02 -1.738102677417446102e+02
-4.168000000000020009e+02 -1.733181418977437716e+02
-4.164000000000010004e+02 -1.728266888127072889e+02
-4.160000000000030127e+02 -1.723353050137047831e+02
-4.156000000000009891e+02 -1.718364030137418013e+02
-4.151999999999999886e+02 -1.713492999447153124e+02
-4.148000000000020009e+02 -1.708624676867148082e+02
-4.144000000000010004e+02 -1.703747365927083592e+02
-4.140000000000030127e+02 -1.698874342337476264e+02
-4.136000000000009891e+02 -1.694018730387433607e+02
-4.131999999999999886e+02 -1.689190899157074455e+02
-4.128000000000020009e+02 -1.684387357367195364e+02
-4.124000000000010004e+02 -1.679546842937234032e+02
-4.120000000000030127e+02 -1.674712501907015394e+02
-4.116000000000009891e+02 -1.669923714287106122e+02
-4.111999999999999886e+02 -1.665150552197119396e+02
-4.108000000000020009e+02 -1.660356345247237186e+02
-4.104000000000010004e+02 -1.655628192797412339e+02
-4.100000000000030127e+02 -1.650829304087201308e+02
-4.096000000000009891e+02 -1.646149782027459878e+02
-4.091999999999999886e+02 -1.641020951944774424e+02
-4.088000000000020009e+02 -1.636355354351071583e+02
-4.084000000000010004e+02 -1.631650227342579456e+02
-4.080000000000030127e+02 -1.626996453292777005e+02
-4.076000000000009891e+02 -1.622339241452755232e+02
-4.071999999999999886e+02 -1.617682597658749728e+02
-4.068000000000020009e+02 -1.613037119424079719e+02
-4.064000000000010004e+02 -1.608434801067742228e+02
-4.060000000000030127e+02 -1.603786659245124611e+02
-4.056000000000009891e+02 -1.599211902498609561e+02
-4.051999999999999886e+02 -1.594582275580651185e+02
-4.048000000000020009e+02 -1.590019646447290143e+02
-4.044000000000010004e+02 -1.585416854229079036e+02
-4.040000000000030127e+02 -1.580865469143318478e+02
-4.036000000000009891e+02 -1.576287932308223390e+02
-4.031999999999999886e+02 -1.571739765356796852e+02
-4.028000000000020009e+02 -1.567207007011747919e+02
-4.024000000000010004e+02 -1.562689866209730098e+02
-4.020000000000030127e+02 -1.558122296106557769e+02
-4.016000000000009891e+02 -1.553629133088215895e+02
-4.011999999999999886e+02 -1.549121465155149053e+02
-4.008000000000020009e+02 -1.544603114826713863e+02
-4.004000000000010004e+02 -1.540146088021647302e+02
-4.000000000000030127e+02 -1.535672028106055222e+02
-3.996000000000009891e+02 -1.531191111261687183e+02
-3.991999999999999886e+02 -1.526733663399172656e+02
-3.988000000000020009e+02 -1.522281543368262646e+02
-3.984000000000010004e+02 -1.517852143708187214e+02
-3.980000000000030127e+02 -1.513408010393141012e+02
-3.976000000000009891e+02 -1.508986777450154477e+02
-3.971999999999999886e+02 -1.504562647435741383e+02
-3.968000000000020009e+02 -1.500192511571694922e+02
-3.964000000000010004e+02 -1.495792764149664436e+02
-3.960000000000030127e+02 -1.491433750092182891e+02
-3.956000000000009891e+02 -1.487022758823186450e+02
-3.951999999999999886e+02 -1.482654552242056525e+02
-3.948000000000020009e+02 -1.478271993120069965e+02
-3.944000000000010004e+02 -1.473937501556247298e+02
-3.940000000000030127e+02 -1.469598326422819810e+02
-3.936000000000009891e+02 -1.465497500519159075e+02
-3.931999999999999886e+02 -1.461142305437133473e+02
-3.928000000000020009e+02 -1.456817667581162823e+02
-3.924000000000010004e+02 -1.452518576023139758e+02
-3.920000000000030127e+02 -1.448195173288149817e+02
-3.916000000000009891e+02 -1.443889485074141703e+02
-3.911999999999999886e+02 -1.439588509688146587e+02
-3.908000000000020009e+02 -1.435273857368156314e+02
-3.904000000000010004e+02 -1.431010845546152268e+02
-3.900000000000030127e+02 -1.426734768669157347e+02
-3.896000000000009891e+02 -1.422436732478163322e+02
-3.891999999999999886e+02 -1.418192901656148024e+02
-3.888000000000020009e+02 -1.413931366502147284e+02
-3.884000000000010004e+02 -1.409662052984131151e+02
-3.880000000000030127e+02 -1.405437840243139362e+02
-3.876000000000009891e+02 -1.401194697938153695e+02
-3.871999999999999886e+02 -1.396945502795133507e+02
-3.868000000000020009e+02 -1.392742875656149408e+02
-3.864000000000010004e+02 -1.388480369298158621e+02
-3.860000000000030127e+02 -1.384273680952137511e+02
-3.856000000000009891e+02 -1.379776637654722435e+02
-3.851999999999999886e+02 -1.375604516212297312e+02
-3.848000000000020009e+02 -1.371416147511226882e+02
-3.844000000000010004e+02 -1.367241117051817128e+02
-3.840000000000030127e+02 -1.363062188361836888e+02
-3.836000000000009891e+02 -1.358852111394189706e+02
-3.831999999999999886e+02 -1.354693112115237454e+02
-3.828000000000020009e+02 -1.350554492247792950e+02
-3.824000000000010004e+02 -1.346421826643272652e+02
-3.820000000000030127e+02 -1.342263102132237691e+02
-3.816000000000009891e+02 -1.338110436077331542e+02
-3.811999999999999886e+02 -1.333956077111797640e+02
-3.808000000000020009e+02 -1.329825761297252029e+02
-3.804000000000010004e+02 -1.325713004029348667e+02
-3.800000000000030127e+02 -1.321574043234213605e+02
-3.796000000000009891e+02 -1.317468127116771939e+02
-3.791999999999999886e+02 -1.313363947073703457e+02
-3.788000000000020009e+02 -1.309285084340226604e+02
-3.784000000000010004e+02 -1.305206467132775288e+02
-3.780000000000030127e+02 -1.301053451441803190e+02
-3.776000000000009891e+02 -1.297007100672817614e+02
-3.771999999999999886e+02 -1.292941267463356780e+02
-3.768000000000020009e+02 -1.288842639439753839e+02
-3.764000000000010004e+02 -1.284815215070302656e+02
-3.760000000000030127e+02 -1.280715967889336753e+02
-3.756000000000009891e+02 -1.276674358578784449e+02
-3.751999999999999886e+02 -1.272618504471793131e+02
-3.748000000000020009e+02 -1.268600878527722671e+02
-3.744000000000010004e+02 -1.264530528563227563e+02
-3.740000000000030127e+02 -1.260534724774843198e+02
-3.736000000000009891e+02 -1.256462546005241165e+02
-3.731999999999999886e+02 -1.252459233700756158e+02
-3.728000000000020009e+02 -1.248431463540327968e+02
-3.724000000000010004e+02 -1.244420692427775066e+02
-3.720000000000030127e+02 -1.240399437137784844e+02
-3.716000000000009891e+02 -1.236766168526482943e+02
-3.711999999999999886e+02 -1.232854258576517168e+02
-3.708000000000020009e+02 -1.228867839996346447e+02
-3.704000000000010004e+02 -1.224877686686340894e+02
-3.700000000000030127e+02 -1.220925257506423804e+02
-3.696000000000009891e+02 -1.216949294386540714e+02
-3.691999999999999886e+02 -1.213057135836388625e+02
-3.688000000000020009e+02 -1.209113546156258963e+02
-3.684000000000010004e+02 -1.205167635856305424e+02
-3.680000000000030127e+02 -1.201212053886374633e+02
-3.676000000000009891e+02 -1.197309867516269151e+02
-3.671999999999999886e+02 -1.193347375946286775e+02
-3.668000000000020009e+02 -1.189426866506510123e+02
-3.664000000000010004e+02 -1.185563832106527116e+02
-3.660000000000030127e+02 -1.181656734646348923e+02
-3.656000000000009891e+02 -1.177717405056282587e+02
-3.651999999999999886e+02 -1.173818703266260854e+02
-3.648000000000020009e+02 -1.169899921366413764e+02
-3.644000000000010004e+02 -1.166025300586297817e+02
-3.640000000000030127e+02 -1.162164824226456403e+02
-3.636000000000009891e+02 -1.158268955906496558e+02
-3.631999999999999886e+02 -1.154387995406395930e+02
-3.628000000000020009e+02 -1.150511782086505264e+02
-3.624000000000010004e+02 -1.146663695976421877e+02
-3.620000000000030127e+02 -1.142824602936270821e+02
-3.616000000000009891e+02 -1.138952057676324330e+02
-3.611999999999999886e+02 -1.135060169086318638e+02
-3.608000000000020009e+02 -1.131243946886497724e+02
-3.604000000000010004e+02 -1.127411400866512849e+02
-3.600000000000030127e+02 -1.123566183326875034e+02
-3.596000000000009891e+02 -1.119737176677117532e+02
-3.591999999999999886e+02 -1.115856480101901980e+02
-3.588000000000020009e+02 -1.112066540906926093e+02
-3.584000000000010004e+02 -1.108237149396991299e+02
-3.580000000000030127e+02 -1.104404482276841009e+02
-3.576000000000009891e+02 -1.100618408901755174e+02
-3.571999999999999886e+02 -1.096740568452041771e+02
-3.568000000000020009e+02 -1.092981063066945353e+02
-3.564000000000010004e+02 -1.089153939346979314e+02
-3.560000000000030127e+02 -1.085355193641989899e+02
-3.556000000000009891e+02 -1.081561980976948689e+02
-3.551999999999999886e+02 -1.077756838316818175e+02
-3.548000000000020009e+02 -1.073968340197134239e+02
-3.544000000000010004e+02 -1.070195276747072057e+02
-3.540000000000030127e+02 -1.066423396881837107e+02
-3.536000000000009891e+02 -1.062669488061765151e+02
-3.531999999999999886e+02 -1.058893197237011918e+02
-3.528000000000020009e+02 -1.055098829716844193e+02
-3.524000000000010004e+02 -1.051314309691915696e+02
-3.520000000000030127e+02 -1.047611589871776232e+02
-3.516000000000009891e+02 -1.043835082807017898e+02
-3.511999999999999886e+02 -1.040088073627084668e+02
-3.508000000000020009e+02 -1.036308317811890447e+02
-3.504000000000010004e+02 -1.032616580591820821e+02
-3.500000000000030127e+02 -1.028870746372085705e+02
-3.496000000000009891e+02 -1.025133754357048019e+02
-3.491999999999999886e+02 -1.021393267681814905e+02
-3.488000000000020009e+02 -1.017652239691778959e+02
-3.484000000000010004e+02 -1.013916022462035471e+02
-3.480000000000030127e+02 -1.010216960576908605e+02
-3.476000000000009891e+02 -1.006499657047061191e+02
-3.471999999999999886e+02 -1.002764639306951722e+02
-3.468000000000020009e+02 -9.990532626368440106e+01
-3.464000000000010004e+02 -9.953579215419813409e+01
-3.460000000000030127e+02 -9.916304930568367126e+01
-3.456000000000009891e+02 -9.879730821368502802e+01
-3.451999999999999886e+02 -9.842877104918807163e+01
-3.448000000000020009e+02 -9.806152366370588425e+01
-3.444000000000010004e+02 -9.769193999575145426e+01
-3.440000000000030127e+02 -9.732813941176209482e+01
-3.436000000000009891e+02 -9.696270282171826693e+01
-3.431999999999999886e+02 -9.658818970872016507e+01
-3.428000000000020009e+02 -9.622054716276397812e+01
-3.424000000000010004e+02 -9.585897171673059347e+01
-3.420000000000030127e+02 -9.549015118374882150e+01
-3.416000000000009891e+02 -9.513242546074252459e+01
-3.411999999999999886e+02 -9.475997566374644521e+01
-3.408000000000020009e+02 -9.439582919976601261e+01
-3.404000000000010004e+02 -9.403610780574308592e+01
-3.400000000000030127e+02 -9.366348551575720194e+01
-3.396000000000009891e+02 -9.329996833776749554e+01
-3.391999999999999886e+02 -9.293899684871939826e+01
-3.388000000000020009e+02 -9.257506399172052625e+01
-3.384000000000010004e+02 -9.221046582674534875e+01
-3.380000000000030127e+02 -9.184973110672945040e+01
-3.376000000000009891e+02 -9.148431414273727569e+01
-3.371999999999999886e+02 -9.112600480475157383e+01
-3.368000000000020009e+02 -9.075974026975382003e+01
-3.364000000000010004e+02 -9.040309394373252871e+01
-3.360000000000030127e+02 -9.003680561274450156e+01
-3.356000000000009891e+02 -8.968210048974651727e+01
-3.351999999999999886e+02 -8.932395184972483548e+01
-3.348000000000020009e+02 -8.896483472776526469e+01
-3.344000000000010004e+02 -8.860119784275229904e+01
-3.340000000000030127e+02 -8.824320335076117772e+01
-3.336000000000009891e+02 -8.788066476974563557e+01
-3.331999999999999886e+02 -8.752768554877184215e+01
-3.328000000000020009e+02 -8.717319745676286402e+01
-3.324000000000010004e+02 -8.683319088855569134e+01
-3.320000000000030127e+02 -8.647596513219832559e+01
-3.316000000000009891e+02 -8.611697958069999004e+01
-3.311999999999999886e+02 -8.575721669888662291e+01
-3.308000000000020009e+02 -8.540139341817848617e+01
-3.304000000000010004e+02 -8.504279013324048719e+01
-3.300000000000030127e+02 -8.468608691465124139e+01
-3.296000000000009891e+02 -8.433113990958372597e+01
-3.291999999999999886e+02 -8.396906178907738649e+01
-3.288000000000020009e+02 -8.361397895712798345e+01
-3.284000000000010004e+02 -8.326206923678910243e+01
-3.280000000000030127e+02 -8.290284109794447431e+01
-3.276000000000009891e+02 -8.255015489818106289e+01
-3.271999999999999886e+02 -8.219197609535694937e+01
-3.268000000000020009e+02 -8.183946231707886909e+01
-3.264000000000010004e+02 -8.148412198024379904e+01
-3.260000000000030127e+02 -8.112841203329298878e+01
-3.256000000000009891e+02 -8.077785816133473418e+01
-3.251999999999999886e+02 -8.041918711414837162e+01
-3.248000000000020009e+02 -8.006616356077938690e+01
-3.244000000000010004e+02 -7.971455163175050984e+01
-3.240000000000030127e+02 -7.935849379309729557e+01
-3.236000000000009891e+02 -7.900740666858109762e+01
-3.231999999999999886e+02 -7.865853219178825384e+01
-3.228000000000020009e+02 -7.829995837385285995e+01
-3.224000000000010004e+02 -7.795422429570317036e+01
-3.220000000000030127e+02 -7.760195573953023995e+01
-3.216000000000009891e+02 -7.725185156618317706e+01
-3.211999999999999886e+02 -7.690101356439481606e+01
-3.208000000000020009e+02 -7.655206675534282112e+01
-3.204000000000010004e+02 -7.620294843729425338e+01
-3.200000000000030127e+02 -7.585260839570401004e+01
-3.196000000000009891e+02 -7.550029228687708382e+01
-3.191999999999999886e+02 -7.515213682258035988e+01
-3.188000000000020009e+02 -7.478211607813500450e+01
-3.184000000000010004e+02 -7.442819190073714708e+01
-3.180000000000030127e+02 -7.408560710233723512e+01
-3.176000000000009891e+02 -7.372555775183718652e+01
-3.171999999999999886e+02 -7.337786852433782769e+01
-3.168000000000020009e+02 -7.303120297453642706e+01
-3.164000000000010004e+02 -7.268242579143770854e+01
-3.160000000000030127e+02 -7.233502915083590779e+01
-3.156000000000009891e+02 -7.198105199703786639e+01
-3.151999999999999886e+02 -7.163906811653941986e+01
-3.148000000000020009e+02 -7.128690473333699629e+01
-3.144000000000010004e+02 -7.093900066493733902e+01
-3.140000000000030127e+02 -7.059173774633745779e+01
-3.136000000000009891e+02 -7.024660232523820014e+01
-3.131999999999999886e+02 -6.989735967453816556e+01
-3.128000000000020009e+02 -6.955411597303827875e+01
-3.124000000000010004e+02 -6.921180107113832491e+01
-3.120000000000030127e+02 -6.885820795713880216e+01
-3.116000000000009891e+02 -6.851894349853682797e+01
-3.111999999999999886e+02 -6.817654666723683476e+01
-3.108000000000020009e+02 -6.783589857873812434e+01
-3.104000000000010004e+02 -6.748804574623864028e+01
-3.100000000000030127e+02 -6.713594788243790390e+01
-3.096000000000009891e+02 -6.679024668963756994e+01
-3.091999999999999886e+02 -6.644830024773909827e+01
-3.088000000000020009e+02 -6.610197411783519783e+01
-3.084000000000010004e+02 -6.576096048423642060e+01
-3.080000000000030127e+02 -6.541844380873590126e+01
-3.076000000000009891e+02 -6.507294014303624863e+01
-3.071999999999999886e+02 -6.472886214751270018e+01
-3.068000000000020009e+02 -6.438755291951019899e+01
-3.064000000000010004e+02 -6.404605867571444833e+01
-3.060000000000030127e+02 -6.370673344311217079e+01
-3.056000000000009891e+02 -6.336215612146406784e+01
-3.051999999999999886e+02 -6.302780162076305714e+01
-3.048000000000020009e+02 -6.268252821601345204e+01
-3.044000000000010004e+02 -6.234635214411173365e+01
-3.040000000000030127e+02 -6.200263319191435585e+01
-3.036000000000009891e+02 -6.166379221656461596e+01
-3.031999999999999886e+02 -6.132912005711477832e+01
-3.028000000000020009e+02 -6.098798227146107820e+01
-3.024000000000010004e+02 -6.064917323496410972e+01
-3.020000000000030127e+02 -6.030701286076509859e+01
-3.016000000000009891e+02 -5.997249479021047591e+01
-3.011999999999999886e+02 -5.963576818906221888e+01
-3.008000000000020009e+02 -5.929542715791103547e+01
-3.004000000000010004e+02 -5.895785334691390744e+01
-3.000000000000030127e+02 -5.862191277536112466e+01
-2.996000000000009891e+02 -5.828541434111320996e+01
-2.991999999999999886e+02 -5.794612642256470281e+01
-2.988000000000020009e+02 -5.761308495286357356e+01
-2.984000000000010004e+02 -5.727853821401367895e+01
-2.980000000000030127e+02 -5.694107705881106085e+01
-2.976000000000009891e+02 -5.660673687611051719e+01
-2.971999999999999886e+02 -5.626967803036313853e+01
-2.968000000000020009e+02 -5.593147061786294216e+01
-2.964000000000010004e+02 -5.559835129171187873e+01
-2.960000000000030127e+02 -5.526088965471353731e+01
-2.956000000000009891e+02 -5.492667565446390654e+01
-2.951999999999999886e+02 -5.459019084911415121e+01
-2.948000000000020009e+02 -5.425789105658986955e+01
-2.944000000000010004e+02 -5.392661295958896517e+01
-2.940000000000030127e+02 -5.359559188228740823e+01
-2.936000000000009891e+02 -5.326084943838577601e+01
-2.931999999999999886e+02 -5.293187903568832553e+01
-2.928000000000020009e+02 -5.259779865008749766e+01
-2.924000000000010004e+02 -5.226617421238552197e+01
-2.920000000000030127e+02 -5.193592960138994385e+01
-2.916000000000009891e+02 -5.160339393428512267e+01
-2.911999999999999886e+02 -5.127514175748729031e+01
-2.908000000000020009e+02 -5.094863899698611931e+01
-2.904000000000010004e+02 -5.061276457088752068e+01
-2.900000000000030127e+02 -5.028925428608999937e+01
-2.896000000000009891e+02 -4.995373095848844969e+01
-2.891999999999999886e+02 -4.962372208148735808e+01
-2.888000000000020009e+02 -4.929173064518909086e+01
-2.884000000000010004e+02 -4.896032431018829811e+01
-2.880000000000030127e+02 -4.863558587828811142e+01
-2.876000000000009891e+02 -4.830817751288850559e+01
-2.871999999999999886e+02 -4.797418536108671105e+01
-2.868000000000020009e+02 -4.764483773268875666e+01
-2.864000000000010004e+02 -4.731460386929029482e+01
-2.860000000000030127e+02 -4.698470905368958483e+01
-2.856000000000009891e+02 -4.666207007458797307e+01
-2.851999999999999886e+02 -4.633513295348893735e+01
-2.848000000000020009e+02 -4.600724562378672999e+01
-2.844000000000010004e+02 -4.567915697279022424e+01
-2.840000000000030127e+02 -4.535215280998818344e+01
-2.836000000000009891e+02 -4.502306773278905894e+01
-2.831999999999999886e+02 -4.470431115788596799e+01
-2.828000000000020009e+02 -4.437467502998697455e+01
-2.824000000000010004e+02 -4.405260782898767502e+01
-2.820000000000030127e+02 -4.372772153618643642e+01
-2.816000000000009891e+02 -4.339954717848740984e+01
-2.811999999999999886e+02 -4.308394444328951067e+01
-2.808000000000020009e+02 -4.275908189949041116e+01
-2.804000000000010004e+02 -4.243035743594009546e+01
-2.800000000000030127e+02 -4.210644997853887617e+01
-2.796000000000009891e+02 -4.178249199394122115e+01
-2.791999999999999886e+02 -4.145736244508952950e+01
-2.788000000000020009e+02 -4.113352962628778187e+01
-2.784000000000010004e+02 -4.080845947603665991e+01
-2.780000000000030127e+02 -4.048680095878808061e+01
-2.776000000000009891e+02 -4.016124221133577521e+01
-2.771999999999999886e+02 -3.983883018213964533e+01
-2.768000000000020009e+02 -3.951504035518519231e+01
-2.764000000000010004e+02 -3.919376021508651320e+01
-2.760000000000030127e+02 -3.887168133653904079e+01
-2.756000000000009891e+02 -3.854939074033609359e+01
-2.751999999999999886e+02 -3.822684321224005544e+01
-2.748000000000020009e+02 -3.790162422878711368e+01
-2.744000000000010004e+02 -3.758111881248623831e+01
-2.740000000000030127e+02 -3.725908682754015899e+01
-2.736000000000009891e+02 -3.693476547929094522e+01
-2.731999999999999886e+02 -3.661753687438977067e+01
-2.728000000000020009e+02 -3.629406630753874197e+01
-2.724000000000010004e+02 -3.597423982224063366e+01
-2.720000000000030127e+02 -3.565087276253689197e+01
-2.716000000000009891e+02 -3.532794357393504470e+01
-2.711999999999999886e+02 -3.500861677658758708e+01
-2.708000000000020009e+02 -3.468769460893599899e+01
-2.704000000000010004e+02 -3.436628261078658397e+01
-2.700000000000030127e+02 -3.404744966693760944e+01
-2.696000000000009891e+02 -3.372581182833891944e+01
-2.691999999999999886e+02 -3.339306756308724289e+01
-2.688000000000020009e+02 -3.306569188888897770e+01
-2.684000000000010004e+02 -3.274376749378643581e+01
-2.680000000000030127e+02 -3.242573747149072005e+01
-2.676000000000009891e+02 -3.210656843788819970e+01
-2.671999999999999886e+02 -3.178222740898854681e+01
-2.668000000000020009e+02 -3.146174119598799734e+01
-2.664000000000010004e+02 -3.114404910618759459e+01
-2.660000000000030127e+02 -3.082496926858948427e+01
-2.656000000000009891e+02 -3.050584825868645567e+01
-2.651999999999999886e+02 -3.018204030008564587e+01
-2.648000000000020009e+02 -2.986482071468708455e+01
-2.644000000000010004e+02 -2.954637816959075280e+01
-2.640000000000030127e+02 -2.922547608968670829e+01
-2.636000000000009891e+02 -2.890615726108808303e+01
-2.631999999999999886e+02 -2.858756923758846824e+01
-2.628000000000020009e+02 -2.826987583958907635e+01
-2.624000000000010004e+02 -2.795278216538645211e+01
-2.620000000000030127e+02 -2.763459498578959028e+01
-2.616000000000009891e+02 -2.731704747398907784e+01
-2.611999999999999886e+02 -2.700277337198713212e+01
-2.608000000000020009e+02 -2.668136833428798127e+01
-2.604000000000010004e+02 -2.636637825979050831e+01
-2.600000000000030127e+02 -2.605124901338786003e+01
-2.596000000000009891e+02 -2.573305770478691556e+01
-2.591999999999999886e+02 -2.541556242078877403e+01
-2.588000000000020009e+02 -2.510159207308970508e+01
-2.584000000000010004e+02 -2.478570928598855971e+01
-2.580000000000030127e+02 -2.447076168948842678e+01
-2.576000000000009891e+02 -2.415778181608766317e+01
-2.571999999999999886e+02 -2.384122629998819320e+01
-2.568000000000020009e+02 -2.352307922468753532e+01
-2.564000000000010004e+02 -2.320892936688687769e+01
-2.560000000000030127e+02 -2.289025755698821740e+01
-2.556000000000009891e+02 -2.257351616716550780e+01
-2.551999999999999886e+02 -2.225532509951153770e+01
-2.548000000000020009e+02 -2.193926600316262920e+01
-2.544000000000010004e+02 -2.162742046761195525e+01
-2.540000000000030127e+02 -2.131007694846266531e+01
-2.536000000000009891e+02 -2.099590669236204121e+01
-2.531999999999999886e+02 -2.068575691931255278e+01
-2.528000000000020009e+02 -2.037161859386469587e+01
-2.524000000000010004e+02 -2.005493050176301040e+01
-2.520000000000030127e+02 -1.974134185191360302e+01
-2.516000000000009891e+02 -1.943227455311352969e+01
-2.511999999999999886e+02 -1.911705814741435461e+01
-2.508000000000020009e+02 -1.880315707191402907e+01
-2.504000000000010004e+02 -1.849065663661531289e+01
-2.500000000000030127e+02 -1.817990551796174259e+01
-2.496000000000009891e+02 -1.786952878116426291e+01
-2.491999999999999886e+02 -1.755756133571048849e+01
-2.488000000000020009e+02 -1.724309407191321952e+01
-2.484000000000010004e+02 -1.693141055436353781e+01
-2.480000000000030127e+02 -1.662032703016666346e+01
-2.476000000000009891e+02 -1.630719265871084644e+01
-2.471999999999999886e+02 -1.599716078131314134e+01
-2.468000000000020009e+02 -1.568563967621230404e+01
-2.464000000000010004e+02 -1.537315517076422111e+01
-2.460000000000030127e+02 -1.506540650641181855e+01
-2.456000000000009891e+02 -1.475078119631143636e+01
-2.451999999999999886e+02 -1.444104983071156312e+01
-2.448000000000020009e+02 -1.412597798091519508e+01
-2.444000000000010004e+02 -1.381680850031261798e+01
-2.440000000000030127e+02 -1.350428968286360032e+01
-2.436000000000009891e+02 -1.320425333453749772e+01
-2.431999999999999886e+02 -1.289971440783847356e+01
-2.428000000000020009e+02 -1.258386461733971373e+01
-2.424000000000010004e+02 -1.227619104493714985e+01
-2.420000000000030127e+02 -1.196474917913656100e+01
-2.416000000000009891e+02 -1.165464215983593022e+01
-2.411999999999999886e+02 -1.134024670483995578e+01
-2.408000000000020009e+02 -1.103111750113748712e+01
-2.404000000000010004e+02 -1.071966305073874537e+01
-2.400000000000030127e+02 -1.041071511953850859e+01
-2.396000000000009891e+02 -1.010392685243641608e+01
-2.391999999999999886e+02 -9.801377394240262220e+00
-2.388000000000020009e+02 -9.487646435936767375e+00
-2.384000000000010004e+02 -9.181874189340305747e+00
-2.380000000000030127e+02 -8.870354895938362461e+00
-2.376000000000009891e+02 -8.565129078237077920e+00
-2.371999999999999886e+02 -8.252249218137876596e+00
-2.368000000000020009e+02 -7.951561694437259575e+00
-2.364000000000010004e+02 -7.638992938038427383e+00
-2.360000000000030127e+02 -7.335003132935526082e+00
-2.356000000000009891e+02 -7.028108192938816501e+00
-2.351999999999999886e+02 -6.717934327836701414e+00
-2.348000000000020009e+02 -6.415905807338276645e+00
-2.344000000000010004e+02 -6.114042096040066099e+00
-2.340000000000030127e+02 -5.803643466137145879e+00
-2.336000000000009891e+02 -5.501621178835193859e+00
-2.331999999999999886e+02 -5.196013366337865591e+00
-2.328000000000020009e+02 -4.889150038736261195e+00
-2.324000000000010004e+02 -4.580939836439938517e+00
-2.320000000000030127e+02 -4.280897885037120432e+00
-2.316000000000009891e+02 -3.981342953939019935e+00
-2.311999999999999886e+02 -3.673830604537215549e+00
-2.308000000000020009e+02 -3.371527705938206054e+00
-2.304000000000010004e+02 -3.066848200538515812e+00
-2.300000000000030127e+02 -2.776214235065708635e+00
-2.296000000000009891e+02 -2.473304153416393092e+00
-2.291999999999999886e+02 -2.169693747564451769e+00
-2.288000000000020009e+02 -1.864499664214235963e+00
-2.284000000000010004e+02 -1.560508774811751209e+00
-2.280000000000030127e+02 -1.258191642064048210e+00
-2.276000000000009891e+02 -9.515670471155317500e-01
-2.271999999999999886e+02 -6.461206900603428949e-01
-2.268000000000020009e+02 -3.440203135141928215e-01
-2.264000000000010004e+02 -3.901293846502085216e-02
-2.260000000000030127e+02 2.650024670329003129e-01
-2.256000000000009891e+02 5.685724162867700215e-01
-2.251999999999999886e+02 8.739406916356529109e-01
-2.248000000000020009e+02 1.175792441386874998e+00
-2.244000000000010004e+02 1.479493428985733772e+00
-2.240000000000030127e+02 1.783510779234347865e+00
-2.236000000000009891e+02 2.086263211636833148e+00
-2.231999999999999886e+02 2.388699819133762503e+00
-2.228000000000020009e+02 2.690597827739111381e+00
-2.224000000000010004e+02 2.993965716534148669e+00
-2.220000000000030127e+02 3.295717802833678434e+00
-2.216000000000009891e+02 3.595578275188017869e+00
-2.211999999999999886e+02 3.896564680086157750e+00
-2.208000000000020009e+02 4.199095035637583351e+00
-2.204000000000010004e+02 4.496288007438124623e+00
-2.200000000000030127e+02 4.801388327985478099e+00
-2.196000000000009891e+02 5.098467607534985291e+00
-2.191999999999999886e+02 5.401050470387417590e+00
-2.188000000000020009e+02 5.703830344085872639e+00
-2.184000000000010004e+02 6.002931856233772123e+00
-2.180000000000030127e+02 6.320241852110484615e+00
-2.176000000000009891e+02 6.619493238809809554e+00
-2.171999999999999886e+02 6.921710545710084261e+00
-2.168000000000020009e+02 7.221758868112374330e+00
-2.164000000000010004e+02 7.521869412408705102e+00
-2.160000000000030127e+02 7.821711406311806059e+00
-2.156000000000009891e+02 8.120161538408865454e+00
-2.151999999999999886e+02 8.422166050211671973e+00
-2.148000000000020009e+02 8.720793834410869749e+00
-2.144000000000010004e+02 9.022637443009443814e+00
-2.140000000000030127e+02 9.322218137411255157e+00
-2.136000000000009891e+02 9.622860646308254218e+00
-2.131999999999999886e+02 9.921283953310194192e+00
-2.128000000000020009e+02 1.021973675801200443e+01
-2.124000000000010004e+02 1.051999730780880782e+01
-2.120000000000030127e+02 1.082014204471124685e+01
-2.116000000000009891e+02 1.112005200421117479e+01
-2.111999999999999886e+02 1.141878671851009130e+01
-2.108000000000020009e+02 1.171547250140793039e+01
-2.104000000000010004e+02 1.201596186161259538e+01
-2.100000000000030127e+02 1.231439326650797739e+01
-2.096000000000009891e+02 1.261307310381016578e+01
-2.091999999999999886e+02 1.290975586111017037e+01
-2.088000000000020009e+02 1.320838060861206031e+01
-2.084000000000010004e+02 1.350431845661296393e+01
-2.080000000000030127e+02 1.380257612131026690e+01
-2.076000000000009891e+02 1.410094111470971256e+01
-2.071999999999999886e+02 1.439577027970881318e+01
-2.068000000000020009e+02 1.469616923231296823e+01
-2.064000000000010004e+02 1.498899364311000681e+01
-2.060000000000030127e+02 1.528827710761106573e+01
-2.056000000000009891e+02 1.558382872860966017e+01
-2.051999999999999886e+02 1.587986259831086500e+01
-2.048000000000020009e+02 1.617696375560990418e+01
-2.044000000000010004e+02 1.646706919135976932e+01
-2.040000000000030127e+02 1.676118343956113677e+01
-2.036000000000009891e+02 1.705773144140766817e+01
-2.031999999999999886e+02 1.735417478951058001e+01
-2.028000000000020009e+02 1.764750929455840378e+01
-2.024000000000010004e+02 1.794374339611022151e+01
-2.020000000000030127e+02 1.823711669756085030e+01
-2.016000000000009891e+02 1.853567316285989364e+01
-2.011999999999999886e+02 1.882799230781165534e+01
-2.008000000000020009e+02 1.912244767905940535e+01
-2.004000000000010004e+02 1.941742909861204680e+01
-2.000000000000030127e+02 1.971045135596068576e+01
-1.996000000000009891e+02 2.000428433831257280e+01
-1.991999999999999886e+02 2.029920023001250229e+01
-1.988000000000020009e+02 2.059435553846196854e+01
-1.984000000000010004e+02 2.088686213175969897e+01
-1.980000000000030127e+02 2.118165717976080487e+01
-1.976000000000009891e+02 2.147415527800694690e+01
-1.971999999999999886e+02 2.176543989771016641e+01
-1.968000000000020009e+02 2.205942798350952216e+01
-1.964000000000010004e+02 2.235151086440964718e+01
-1.960000000000030127e+02 2.264593499956026790e+01
-1.956000000000009891e+02 2.293638881570950616e+01
-1.951999999999999886e+02 2.322808610851279809e+01
-1.948000000000020009e+02 2.352014153460913803e+01
-1.944000000000010004e+02 2.381267826636030804e+01
-1.940000000000030127e+02 2.410384360946045490e+01
-1.936000000000009891e+02 2.439427547866216628e+01
-1.931999999999999886e+02 2.468676968541331007e+01
-1.928000000000020009e+02 2.497817141826089937e+01
-1.924000000000010004e+02 2.528181077791305142e+01
-1.920000000000030127e+02 2.557399579201228335e+01
-1.916000000000009891e+02 2.586503916751098586e+01
-1.911999999999999886e+02 2.615599982381172595e+01
-1.908000000000020009e+02 2.644580395401135320e+01
-1.904000000000010004e+02 2.673805861371147330e+01
-1.900000000000030127e+02 2.702946986040842603e+01
-1.896000000000009891e+02 2.732272215951161343e+01
-1.891999999999999886e+02 2.761373429990999284e+01
-1.888000000000020009e+02 2.790176380751290708e+01
-1.884000000000010004e+02 2.819265740800983622e+01
-1.880000000000030127e+02 2.848518102341040503e+01
-1.876000000000009891e+02 2.877492444101153524e+01
-1.871999999999999886e+02 2.906607657861241023e+01
-1.868000000000020009e+02 2.935740815320968977e+01
-1.864000000000010004e+02 2.964639114890815108e+01
-1.860000000000030127e+02 2.993623484811178059e+01
-1.856000000000009891e+02 3.022659403100988129e+01
-1.851999999999999886e+02 3.051652774951071478e+01
-1.848000000000020009e+02 3.080429008571081795e+01
-1.844000000000010004e+02 3.109593973720984650e+01
-1.840000000000030127e+02 3.138619284130982123e+01
-1.836000000000009891e+02 3.167376697280997178e+01
-1.831999999999999886e+02 3.196575391681108158e+01
-1.828000000000020009e+02 3.225534063531085849e+01
-1.824000000000010004e+02 3.254254127540843911e+01
-1.820000000000030127e+02 3.283071619351176196e+01
-1.816000000000009891e+02 3.312009539421342197e+01
-1.811999999999999886e+02 3.341049484590985230e+01
-1.808000000000020009e+02 3.369672662340963143e+01
-1.804000000000010004e+02 3.398387359601110802e+01
-1.800000000000030127e+02 3.427461615710853948e+01
-1.796000000000009891e+02 3.455904052611003863e+01
-1.791999999999999886e+02 3.486417910881209536e+01
-1.788000000000020009e+02 3.515090927145865862e+01
-1.784000000000010004e+02 3.543686439711018465e+01
-1.780000000000030127e+02 3.572322853711011703e+01
-1.776000000000009891e+02 3.600665827896227711e+01
-1.771999999999999886e+02 3.629272356851288350e+01
-1.768000000000020009e+02 3.657955142496211920e+01
-1.764000000000010004e+02 3.686442527400868130e+01
-1.760000000000030127e+02 3.715008942476197262e+01
-1.756000000000009891e+02 3.743595496171110426e+01
-1.751999999999999886e+02 3.771729987810977036e+01
-1.748000000000020009e+02 3.800389836351314443e+01
-1.744000000000010004e+02 3.828787341001225286e+01
-1.740000000000030127e+02 3.857228528321138583e+01
-1.736000000000009891e+02 3.885540925876193796e+01
-1.731999999999999886e+02 3.913916213605989469e+01
-1.728000000000020009e+02 3.942268256051102071e+01
-1.724000000000010004e+02 3.970691300306134508e+01
-1.720000000000030127e+02 3.999017687006198685e+01
-1.716000000000009891e+02 4.027264680456210044e+01
-1.711999999999999886e+02 4.055613227996218484e+01
-1.708000000000020009e+02 4.083613940241048113e+01
-1.704000000000010004e+02 4.111988603941063047e+01
-1.700000000000030127e+02 4.140018416515886202e+01
-1.696000000000009891e+02 4.168471786730879103e+01
-1.691999999999999886e+02 4.196393469305985491e+01
-1.688000000000020009e+02 4.224418395266184234e+01
-1.684000000000010004e+02 4.252540456136193825e+01
-1.680000000000030127e+02 4.280715564961064956e+01
-1.676000000000009891e+02 4.308588137815968366e+01
-1.671999999999999886e+02 4.336969485101144528e+01
-1.668000000000020009e+02 4.362613552951006568e+01
-1.664000000000010004e+02 4.390951393931027269e+01
-1.660000000000030127e+02 4.418479477141227107e+01
-1.656000000000009891e+02 4.446592866641003639e+01
-1.651999999999999886e+02 4.474063164770996082e+01
-1.648000000000020009e+02 4.501634182971247355e+01
-1.644000000000010004e+02 4.529194604211079422e+01
-1.640000000000030127e+02 4.557125137021284900e+01
-1.636000000000009891e+02 4.584317955791266286e+01
-1.631999999999999886e+02 4.612261841011059005e+01
-1.628000000000020009e+02 4.639526595051211189e+01
-1.624000000000010004e+02 4.667295376191032119e+01
-1.620000000000030127e+02 4.694444141331041465e+01
-1.616000000000009891e+02 4.722158631031197729e+01
-1.611999999999999886e+02 4.749679160461164429e+01
-1.608000000000020009e+02 4.777242535241020960e+01
-1.604000000000010004e+02 4.804289192470969283e+01
-1.600000000000030127e+02 4.831660708511117264e+01
-1.596000000000009891e+02 4.859392944630963029e+01
-1.591999999999999886e+02 4.886388859871294699e+01
-1.588000000000020009e+02 4.913897844441089546e+01
-1.584000000000010004e+02 4.940616649251023773e+01
-1.580000000000030127e+02 4.968001939160967595e+01
-1.576000000000009891e+02 4.995521957871096674e+01
-1.571999999999999886e+02 5.022585984321267460e+01
-1.568000000000020009e+02 5.049702564871040522e+01
-1.564000000000010004e+02 5.076531378271101858e+01
-1.560000000000030127e+02 5.103699119121301919e+01
-1.556000000000009891e+02 5.130674146601086250e+01
-1.551999999999999886e+02 5.157585176420980133e+01
-1.548000000000020009e+02 5.184669098651284003e+01
-1.544000000000010004e+02 5.211764596921057091e+01
-1.540000000000030127e+02 5.238599053401048877e+01
-1.536000000000009891e+02 5.265462968161227764e+01
-1.531999999999999886e+02 5.289326050803720136e+01
-1.528000000000020009e+02 5.316382858043652959e+01
-1.524000000000010004e+02 5.343180789943653508e+01
-1.520000000000030127e+02 5.370380202148589888e+01
-1.516000000000009891e+02 5.397209288123485749e+01
-1.511999999999999886e+02 5.424106551933437004e+01
-1.508000000000020009e+02 5.450965840768549242e+01
-1.504000000000010004e+02 5.477530361323806574e+01
-1.500000000000030127e+02 5.504283060478701373e+01
-1.496000000000009891e+02 5.531165309093557880e+01
-1.491999999999999886e+02 5.557727771788268001e+01
-1.488000000000020009e+02 5.584448924148819060e+01
-1.484000000000010004e+02 5.610845698293633177e+01
-1.480000000000030127e+02 5.637326619853774901e+01
-1.476000000000009891e+02 5.664074913719014148e+01
-1.471999999999999886e+02 5.690691074603819288e+01
-1.468000000000020009e+02 5.716928368693697848e+01
-1.464000000000010004e+02 5.743443507458869135e+01
-1.460000000000030127e+02 5.769939759003682411e+01
-1.456000000000009891e+02 5.796108889353854465e+01
-1.451999999999999886e+02 5.822560620068907156e+01
-1.448000000000020009e+02 5.848732891753388685e+01
-1.444000000000010004e+02 5.874983177133617573e+01
-1.440000000000030127e+02 5.901164757128572091e+01
-1.436000000000009891e+02 5.927207060268483474e+01
-1.431999999999999886e+02 5.953294201288736076e+01
-1.428000000000020009e+02 5.979395515303622233e+01
-1.424000000000010004e+02 6.005413231063357671e+01
-1.420000000000030127e+02 6.031113679008922190e+01
-1.416000000000009891e+02 6.057281983643406420e+01
-1.411999999999999886e+02 6.086825071816201671e+01
-1.408000000000020009e+02 6.112843861646251753e+01
-1.404000000000010004e+02 6.138858551066005020e+01
-1.400000000000030127e+02 6.164999777716366225e+01
-1.396000000000009891e+02 6.190870547746089869e+01
-1.391999999999999886e+02 6.216723527536305482e+01
-1.388000000000020009e+02 6.242669433286209824e+01
-1.384000000000010004e+02 6.268383897016246920e+01
-1.380000000000030127e+02 6.294119072836110718e+01
-1.376000000000009891e+02 6.319772346766330884e+01
-1.371999999999999886e+02 6.345692401196356514e+01
-1.368000000000020009e+02 6.371172235366248060e+01
-1.364000000000010004e+02 6.396723291866146610e+01
-1.360000000000030127e+02 6.422232285246354877e+01
-1.356000000000009891e+02 6.447804272335997666e+01
-1.351999999999999886e+02 6.473106598336380557e+01
-1.348000000000020009e+02 6.498506021005960065e+01
-1.344000000000010004e+02 6.524094760576190311e+01
-1.340000000000030127e+02 6.549150805516183027e+01
-1.336000000000009891e+02 6.574409844286128646e+01
-1.331999999999999886e+02 6.599788448465915280e+01
-1.328000000000020009e+02 6.624996241796179675e+01
-1.324000000000010004e+02 6.650059262795912218e+01
-1.320000000000030127e+02 6.674834597176231910e+01
-1.316000000000009891e+02 6.699964338136123843e+01
-1.311999999999999886e+02 6.725048991816220223e+01
-1.308000000000020009e+02 6.749846056985916221e+01
-1.304000000000010004e+02 6.774716183356213151e+01
-1.300000000000030127e+02 6.799550873646148830e+01
-1.296000000000009891e+02 6.824278844876243966e+01
-1.291999999999999886e+02 6.848839487506120349e+01
-1.288000000000020009e+02 6.873650867455944535e+01
-1.284000000000010004e+02 6.898029427736400976e+01
-1.280000000000030127e+02 6.922616776076392853e+01
-1.276000000000010033e+02 6.948765501121306443e+01
-1.272000000000000028e+02 6.973137221191063873e+01
-1.268000000000020009e+02 6.997300553971217596e+01
-1.264000000000010004e+02 7.021453424790888675e+01
-1.260000000000029985e+02 7.045620174641226185e+01
-1.256000000000010033e+02 7.069582240966337849e+01
-1.252000000000000028e+02 7.093596354216424515e+01
-1.248000000000020009e+02 7.117404512866050936e+01
-1.244000000000010004e+02 7.141318097171097179e+01
-1.240000000000029985e+02 7.164989822616189485e+01
-1.236000000000010033e+02 7.188632886811319622e+01
-1.232000000000000028e+02 7.212277632281256956e+01
-1.228000000000020009e+02 7.235879780566392583e+01
-1.224000000000010004e+02 7.259220076541168964e+01
-1.220000000000029985e+02 7.282686846921205870e+01
-1.216000000000010033e+02 7.306055568391093402e+01
-1.212000000000000028e+02 7.329396645166343660e+01
-1.208000000000020009e+02 7.352569373150981846e+01
-1.204000000000010004e+02 7.375925923526301631e+01
-1.200000000000029985e+02 7.398792379281439935e+01
-1.196000000000010033e+02 7.421994846091183717e+01
-1.192000000000000028e+02 7.444890403626413899e+01
-1.188000000000020009e+02 7.467685102241375716e+01
-1.184000000000010004e+02 7.490494534096069401e+01
-1.180000000000029985e+02 7.513202760066269548e+01
-1.176000000000010033e+02 7.535750823856142233e+01
-1.172000000000000028e+02 7.558368468816115637e+01
-1.168000000000020009e+02 7.580792634855970391e+01
-1.164000000000010004e+02 7.603278926916391356e+01
-1.160000000000029985e+02 7.625700089810925419e+01
-1.156000000000010033e+02 7.645935222056141356e+01
-1.152000000000000028e+02 7.668151063146433444e+01
-1.148000000000020009e+02 7.690133086666173767e+01
-1.144000000000010004e+02 7.711877313736113138e+01
-1.140000000000029985e+02 7.733858896736273891e+01
-1.136000000000010033e+02 7.755650967766268877e+01
-1.132000000000000028e+02 7.777401504736189963e+01
-1.128000000000020009e+02 7.798992743726194021e+01
-1.124000000000010004e+02 7.820283644186201855e+01
-1.120000000000029985e+02 7.841719378486232017e+01
-1.116000000000010033e+02 7.863004109076064196e+01
-1.112000000000000028e+02 7.884309287946234690e+01
-1.108000000000020009e+02 7.905348257216246566e+01
-1.104000000000010004e+02 7.926245913555976585e+01
-1.100000000000029985e+02 7.947214755085951765e+01
-1.096000000000010033e+02 7.967999038846392068e+01
-1.092000000000000028e+02 7.988830938816317939e+01
-1.088000000000020009e+02 8.009430295856145676e+01
-1.084000000000010004e+02 8.029966331206014729e+01
-1.080000000000029985e+02 8.050531344316186733e+01
-1.076000000000010033e+02 8.070869106486134115e+01
-1.072000000000000028e+02 8.091176196816013544e+01
-1.068000000000020009e+02 8.111131590856166440e+01
-1.064000000000010004e+02 8.131373091436034883e+01
-1.060000000000029985e+02 8.151192458976220223e+01
-1.056000000000010033e+02 8.171061334816113231e+01
-1.052000000000000028e+02 8.190867268906367826e+01
-1.048000000000020009e+02 8.210420381946096313e+01
-1.044000000000010004e+02 8.230066941336190212e+01
-1.040000000000029985e+02 8.249513021906386712e+01
-1.036000000000010033e+02 8.268702793355987524e+01
-1.032000000000000028e+02 8.287978526406004676e+01
-1.028000000000020009e+02 8.307042869615906966e+01
-1.024000000000010004e+02 8.326022310546250083e+01
-1.020000000000029985e+02 8.343733540338507737e+01
-1.016000000000010033e+02 8.362275042008695891e+01
-1.012000000000000028e+02 8.381185069278581068e+01
-1.008000000000020009e+02 8.399750289588337182e+01
-1.004000000000010004e+02 8.418372416403508396e+01
-1.000000000000029985e+02 8.436802876008732710e+01
-9.960000000000150067e+01 8.455110512398459832e+01
-9.920000000000000284e+01 8.473191271533505642e+01
-9.880000000000219984e+01 8.491442443103733240e+01
-9.840000000000070202e+01 8.509182398448683671e+01
-9.800000000000289901e+01 8.527167600143366144e+01
-9.760000000000150067e+01 8.544959994053715491e+01
-9.720000000000000284e+01 8.562728166653687367e+01
-9.680000000000219984e+01 8.580065224868667428e+01
-9.640000000000070202e+01 8.597577737233586959e+01
-9.600000000000289901e+01 8.614949302788591012e+01
-9.560000000000150067e+01 8.632091486138597247e+01
-9.520000000000000284e+01 8.649182875823680661e+01
-9.480000000000219984e+01 8.665902000888672774e+01
-9.440000000000070202e+01 8.682735284958471311e+01
-9.400000000000289901e+01 8.699337066128646256e+01
-9.360000000000150067e+01 8.716028989308324526e+01
-9.320000000000000284e+01 8.732247001813448151e+01
-9.280000000000219984e+01 8.748459648638890940e+01
-9.240000000000070202e+01 8.764555413538619177e+01
-9.200000000000289901e+01 8.780529440823374898e+01
-9.160000000000150067e+01 8.796359413733807742e+01
-9.120000000000000284e+01 8.812032814433405292e+01
-9.080000000000219984e+01 8.827490499293708126e+01
-9.040000000000070202e+01 8.842947099748562323e+01
-9.000000000000289901e+01 8.860005033321067458e+01
-8.960000000000150067e+01 8.874934243451207294e+01
-8.920000000000000284e+01 8.889798550560954027e+01
-8.880000000000219984e+01 8.904747516171119059e+01
-8.840000000000070202e+01 8.919408524050959386e+01
-8.800000000000289901e+01 8.933949388311157236e+01
-8.760000000000150067e+01 8.948523597020903253e+01
-8.720000000000000284e+01 8.962835940871082130e+01
-8.680000000000219984e+01 8.977027249921229668e+01
-8.640000000000070202e+01 8.991249974210950313e+01
-8.600000000000289901e+01 9.005174866231027409e+01
-8.560000000000150067e+01 9.018816108940882259e+01
-8.520000000000000284e+01 9.032282511561061256e+01
-8.480000000000219984e+01 9.045537956581028993e+01
-8.440000000000070202e+01 9.058762268720965949e+01
-8.400000000000289901e+01 9.071553330730966991e+01
-8.360000000000150067e+01 9.084510817641057656e+01
-8.320000000000000284e+01 9.097284178861082182e+01
-8.280000000000219984e+01 9.109663877791172126e+01
-8.240000000000070202e+01 9.121997450901108095e+01
-8.200000000000289901e+01 9.134279825480916770e+01
-8.160000000000150067e+01 9.146145597290887963e+01
-8.120000000000000284e+01 9.158046575011030654e+01
-8.080000000000219984e+01 9.169671006401040358e+01
-8.040000000000070202e+01 9.181186909891039249e+01
-8.000000000000289901e+01 9.191957321891095489e+01
-7.960000000000150067e+01 9.203339840161061147e+01
-7.920000000000000284e+01 9.214317761251004413e+01
-7.880000000000219984e+01 9.224860035851088469e+01
-7.840000000000070202e+01 9.235473541401006514e+01
-7.800000000000289901e+01 9.245793585931096459e+01
-7.760000000000150067e+01 9.255714190781145589e+01
-7.720000000000000284e+01 9.265833085690974258e+01
-7.680000000000219984e+01 9.275576367141184164e+01
-7.640000000000070202e+01 9.284725895133669837e+01
-7.600000000000289901e+01 9.294188805978410528e+01
-7.560000000000150067e+01 9.303191591213544598e+01
-7.520000000000000284e+01 9.312141235193485045e+01
-7.480000000000219984e+01 9.320845210838524508e+01
-7.440000000000070202e+01 9.329464545488372096e+01
-7.400000000000289901e+01 9.337480550308464444e+01
-7.360000000000150067e+01 9.345716006663496955e+01
-7.320000000000000284e+01 9.353623709013845655e+01
-7.280000000000219984e+01 9.361219636813984835e+01
-7.240000000000070202e+01 9.368707917218489456e+01
-7.200000000000289901e+01 9.375814776843617437e+01
-7.160000000000150067e+01 9.382999987438597600e+01
-7.120000000000000284e+01 9.389670823398773791e+01
-7.080000000000219984e+01 9.396302177773395670e+01
-7.040000000000070202e+01 9.402607342033661553e+01
-7.000000000000289901e+01 9.408606179288835847e+01
-6.960000000000150067e+01 9.414486385603595409e+01
-6.920000000000000284e+01 9.420202541083563119e+01
-6.880000000000219984e+01 9.425541062118645641e+01
-6.840000000000070202e+01 9.430710112664019107e+01
-6.800000000000289901e+01 9.435542315868588048e+01
-6.760000000000150067e+01 9.440313142973536742e+01
-6.720000000000000284e+01 9.444718309073869023e+01
-6.680000000000219984e+01 9.448952115868814872e+01
-6.640000000000070202e+01 9.452659365808722214e+01
-6.600000000000289901e+01 9.456291844553561532e+01
-6.560000000000150067e+01 9.459755880248485482e+01
-6.520000000000000284e+01 9.462845691488837474e+01
-6.480000000000219984e+01 9.465923588138684863e+01
-6.440000000000070202e+01 9.468353598386238446e+01
-6.400000000000289901e+01 9.470741420116246445e+01
-6.360000000000150067e+01 9.472717327156351530e+01
-6.320000000000000284e+01 9.474683745496076881e+01
-6.280000000000219984e+01 9.476021522426526644e+01
-6.240000000000070202e+01 9.477376954946157639e+01
-6.200000000000289901e+01 9.478237325646114186e+01
-6.160000000000150067e+01 9.478744194936371059e+01
-6.120000000000000284e+01 9.479112379516300280e+01
-6.080000000000219984e+01 9.479061588166587171e+01
-6.040000000000070202e+01 9.478826554346233024e+01
-6.000000000000289901e+01 9.478205903296111501e+01
-5.960000000000150067e+01 9.477394663996165036e+01
-5.920000000000000284e+01 9.476230561826378107e+01
-5.880000000000219984e+01 9.474736782056061202e+01
-5.840000000000070202e+01 9.472783921486188774e+01
-5.800000000000289901e+01 9.470761026076434064e+01
-5.760000000000150067e+01 9.468199927246314473e+01
-5.720000000000000284e+01 9.465590982536377851e+01
-5.680000000000219984e+01 9.462424470496262074e+01
-5.640000000000070202e+01 9.458985858266169089e+01
-5.600000000000289901e+01 9.455199436316252104e+01
-5.560000000000150067e+01 9.451084862946299836e+01
-5.520000000000000284e+01 9.446623766456104931e+01
-5.480000000000219984e+01 9.441907504536357010e+01
-5.440000000000070202e+01 9.436659887396308477e+01
-5.400000000000289901e+01 9.431277235316156293e+01
-5.360000000000150067e+01 9.425643803876300808e+01
-5.320000000000000284e+01 9.419355514476410463e+01
-5.280000000000219984e+01 9.412888773946542642e+01
-5.240000000000070202e+01 9.405962403836383601e+01
-5.200000000000289901e+01 9.398685715146348230e+01
-5.160000000000150067e+01 9.391034757266243105e+01
-5.120000000000000284e+01 9.385683377818713780e+01
-5.080000000000219984e+01 9.376999822098514414e+01
-5.040000000000070202e+01 9.368117079713556450e+01
-5.000000000000289901e+01 9.358730566933809314e+01
-4.960000000000150067e+01 9.348881011678531650e+01
-4.920000000000000284e+01 9.338818017858648091e+01
-4.880000000000219984e+01 9.328013531883698306e+01
-4.840000000000070202e+01 9.317097199298950727e+01
-4.800000000000289901e+01 9.305536704453697894e+01
-4.760000000000150067e+01 9.293585041383630596e+01
-4.720000000000000284e+01 9.281232738943435834e+01
-4.680000000000219984e+01 9.268304048773643444e+01
-4.640000000000070202e+01 9.255145206778615830e+01
-4.600000000000289901e+01 9.241417881418601610e+01
-4.560000000000150067e+01 9.227148655208657146e+01
-4.520000000000000284e+01 9.212336701938693295e+01
-4.480000000000219984e+01 9.197331469178607222e+01
-4.440000000000070202e+01 9.181892774908556021e+01
-4.400000000000289901e+01 9.165967170013391296e+01
-4.360000000000150067e+01 9.149517934299001354e+01
-4.320000000000000284e+01 9.132549758108871174e+01
-4.280000000000219984e+01 9.115128169003946823e+01
-4.240000000000070202e+01 9.096960333658716991e+01
-4.200000000000289901e+01 9.078694628828816349e+01
-4.160000000000150067e+01 9.059576783438751590e+01
-4.120000000000000284e+01 9.040241939058614662e+01
-4.080000000000219984e+01 9.020338380794055411e+01
-4.040000000000070202e+01 8.999777600483866991e+01
-4.000000000000289901e+01 8.978451165158548974e+01
-3.960000000000150067e+01 8.956691473458704422e+01
-3.920000000000000284e+01 8.934276394143671496e+01
-3.880000000000219984e+01 8.908647197391110240e+01
-3.840000000000070202e+01 8.884769667261207360e+01
-3.800000000000289901e+01 8.860560819091188023e+01
-3.760000000000150067e+01 8.835651191501165158e+01
-3.720000000000000284e+01 8.810536754070926690e+01
-3.680000000000219984e+01 8.784335190611091093e+01
-3.640000000000070202e+01 8.757921217680996051e+01
-3.600000000000289901e+01 8.730250903190972167e+01
-3.560000000000150067e+01 8.701941681410971796e+01
-3.520000000000000284e+01 8.673686823351090425e+01
-3.480000000000219984e+01 8.644227443431009306e+01
-3.440000000000070202e+01 8.614292773940906045e+01
-3.400000000000289901e+01 8.583566507191062556e+01
-3.360000000000150067e+01 8.552561577060987474e+01
-3.320000000000000284e+01 8.520522105171039584e+01
-3.280000000000219984e+01 8.487697933721210575e+01
-3.240000000000070202e+01 8.453927850191030302e+01
-3.200000000000289901e+01 8.419546044791059103e+01
-3.160000000000150067e+01 8.384667019511107355e+01
-3.119999999999999929e+01 8.348905422831012402e+01
-3.080000000000219984e+01 8.312076177880953765e+01
-3.040000000000069846e+01 8.274381477581118816e+01
-3.000000000000289901e+01 8.236006718421049300e+01
-2.960000000000150067e+01 8.197367358420888195e+01
-2.919999999999999929e+01 8.157005256151023787e+01
-2.880000000000219984e+01 8.116218989260960370e+01
-2.840000000000069846e+01 8.074186558491055621e+01
-2.800000000000289901e+01 8.031605164211214287e+01
-2.760000000000150067e+01 7.988599431910915882e+01
-2.719999999999999929e+01 7.943922940421180101e+01
-2.680000000000219984e+01 7.898786408671003301e+01
-2.640000000000069846e+01 7.852315722941057174e+01
-2.600000000000289901e+01 7.805092716940998798e+01
-2.560000000000150067e+01 7.756841615330995410e+01
-2.519999999999999929e+01 7.704015291760515538e+01
-2.480000000000219984e+01 7.653981890355498763e+01
-2.440000000000069846e+01 7.602993580645488692e+01
-2.400000000000289901e+01 7.550385200735399849e+01
-2.360000000000150067e+01 7.497143821655481588e+01
-2.319999999999999929e+01 7.442593027230395819e+01
-2.280000000000219984e+01 7.386802306295430753e+01
-2.240000000000069846e+01 7.330120717930549290e+01
-2.200000000000289901e+01 7.271831229470626567e+01
-2.160000000000150067e+01 7.212706280235579470e+01
-2.119999999999999929e+01 7.152067702455315157e+01
-2.080000000000219984e+01 7.090155256450452725e+01
-2.040000000000069846e+01 7.027033597225454287e+01
-2.000000000000289901e+01 6.962684570780766080e+01
-1.960000000000150067e+01 6.896907872580413823e+01
-1.919999999999999929e+01 6.829861517010431271e+01
-1.880000000000219984e+01 6.761189402920354041e+01
-1.840000000000069846e+01 6.690482422155400855e+01
-1.800000000000289901e+01 6.618514024225441972e+01
-1.760000000000150067e+01 6.545092234750700300e+01
-1.719999999999999929e+01 6.470582129840477137e+01
-1.680000000000219984e+01 6.393548674195699277e+01
-1.640000000000069846e+01 6.315044397965539247e+01
-1.600000000000289901e+01 6.235128351200546604e+01
-1.560000000000150067e+01 6.153170010735266260e+01
-1.519999999999999929e+01 6.069684584295464447e+01
-1.480000000000219984e+01 5.983715633310566773e+01
-1.440000000000070024e+01 5.896469239955695230e+01
-1.400000000000290079e+01 5.806867487785712001e+01
-1.360000000000150067e+01 5.715341240075576934e+01
-1.319999999999999929e+01 5.625471004659993923e+01
-1.280000000000219984e+01 5.529046220190139138e+01
-1.240000000000070024e+01 5.431035632090060972e+01
-1.200000000000290079e+01 5.330191837919846876e+01
-1.160000000000150067e+01 5.227368243080127286e+01
-1.119999999999999929e+01 5.121724848229860072e+01
-1.080000000000219984e+01 5.013228659849846736e+01
-1.040000000000070024e+01 4.902397977290092967e+01
-1.000000000000290079e+01 4.788328288829870871e+01
-9.600000000001449152e+00 4.671418037069815909e+01
-9.199999999999999289e+00 4.550952351569867460e+01
-8.800000000002180300e+00 4.427201991780020762e+01
-8.400000000000730438e+00 4.300545610810149810e+01
-8.000000000002909673e+00 4.169793868629858480e+01
-7.600000000001459810e+00 4.034490211870070198e+01
-7.200000000000000178e+00 3.895705351449942100e+01
-6.800000000002180300e+00 3.752626755660094204e+01
-6.400000000000730438e+00 3.605375141879994771e+01
-6.000000000002909673e+00 3.453136418600115576e+01
-5.600000000001459810e+00 3.295152403850079281e+01
-5.200000000000000178e+00 3.131726676920152386e+01
-4.800000000002180300e+00 2.962886540350154974e+01
-4.400000000000730438e+00 2.787397306879938697e+01
-4.000000000002909673e+00 2.604926329730005818e+01
-3.600000000001459810e+00 2.414589475479806424e+01
-3.200000000000000178e+00 2.215467553390044486e+01
-2.800000000002179856e+00 2.005166029529937077e+01
-2.400000000000729994e+00 1.784067173770017689e+01
-2.000000000002910117e+00 1.550253406789852306e+01
-1.600000000001460032e+00 1.299790442379890010e+01
-1.199999999999999956e+00 1.029318050909932936e+01
-8.000000000021829649e-01 7.334241939701314550e+00
-4.000000000007279954e-01 3.985150576500018360e+00
-2.910387209009709878e-12 0.000000000000000000e+00
