-2.128000000000020009e+02 -5.887655511464286974e+03
-2.124000000000010004e+02 -5.888363228852340399e+03
-2.120000000000030127e+02 -1.021068704408733538e+04
-2.116000000000009891e+02 -1.019811479551233424e+04
-2.111999999999999886e+02 -9.108304489946855028e+03
-2.108000000000020009e+02 -1.015846972540134811e+04
-2.104000000000010004e+02 -8.917551215343341028e+03
-2.100000000000030127e+02 -3.685609444657839049e+03
-2.096000000000009891e+02 -2.978301039701826085e+03
-2.091999999999999886e+02 -2.977251590629344719e+03
-2.088000000000020009e+02 -2.976135132442319446e+03
-2.084000000000010004e+02 -2.975969552397309599e+03
-2.080000000000030127e+02 -2.975658293660311756e+03
-2.076000000000009891e+02 -2.974335217959804140e+03
-2.071999999999999886e+02 -1.131698777803430858e+02
-2.068000000000020009e+02 -1.122364152683621796e+02
-2.064000000000010004e+02 -1.120678816273612028e+02
-2.060000000000030127e+02 -1.131263481353562383e+02
-2.056000000000009891e+02 -1.179981248508156568e+02
-2.051999999999999886e+02 -1.165043316626579326e+02
-2.048000000000020009e+02 -1.156705250639643054e+02
-2.044000000000010004e+02 -1.098177092363184784e+02
-2.040000000000030127e+02 -1.092021882190165343e+02
-2.036000000000009891e+02 -1.071171274593725684e+02
-2.031999999999999886e+02 -1.071716982061079761e+02
-2.028000000000020009e+02 -1.063175244767189724e+02
-2.024000000000010004e+02 -1.053106753650099563e+02
-2.020000000000030127e+02 -1.047477043018698168e+02
-2.016000000000009891e+02 -1.034482533169139060e+02
-2.011999999999999886e+02 -1.033226303943120001e+02
-2.008000000000020009e+02 -1.024676792414102238e+02
-2.004000000000010004e+02 -1.017999187885689025e+02
-2.000000000000030127e+02 -1.012915190891726525e+02
-1.996000000000009891e+02 -1.008263411382722552e+02
-1.991999999999999886e+02 -1.003717354104664992e+02
-1.988000000000020009e+02 -9.985167513535998296e+01
-1.984000000000010004e+02 -9.917427528566258843e+01
-1.980000000000030127e+02 -9.864364279376968625e+01
-1.976000000000009891e+02 -9.791027231411499088e+01
-1.971999999999999886e+02 -9.776086188786575804e+01
-1.968000000000020009e+02 -9.500213090388206183e+01
-1.964000000000010004e+02 -9.406151368268547230e+01
-1.960000000000030127e+02 -9.345174497708285344e+01
-1.956000000000009891e+02 -9.322879536478649243e+01
-1.951999999999999886e+02 -9.244551776638036245e+01
-1.948000000000020009e+02 -9.186933141528061242e+01
-1.944000000000010004e+02 -9.107734727378192474e+01
-1.940000000000030127e+02 -9.086092757748338045e+01
-1.936000000000009891e+02 -9.002230125668211258e+01
-1.931999999999999886e+02 -8.956458603958526510e+01
-1.928000000000020009e+02 -8.936845437209922238e+01
-1.924000000000010004e+02 -8.881776576265110634e+01
-1.920000000000030127e+02 -8.823411636780292611e+01
-1.916000000000009891e+02 -8.753292896120183286e+01
-1.911999999999999886e+02 -8.699996437015579431e+01
-1.908000000000020009e+02 -8.647306321474752622e+01
-1.904000000000010004e+02 -8.593108113454945851e+01
-1.900000000000030127e+02 -8.533048535019770497e+01
-1.896000000000009891e+02 -8.495408298055554042e+01
-1.891999999999999886e+02 -8.423657086004823213e+01
-1.888000000000020009e+02 -8.361125473126230645e+01
-1.884000000000010004e+02 -8.308248793379607378e+01
-1.880000000000030127e+02 -8.256382693190971622e+01
-1.876000000000009891e+02 -8.222131786665340769e+01
-1.871999999999999886e+02 -8.141891699509869795e+01
-1.868000000000020009e+02 -8.101561763144854922e+01
-1.864000000000010004e+02 -8.036806872884699260e+01
-1.860000000000030127e+02 -7.980478673164907377e+01
-1.856000000000009891e+02 -7.933199052165582543e+01
-1.851999999999999886e+02 -7.889324313884935691e+01
-1.848000000000020009e+02 -7.755593244042029255e+01
-1.844000000000010004e+02 -7.703820430243285955e+01
-1.840000000000030127e+02 -7.670642293143100687e+01
-1.836000000000009891e+02 -7.582612955343574868e+01
-1.831999999999999886e+02 -7.542967110342942760e+01
-1.828000000000020009e+02 -7.491753998343847343e+01
-1.824000000000010004e+02 -7.446417803143049241e+01
-1.820000000000030127e+02 -7.399526865841835388e+01
-1.816000000000009891e+02 -7.314731393443435081e+01
-1.811999999999999886e+02 -7.243617620342774899e+01
-1.808000000000020009e+02 -7.237709608843215392e+01
-1.804000000000010004e+02 -7.167466491341838264e+01
-1.800000000000030127e+02 -7.124213645243798965e+01
-1.796000000000009891e+02 -7.078846353042536066e+01
-1.791999999999999886e+02 -7.075080931732736644e+01
-1.788000000000020009e+02 -7.011274434943697997e+01
-1.784000000000010004e+02 -6.977614330238066032e+01
-1.780000000000030127e+02 -6.911211418443053844e+01
-1.776000000000009891e+02 -6.840952754787940648e+01
-1.771999999999999886e+02 -6.798104141077783424e+01
-1.768000000000020009e+02 -6.743346227708025253e+01
-1.764000000000010004e+02 -6.684235042253931169e+01
-1.760000000000030127e+02 -6.629772529053661856e+01
-1.756000000000009891e+02 -6.577548838527945918e+01
-1.751999999999999886e+02 -6.534638038438788499e+01
-1.748000000000020009e+02 -6.484637626218318474e+01
-1.744000000000010004e+02 -6.439083766907788231e+01
-1.740000000000030127e+02 -6.383657314307856723e+01
-1.736000000000009891e+02 -6.344415697437580093e+01
-1.731999999999999886e+02 -6.287232389484051964e+01
-1.728000000000020009e+02 -6.261532550503397943e+01
-1.724000000000010004e+02 -6.196793211262775003e+01
-1.720000000000030127e+02 -6.112507846844164305e+01
-1.716000000000009891e+02 -6.057034752413892420e+01
-1.711999999999999886e+02 -6.014714751494102529e+01
-1.708000000000020009e+02 -5.944627108754139044e+01
-1.704000000000010004e+02 -5.890677658674030681e+01
-1.700000000000030127e+02 -5.839029222634053440e+01
-1.696000000000009891e+02 -5.777430455694047851e+01
-1.691999999999999886e+02 -5.745278449093893869e+01
-1.688000000000020009e+02 -5.685016757863922976e+01
-1.684000000000010004e+02 -5.636850937753843027e+01
-1.680000000000030127e+02 -5.589897813943753135e+01
-1.676000000000009891e+02 -5.547919855764121166e+01
-1.671999999999999886e+02 -5.503112272124053561e+01
-1.668000000000020009e+02 -5.439927671264013043e+01
-1.664000000000010004e+02 -5.402271887923780014e+01
-1.660000000000030127e+02 -5.348490766683971742e+01
-1.656000000000009891e+02 -5.302019612188814790e+01
-1.651999999999999886e+02 -5.245567032043982181e+01
-1.648000000000020009e+02 -5.217317420858671539e+01
-1.644000000000010004e+02 -5.169960065019040485e+01
-1.640000000000030127e+02 -5.134791864408907713e+01
-1.636000000000009891e+02 -5.076613523758715019e+01
-1.631999999999999886e+02 -5.041165470113992342e+01
-1.628000000000020009e+02 -4.982194212423564750e+01
-1.624000000000010004e+02 -4.954240001668949844e+01
-1.620000000000030127e+02 -4.902389449604015681e+01
-1.616000000000009891e+02 -4.865417751453787787e+01
-1.611999999999999886e+02 -4.814826538128909306e+01
-1.608000000000020009e+02 -4.777559439549077069e+01
-1.604000000000010004e+02 -4.739577161043780507e+01
-1.600000000000030127e+02 -4.689791719563800143e+01
-1.596000000000009891e+02 -4.671041564783809008e+01
-1.591999999999999886e+02 -4.609940314473715262e+01
-1.588000000000020009e+02 -4.576451232203908148e+01
-1.584000000000010004e+02 -4.536338960983630386e+01
-1.580000000000030127e+02 -4.477632008993896306e+01
-1.576000000000009891e+02 -4.460840825703780865e+01
-1.571999999999999886e+02 -4.400299281523984973e+01
-1.568000000000020009e+02 -4.380802852013948723e+01
-1.564000000000010004e+02 -4.346629684503932367e+01
-1.560000000000030127e+02 -4.308352005434062448e+01
-1.556000000000009891e+02 -4.270260895173851168e+01
-1.551999999999999886e+02 -4.233475765934053925e+01
-1.548000000000020009e+02 -4.192928167723948718e+01
-1.544000000000010004e+02 -4.159967696723833797e+01
-1.540000000000030127e+02 -4.119575572483881842e+01
-1.536000000000009891e+02 -4.093922375714100781e+01
-1.531999999999999886e+02 -4.050706408004043624e+01
-1.528000000000020009e+02 -4.007251447503949748e+01
-1.524000000000010004e+02 -3.971181498099031160e+01
-1.520000000000030127e+02 -3.936122129264185787e+01
-1.516000000000009891e+02 -3.897611239433899755e+01
-1.511999999999999886e+02 -3.859504581728833728e+01
-1.508000000000020009e+02 -3.830244390084044426e+01
-1.504000000000010004e+02 -3.781752074569158140e+01
-1.500000000000030127e+02 -3.745215703453868628e+01
-1.496000000000009891e+02 -3.713499023883923655e+01
-1.491999999999999886e+02 -3.686073424508867902e+01
-1.488000000000020009e+02 -3.638358478578811628e+01
-1.484000000000010004e+02 -3.606268661628928385e+01
-1.480000000000030127e+02 -3.568504046563975862e+01
-1.476000000000009891e+02 -3.527800974469209905e+01
-1.471999999999999886e+02 -3.490912795144322445e+01
-1.468000000000020009e+02 -3.460439906924148090e+01
-1.464000000000010004e+02 -3.406583741274152999e+01
-1.460000000000030127e+02 -3.369176716204310651e+01
-1.456000000000009891e+02 -3.348218831813937868e+01
-1.451999999999999886e+02 -3.303660006454083486e+01
-1.448000000000020009e+02 -3.267123635424286476e+01
-1.444000000000010004e+02 -3.230276316484014387e+01
-1.440000000000030127e+02 -3.195605632444130606e+01
-1.436000000000009891e+02 -3.151544323694179184e+01
-1.431999999999999886e+02 -3.125269231164202210e+01
-1.428000000000020009e+02 -3.093645835994175286e+01
-1.424000000000010004e+02 -3.049335768953824299e+01
-1.420000000000030127e+02 -3.011151374323890195e+01
-1.416000000000009891e+02 -2.985435987943856162e+01
-1.411999999999999886e+02 -2.950609829974200693e+01
-1.408000000000020009e+02 -2.903687801074192976e+01
-1.404000000000010004e+02 -2.877825686841606512e+01
-1.400000000000030127e+02 -2.847212872076488566e+01
-1.396000000000009891e+02 -2.806680821266854764e+01
-1.391999999999999886e+02 -2.778773252661267179e+01
-1.388000000000020009e+02 -2.741910386341623962e+01
-1.384000000000010004e+02 -2.709136484086411656e+01
-1.380000000000030127e+02 -2.662556497741388739e+01
-1.376000000000009891e+02 -2.635441846176763647e+01
-1.371999999999999886e+02 -2.600009339886673843e+01
-1.368000000000020009e+02 -2.570686958631631569e+01
-1.364000000000010004e+02 -2.532735774846878485e+01
-1.360000000000030127e+02 -2.495251012866719975e+01
-1.356000000000009891e+02 -2.454376919426431414e+01
-1.351999999999999886e+02 -2.426515993041539332e+01
-1.348000000000020009e+02 -2.389108968016444123e+01
-1.344000000000010004e+02 -2.351835067948923097e+01
-1.340000000000030127e+02 -2.314552422018823563e+01
-1.336000000000009891e+02 -2.283302164149063174e+01
-1.331999999999999886e+02 -2.247698636519271531e+01
-1.328000000000020009e+02 -2.203575138259111554e+01
-1.324000000000010004e+02 -2.169650728949272889e+01
-1.320000000000030127e+02 -2.130284732528889435e+01
-1.316000000000009891e+02 -2.088026921198979835e+01
-1.311999999999999886e+02 -2.055999293798959116e+01
-1.308000000000020009e+02 -2.015171842529161950e+01
-1.304000000000010004e+02 -1.996390593018804793e+01
-1.300000000000030127e+02 -1.960849255039283889e+01
-1.296000000000009891e+02 -1.917751884529207018e+01
-1.291999999999999886e+02 -1.875836115829224582e+01
-1.288000000000020009e+02 -1.850742625198836322e+01
-1.284000000000010004e+02 -1.816693836789272609e+01
-1.280000000000030127e+02 -1.786873939018914825e+01
-1.276000000000010033e+02 -1.746499513006347115e+01
-1.272000000000000028e+02 -1.706760379186380305e+01
-1.268000000000020009e+02 -1.675618953126468114e+01
-1.264000000000010004e+02 -1.636766020586583181e+01
-1.260000000000029985e+02 -1.614066828326394898e+01
-1.256000000000010033e+02 -1.578323374201499973e+01
-1.252000000000000028e+02 -1.546995379376312485e+01
-1.248000000000020009e+02 -1.517253218536279746e+01
-1.244000000000010004e+02 -1.482566987106474699e+01
-1.240000000000029985e+02 -1.449000167871417943e+01
-1.236000000000010033e+02 -1.418915964416373754e+01
-1.232000000000000028e+02 -1.381026970211314620e+01
-1.228000000000020009e+02 -1.361328424576277030e+01
-1.224000000000010004e+02 -1.322755345141194994e+01
-1.220000000000029985e+02 -1.289919253316475078e+01
-1.216000000000010033e+02 -1.260381359373786836e+01
-1.212000000000000028e+02 -1.235754290453769499e+01
-1.208000000000020009e+02 -1.189236493753924151e+01
-1.204000000000010004e+02 -1.152637933143705595e+01
-1.200000000000029985e+02 -1.120548116133795702e+01
-1.196000000000010033e+02 -1.093557843633971061e+01
-1.192000000000000028e+02 -1.051082368853894877e+01
-1.188000000000020009e+02 -1.011032287133639329e+01
-1.184000000000010004e+02 -9.816788111038476927e+00
-1.180000000000029985e+02 -9.412244972339976812e+00
-1.176000000000010033e+02 -9.166907126640580827e+00
-1.172000000000000028e+02 -8.857514027036813786e+00
-1.168000000000020009e+02 -8.565223057637922466e+00
-1.164000000000010004e+02 -8.339785873937216820e+00
-1.160000000000029985e+02 -7.973178371739777504e+00
-1.156000000000010033e+02 -7.592889164439839078e+00
-1.152000000000000028e+02 -7.580847410139540443e+00
-1.148000000000020009e+02 -7.257306183837499702e+00
-1.144000000000010004e+02 -6.859914845139428508e+00
-1.140000000000029985e+02 -6.513829900337441359e+00
-1.136000000000010033e+02 -6.223715566640748875e+00
-1.132000000000000028e+02 -5.835963611640181625e+00
-1.128000000000020009e+02 -5.527347880841261940e+00
-1.124000000000010004e+02 -5.115497468090325128e+00
-1.120000000000029985e+02 -4.695562411539867753e+00
-1.116000000000010033e+02 -4.381194146390043898e+00
-1.112000000000000028e+02 -4.069468938090722077e+00
-1.108000000000020009e+02 -3.624502580390981166e+00
-1.104000000000010004e+02 -3.322572228589706356e+00
-1.100000000000029985e+02 -2.902792646138550481e+00
-1.096000000000010033e+02 -2.539916517987876432e+00
-1.092000000000000028e+02 -2.227724887688964373e+00
-1.088000000000020009e+02 -1.397734843838406960e+00
-1.084000000000010004e+02 -9.913260183420788962e-01
-1.080000000000029985e+02 -5.780763401380681898e-01
-1.076000000000010033e+02 -1.558091747392609250e-01
-1.072000000000000028e+02 2.195048674584541004e-01
-1.068000000000020009e+02 7.176433052591164596e-01
-1.064000000000010004e+02 9.918992993589199614e-01
-1.060000000000029985e+02 1.569951331457559718e+00
-1.056000000000010033e+02 2.076174413359694881e+00
-1.052000000000000028e+02 2.367221590156987077e+00
-1.048000000000020009e+02 2.791665391359856585e+00
-1.044000000000010004e+02 3.168845119656907627e+00
-1.040000000000029985e+02 3.681909054157586070e+00
-1.036000000000010033e+02 4.001563432459079195e+00
-1.032000000000000028e+02 4.443420311559748370e+00
-1.028000000000020009e+02 4.875326859859342221e+00
-1.024000000000010004e+02 5.390878376460022992e+00
-1.020000000000029985e+02 5.911681280686025275e+00
-1.016000000000010033e+02 6.223872911181388190e+00
-1.012000000000000028e+02 6.644585337136959424e+00
-1.008000000000020009e+02 6.993779760381585220e+00
-1.004000000000010004e+02 7.416357873684319202e+00
-1.000000000000029985e+02 7.736945096232375363e+00
-9.960000000000150067e+01 8.112103663934249198e+00
-9.920000000000000284e+01 8.499700145184760913e+00
-9.880000000000219984e+01 8.804273553982056910e+00
-9.840000000000070202e+01 9.116931606033176649e+00
-9.800000000000289901e+01 9.498931026533682598e+00
-9.760000000000150067e+01 9.905339851982716937e+00
-9.720000000000000284e+01 1.020587093823633040e+01
-9.680000000000219984e+01 1.053547564773543854e+01
-9.640000000000070202e+01 1.082869946028586128e+01
-9.600000000000289901e+01 1.107649016280993237e+01
-9.560000000000150067e+01 1.122698891620893846e+01
-9.520000000000000284e+01 1.156903153980965726e+01
-9.480000000000219984e+01 1.189677056180880754e+01
-9.440000000000070202e+01 1.231095308321164339e+01
-9.400000000000289901e+01 1.256872884171025362e+01
-9.360000000000150067e+01 1.277675294650907745e+01
-9.320000000000000284e+01 1.312843495230845292e+01
-9.280000000000219984e+01 1.344871122690892662e+01
-9.240000000000070202e+01 1.371177309861013782e+01
-9.200000000000289901e+01 1.417539632700936636e+01
-9.160000000000150067e+01 1.447110772160885972e+01
-9.120000000000000284e+01 1.469094784401022480e+01
-9.080000000000219984e+01 1.508212022591033019e+01
-9.040000000000070202e+01 1.530942309630700038e+01
-9.000000000000289901e+01 1.569841884241031948e+01
-8.960000000000150067e+01 1.606098402291172533e+01
-8.920000000000000284e+01 1.634923823355711647e+01
-8.880000000000219984e+01 1.661914095806059777e+01
-8.840000000000070202e+01 1.693599680600891588e+01
-8.800000000000289901e+01 1.717293905956103117e+01
-8.760000000000150067e+01 1.747269277640953078e+01
-8.720000000000000284e+01 1.771025692551120301e+01
-8.680000000000219984e+01 1.804654701316030696e+01
-8.640000000000070202e+01 1.833526208180774120e+01
-8.600000000000289901e+01 1.867746017875833786e+01
-8.560000000000150067e+01 1.901841448391132872e+01
-8.520000000000000284e+01 1.930168796491125249e+01
-8.480000000000219984e+01 1.957734322440956021e+01
-8.440000000000070202e+01 1.990508224705627072e+01
-8.400000000000289901e+01 2.010315602041009697e+01
-8.360000000000150067e+01 2.041223817241188954e+01
-8.320000000000000284e+01 2.065431662890841835e+01
-8.280000000000219984e+01 2.101501612260835827e+01
-8.240000000000070202e+01 2.124822700160802924e+01
-8.200000000000289901e+01 2.147335323700826848e+01
-8.160000000000150067e+01 2.186390372300957097e+01
-8.120000000000000284e+01 2.211514957690815208e+01
-8.080000000000219984e+01 2.244817471260830644e+01
-8.040000000000070202e+01 2.267112431340865442e+01
-8.000000000000289901e+01 2.297802983061046689e+01
-7.960000000000150067e+01 2.322305672720904113e+01
-7.920000000000000284e+01 2.349171566040968173e+01
-7.880000000000219984e+01 2.379271316900849342e+01
-7.840000000000070202e+01 2.402965542260790244e+01
-7.800000000000289901e+01 2.431728217330964981e+01
-7.760000000000150067e+01 2.457599077540726284e+01
-7.720000000000000284e+01 2.479334331460995600e+01
-7.680000000000219984e+01 2.514440342520902050e+01
-7.640000000000070202e+01 2.506508805040721199e+01
-7.600000000000289901e+01 2.537541399395922781e+01
-7.560000000000150067e+01 2.560022928136095288e+01
-7.520000000000000284e+01 2.590853406356109190e+01
-7.480000000000219984e+01 2.622601180720812408e+01
-7.440000000000070202e+01 2.645238183426044998e+01
-7.400000000000289901e+01 2.681976670585936517e+01
-7.360000000000150067e+01 2.707101255996167311e+01
-7.320000000000000284e+01 2.734371381445816951e+01
-7.280000000000219984e+01 2.761501580420735991e+01
-7.240000000000070202e+01 2.781806474311088095e+01
-7.200000000000289901e+01 2.817969707971133175e+01
-7.160000000000150067e+01 2.844042684230589657e+01
-7.120000000000000284e+01 2.870535440125604509e+01
-7.080000000000219984e+01 2.888414940860820934e+01
-7.040000000000070202e+01 2.931634322790705482e+01
-7.000000000000289901e+01 2.974203081900850520e+01
-6.960000000000150067e+01 3.000975690860650502e+01
-6.920000000000000284e+01 3.021871385650956654e+01
-6.880000000000219984e+01 3.056479880080951261e+01
-6.840000000000070202e+01 3.079956441930698929e+01
-6.800000000000289901e+01 3.113663187680867850e+01
-6.760000000000150067e+01 3.137233033870870713e+01
-6.720000000000000284e+01 3.164067832360888133e+01
-6.680000000000219984e+01 3.190125261280991253e+01
-6.640000000000070202e+01 3.218079472000681562e+01
-6.600000000000289901e+01 3.252439208190844511e+01
-6.560000000000150067e+01 3.278434447510881000e+01
-6.520000000000000284e+01 3.311519297590712085e+01
-6.480000000000219984e+01 3.329025660900879302e+01
-6.440000000000070202e+01 3.364318240600914578e+01
-6.400000000000289901e+01 3.380798476140989806e+01
-6.360000000000150067e+01 3.410878183478416759e+01
-6.320000000000000284e+01 3.437013349333574297e+01
-6.280000000000219984e+01 3.463723768693307647e+01
-6.240000000000070202e+01 3.488039889703577501e+01
-6.200000000000289901e+01 3.514532645613144268e+01
-6.160000000000150067e+01 3.544476922503599781e+01
-6.120000000000000284e+01 3.567735820878442610e+01
-6.080000000000219984e+01 3.596358569468793576e+01
-6.040000000000070202e+01 3.625245623658338445e+01
-6.000000000000289901e+01 3.656402597123451415e+01
-5.960000000000150067e+01 3.679506021568522556e+01
-5.920000000000000284e+01 3.706620673118231934e+01
-5.880000000000219984e+01 3.725759512623335468e+01
-5.840000000000070202e+01 3.752936353728364338e+01
-5.800000000000289901e+01 3.779864436543357442e+01
-5.760000000000150067e+01 3.810332828916216386e+01
-5.720000000000000284e+01 3.835612888275863952e+01
-5.680000000000219984e+01 3.859120544875986525e+01
-5.640000000000070202e+01 3.879145585745936842e+01
-5.600000000000289901e+01 3.907224175606097560e+01
-5.560000000000150067e+01 3.935302765445885598e+01
-5.520000000000000284e+01 3.961298004805939854e+01
-5.480000000000219984e+01 3.977591671565824072e+01
-5.440000000000070202e+01 4.005483692716006772e+01
-5.400000000000289901e+01 4.030577183296190924e+01
-5.360000000000150067e+01 4.054147029476007447e+01
-5.320000000000000284e+01 4.082971894146248815e+01
-5.280000000000219984e+01 4.107008162096099113e+01
-5.240000000000070202e+01 4.132536979646101827e+01
-5.200000000000289901e+01 4.156044636266233283e+01
-5.160000000000150067e+01 4.178743828506048885e+01
-5.120000000000000284e+01 4.187852229590862407e+01
-5.080000000000219984e+01 4.212588130166113842e+01
-5.040000000000070202e+01 4.231991275340988068e+01
-5.000000000000289901e+01 4.258499578590999590e+01
-4.960000000000150067e+01 4.281649645226207213e+01
-4.920000000000000284e+01 4.302001181265950436e+01
-4.880000000000219984e+01 4.321932937750898418e+01
-4.840000000000070202e+01 4.352825605550970067e+01
-4.800000000000289901e+01 4.371451381085717003e+01
-4.760000000000150067e+01 4.389284239655899000e+01
-4.720000000000000284e+01 4.411252704481012188e+01
-4.680000000000219984e+01 4.428385930401054793e+01
-4.640000000000070202e+01 4.450914101360831410e+01
-4.600000000000289901e+01 4.467798569010847132e+01
-4.560000000000150067e+01 4.481822316541001783e+01
-4.520000000000000284e+01 4.506946901930859894e+01
-4.480000000000219984e+01 4.545004546836207737e+01
-4.440000000000070202e+01 4.560769602276195656e+01
-4.400000000000289901e+01 4.582162813606191776e+01
-4.360000000000150067e+01 4.593512409765753546e+01
-4.320000000000000284e+01 4.616833497616244131e+01
-4.280000000000219984e+01 4.631510235646055662e+01
-4.240000000000070202e+01 4.646031499735909165e+01
-4.200000000000289901e+01 4.671746885995889897e+01
-4.160000000000150067e+01 4.678276790625750436e+01
-4.120000000000000284e+01 4.699327959306174307e+01
-4.080000000000219984e+01 4.716212426955826231e+01
-4.040000000000070202e+01 4.728899098805777612e+01
-4.000000000000289901e+01 4.748768665685929591e+01
-3.960000000000150067e+01 4.751411722355987877e+01
-3.920000000000000284e+01 4.767798673476136173e+01
-3.880000000000219984e+01 4.785647079415866756e+01
-3.840000000000070202e+01 4.793514059736116906e+01
-3.800000000000289901e+01 4.818922316895987024e+01
-3.760000000000150067e+01 4.831437967385863885e+01
-3.720000000000000284e+01 4.844249018340997281e+01
-3.680000000000219984e+01 4.847918202860819292e+01
-3.640000000000070202e+01 4.862377277341147419e+01
-3.600000000000289901e+01 4.867165874100828660e+01
-3.560000000000150067e+01 4.878981891966031981e+01
-3.520000000000000284e+01 4.883786036095989402e+01
-3.480000000000219984e+01 4.894933516085802694e+01
-3.440000000000070202e+01 4.897669857120854431e+01
-3.400000000000289901e+01 4.906298659636013326e+01
-3.360000000000150067e+01 4.914227829545779969e+01
-3.320000000000000284e+01 4.918052487960812869e+01
-3.280000000000219984e+01 4.923805022971282597e+01
-3.240000000000070202e+01 4.928686904041023809e+01
-3.200000000000289901e+01 4.916532662255849573e+01
-3.160000000000150067e+01 4.919611045876081334e+01
-3.119999999999999929e+01 4.918616012795973802e+01
-3.080000000000219984e+01 4.920450605015867040e+01
-3.040000000000069846e+01 4.928348680086128297e+01
-3.000000000000289901e+01 4.919548856316032470e+01
-2.960000000000150067e+01 4.918895865816011792e+01
-2.919999999999999929e+01 4.918367254525946919e+01
-2.880000000000219984e+01 4.909101008905781782e+01
-2.840000000000069846e+01 4.909007724576076725e+01
-2.800000000000289901e+01 4.904654454856063239e+01
-2.760000000000150067e+01 4.898777540726223378e+01
-2.719999999999999929e+01 4.896974043245791108e+01
-2.680000000000219984e+01 4.889169252525971388e+01
-2.640000000000069846e+01 4.883883139236058923e+01
-2.600000000000289901e+01 4.878845784275836195e+01
-2.560000000000150067e+01 4.868771074316100567e+01
-2.519999999999999929e+01 4.849598734823302948e+01
-2.480000000000219984e+01 4.842229271038377192e+01
-2.440000000000069846e+01 4.835683819038604270e+01
-2.400000000000289901e+01 4.826775163443744532e+01
-2.360000000000150067e+01 4.811865214578574523e+01
-2.319999999999999929e+01 4.806330343043737230e+01
-2.280000000000219984e+01 4.795509358273193357e+01
-2.240000000000069846e+01 4.778360584938491229e+01
-2.200000000000289901e+01 4.763326256963409833e+01
-2.160000000000150067e+01 4.743565521783239092e+01
-2.119999999999999929e+01 4.735993941928609274e+01
-2.080000000000219984e+01 4.717026123748291866e+01
-2.040000000000069846e+01 4.698291516448443872e+01
-2.000000000000289901e+01 4.680054425683556474e+01
-1.960000000000150067e+01 4.655334072488403763e+01
-1.919999999999999929e+01 4.643826597241059062e+01
-1.880000000000219984e+01 4.622744333800801542e+01
-1.840000000000069846e+01 4.605393444370929501e+01
-1.800000000000289901e+01 4.573832238700924790e+01
-1.760000000000150067e+01 4.537078204140925664e+01
-1.719999999999999929e+01 4.507475969870938570e+01
-1.680000000000219984e+01 4.481294161790719954e+01
-1.640000000000069846e+01 4.445224212460743729e+01
-1.600000000000289901e+01 4.404832088190960349e+01
-1.560000000000150067e+01 4.377468678321019979e+01
-1.519999999999999929e+01 4.342829089040969848e+01
-1.480000000000219984e+01 4.296933188010734739e+01
-1.440000000000070024e+01 4.260148058680715621e+01
-1.400000000000290079e+01 4.223425118900922826e+01
-1.360000000000150067e+01 4.181602634531009244e+01
-1.319999999999999929e+01 4.141490363280900056e+01
-1.280000000000219984e+01 4.083374212220951449e+01
-1.240000000000070024e+01 4.052617879685203661e+01
-1.200000000000290079e+01 3.998808356070730952e+01
-1.160000000000150067e+01 3.940987605400368921e+01
-1.119999999999999929e+01 3.882747075120278168e+01
-1.080000000000219984e+01 3.821303782045288244e+01
-1.040000000000070024e+01 3.764617990970509709e+01
-1.000000000000290079e+01 3.693986189300267142e+01
-9.600000000001449152e+00 3.627396709535241826e+01
-9.199999999999999289e+00 3.550732519760276773e+01
-8.800000000002180300e+00 3.478670357995360973e+01
-8.400000000000730438e+00 3.397108739780378528e+01
-8.000000000002909673e+00 3.308923932550169411e+01
-7.600000000001459810e+00 3.228295157825414208e+01
-7.200000000000000178e+00 3.136705471840468817e+01
-6.800000000002180300e+00 3.042426086955310893e+01
-6.400000000000730438e+00 2.957176144759796443e+01
-6.000000000002909673e+00 2.830620374130012351e+01
-5.600000000001459810e+00 2.739668131069993251e+01
-5.200000000000000178e+00 2.620357445069748792e+01
-4.800000000002180300e+00 2.509970962059742305e+01
-4.400000000000730438e+00 2.359907534759986447e+01
-4.000000000002909673e+00 2.251386738710061763e+01
-3.600000000001459810e+00 2.093798373780009570e+01
-3.200000000000000178e+00 1.969699090949870879e+01
-2.800000000002179856e+00 1.822434194100060267e+01
-2.400000000000729994e+00 1.673303610319999279e+01
-2.000000000002910117e+00 1.469694965059898095e+01
-1.600000000001460032e+00 1.229985276059960597e+01
-1.199999999999999956e+00 1.007471002049715025e+01
-8.000000000021829649e-01 7.974257363297510892e+00
-4.000000000007279954e-01 4.795437604199833004e+00
-2.910387209009709878e-12 0.000000000000000000e+00
