-2.128000000000020009e+02 8.579524103801552254e-03
-2.124000000000010004e+02 4.423841775117395153e-03
-2.120000000000030127e+02 3.827408287653910612e-02
-2.116000000000009891e+02 3.965547644560900309e-02
-2.111999999999999886e+02 3.927620200949390183e-02
-2.108000000000020009e+02 3.963873028280880118e-02
-2.104000000000010004e+02 3.933284004561915514e-02
-2.100000000000030127e+02 3.882379070256725129e-02
-2.096000000000009891e+02 3.669232524926140104e-02
-2.091999999999999886e+02 3.673025849547245647e-02
-2.088000000000020009e+02 3.707547012877695364e-02
-2.084000000000010004e+02 3.703098798318754659e-02
-2.080000000000030127e+02 3.702844277640969517e-02
-2.076000000000009891e+02 3.697346194904425204e-02
-2.184000000000010004e+02 2.722158640838702459e-02
-2.180000000000030127e+02 2.722267400399352305e-02
-2.176000000000009891e+02 3.184915632858502377e-02
-2.171999999999999886e+02 2.722298901001612287e-02
-2.168000000000020009e+02 3.185559333132892412e-02
-2.164000000000010004e+02 3.185573669441902483e-02
-2.160000000000030127e+02 3.185606498934902275e-02
-2.156000000000009891e+02 3.185608587191782193e-02
-2.151999999999999886e+02 3.185698637541872075e-02
-2.148000000000020009e+02 3.185716345174682135e-02
-2.144000000000010004e+02 3.309562547136202237e-02
-2.140000000000030127e+02 3.309560197028922623e-02
-2.136000000000009891e+02 3.416440693079522695e-02
-2.131999999999999886e+02 3.416081735468532582e-02
-2.071999999999999886e+02 3.136298780355212257e-02
-2.068000000000020009e+02 3.133612810673392507e-02
-2.064000000000010004e+02 3.124673480474402659e-02
-2.060000000000030127e+02 3.124592208658732301e-02
-2.056000000000009891e+02 3.159825220279181834e-02
-2.051999999999999886e+02 3.152427289747867373e-02
-2.048000000000020009e+02 3.156138786154877307e-02
-2.044000000000010004e+02 3.146532597073062321e-02
-2.040000000000030127e+02 3.142912970951372564e-02
-2.036000000000009891e+02 3.139548930460337589e-02
-2.031999999999999886e+02 3.119306496482012608e-02
-2.028000000000020009e+02 3.119499123023897202e-02
-2.024000000000010004e+02 3.118065093274122179e-02
-2.020000000000030127e+02 3.117331261156477268e-02
-2.016000000000009891e+02 3.116391359374302145e-02
-2.011999999999999886e+02 3.115816593186737302e-02
-2.008000000000020009e+02 3.114100057799617377e-02
-2.004000000000010004e+02 3.114225045745207254e-02
-2.000000000000030127e+02 3.113605928325522201e-02
-1.996000000000009891e+02 3.114164402169602303e-02
-1.991999999999999886e+02 3.113292709227517135e-02
-1.988000000000020009e+02 3.114531610458552008e-02
-1.984000000000010004e+02 3.112060593787602247e-02
-1.980000000000030127e+02 3.112425559759457103e-02
-1.976000000000009891e+02 3.112522093387172159e-02
-1.971999999999999886e+02 3.113237716923692236e-02
-1.968000000000020009e+02 3.103314437221992017e-02
-1.964000000000010004e+02 3.103338847848732124e-02
-1.960000000000030127e+02 3.103513229509882038e-02
-1.956000000000009891e+02 3.104354554386712026e-02
-1.951999999999999886e+02 3.104448409037802170e-02
-1.948000000000020009e+02 3.104715803604292043e-02
-1.944000000000010004e+02 3.105227444729162165e-02
-1.940000000000030127e+02 3.105134431823822205e-02
-1.936000000000009891e+02 3.104651269763482324e-02
-1.931999999999999886e+02 3.105213555924292088e-02
-1.928000000000020009e+02 3.108177089385112321e-02
-1.924000000000010004e+02 3.107757876198231906e-02
-1.920000000000030127e+02 3.107338772809517188e-02
-1.916000000000009891e+02 3.106893489001456843e-02
-1.911999999999999886e+02 3.107121595306942125e-02
-1.908000000000020009e+02 3.106727545131107021e-02
-1.904000000000010004e+02 3.106509854953127397e-02
-1.900000000000030127e+02 3.106546529709976884e-02
-1.896000000000009891e+02 3.106285947778317236e-02
-1.891999999999999886e+02 3.106237080848127385e-02
-1.888000000000020009e+02 3.106091220092872113e-02
-1.884000000000010004e+02 3.106159020739786975e-02
-1.880000000000030127e+02 3.105985927644712430e-02
-1.876000000000009891e+02 3.105951169211977267e-02
-1.871999999999999886e+02 3.105603442988407251e-02
-1.868000000000020009e+02 3.105717320162427325e-02
-1.864000000000010004e+02 3.105770788813082273e-02
-1.860000000000030127e+02 3.105703886901316907e-02
-1.856000000000009891e+02 3.105628278100907441e-02
-1.851999999999999886e+02 3.105643300397557122e-02
-1.848000000000020009e+02 3.104374510438362433e-02
-1.844000000000010004e+02 3.104621066266992357e-02
-1.840000000000030127e+02 3.104227207321342413e-02
-1.836000000000009891e+02 3.104145322226152526e-02
-1.831999999999999886e+02 3.104172917438902113e-02
-1.828000000000020009e+02 3.104013907261922445e-02
-1.824000000000010004e+02 3.104001363983392020e-02
-1.820000000000030127e+02 3.103912338868132503e-02
-1.816000000000009891e+02 3.103638252151252191e-02
-1.811999999999999886e+02 3.103595090408221846e-02
-1.808000000000020009e+02 3.103507673405582479e-02
-1.804000000000010004e+02 3.103573155751931933e-02
-1.800000000000030127e+02 3.103553794075852162e-02
-1.796000000000009891e+02 3.103360949209102437e-02
-1.791999999999999886e+02 3.104243420006927087e-02
-1.788000000000020009e+02 3.104237119768437150e-02
-1.784000000000010004e+02 3.104299235312417415e-02
-1.780000000000030127e+02 3.103642307310867238e-02
-1.776000000000009891e+02 3.103720007799917052e-02
-1.771999999999999886e+02 3.103455333087157264e-02
-1.768000000000020009e+02 3.103144073181972329e-02
-1.764000000000010004e+02 3.103862961885311966e-02
-1.760000000000030127e+02 3.103251311412737190e-02
-1.756000000000009891e+02 3.102749811084147200e-02
-1.751999999999999886e+02 3.102817775141222117e-02
-1.748000000000020009e+02 3.102704469583177083e-02
-1.744000000000010004e+02 3.102833214477822288e-02
-1.740000000000030127e+02 3.102105513718022081e-02
-1.736000000000009891e+02 3.102399348305166782e-02
-1.731999999999999886e+02 3.101931496767677127e-02
-1.728000000000020009e+02 3.102737425457577011e-02
-1.724000000000010004e+02 3.101646600025042416e-02
-1.720000000000030127e+02 3.099836685097451944e-02
-1.716000000000009891e+02 3.099090165807122030e-02
-1.711999999999999886e+02 3.098487167230612113e-02
-1.708000000000020009e+02 3.099615232988651992e-02
-1.704000000000010004e+02 3.098993544982582213e-02
-1.700000000000030127e+02 3.098750229767491954e-02
-1.696000000000009891e+02 3.098647614220262012e-02
-1.691999999999999886e+02 3.097898979145452189e-02
-1.688000000000020009e+02 3.097605237733622174e-02
-1.684000000000010004e+02 3.097518490569982005e-02
-1.680000000000030127e+02 3.097386606670791964e-02
-1.676000000000009891e+02 3.097083344228802188e-02
-1.671999999999999886e+02 3.097288575323262072e-02
-1.668000000000020009e+02 3.097606648256602188e-02
-1.664000000000010004e+02 3.096473293037362018e-02
-1.660000000000030127e+02 3.094462563812822031e-02
-1.656000000000009891e+02 3.093228950546731901e-02
-1.651999999999999886e+02 3.092910505391201909e-02
-1.648000000000020009e+02 3.093279234601396810e-02
-1.644000000000010004e+02 3.092651346389762440e-02
-1.640000000000030127e+02 3.093415683112657119e-02
-1.636000000000009891e+02 3.093273880175202023e-02
-1.631999999999999886e+02 3.092517737017226945e-02
-1.628000000000020009e+02 3.092283913350991897e-02
-1.624000000000010004e+02 3.092341403178461984e-02
-1.620000000000030127e+02 3.092265265791691725e-02
-1.616000000000009891e+02 3.091983069062797379e-02
-1.611999999999999886e+02 3.092097509693457133e-02
-1.608000000000020009e+02 3.092085713899236921e-02
-1.604000000000010004e+02 3.092001447920161850e-02
-1.600000000000030127e+02 3.089348425376302332e-02
-1.596000000000009891e+02 3.089719644660532394e-02
-1.591999999999999886e+02 3.089237164554071990e-02
-1.588000000000020009e+02 3.089215472192512191e-02
-1.584000000000010004e+02 3.089869391930692016e-02
-1.580000000000030127e+02 3.089137449666232160e-02
-1.576000000000009891e+02 3.088827458821911953e-02
-1.571999999999999886e+02 3.089428197286581829e-02
-1.568000000000020009e+02 3.089142347941421785e-02
-1.564000000000010004e+02 3.088673513030151807e-02
-1.560000000000030127e+02 3.088471983993661824e-02
-1.556000000000009891e+02 3.088584294446292122e-02
-1.551999999999999886e+02 3.088441194835311876e-02
-1.548000000000020009e+02 3.088481430667252420e-02
-1.544000000000010004e+02 3.088344628838662204e-02
-1.540000000000030127e+02 3.088322586600292241e-02
-1.536000000000009891e+02 3.088573098388702060e-02
-1.531999999999999886e+02 3.089120624556392081e-02
-1.528000000000020009e+02 3.089278634423257147e-02
-1.524000000000010004e+02 3.088797874527342280e-02
-1.520000000000030127e+02 3.089347852199582009e-02
-1.516000000000009891e+02 3.089095073840121899e-02
-1.511999999999999886e+02 3.088993033328447241e-02
-1.508000000000020009e+02 3.088887456657627220e-02
-1.504000000000010004e+02 3.088870856885731972e-02
-1.500000000000030127e+02 3.089276779882567034e-02
-1.496000000000009891e+02 3.088790236720011934e-02
-1.491999999999999886e+02 3.088819048071447110e-02
-1.488000000000020009e+02 3.088635933379562173e-02
-1.484000000000010004e+02 3.088615010800837071e-02
-1.480000000000030127e+02 3.088594513063137176e-02
-1.476000000000009891e+02 3.088603350247387178e-02
-1.471999999999999886e+02 3.089218376339002148e-02
-1.468000000000020009e+02 3.088927255666121946e-02
-1.464000000000010004e+02 3.088975082633812347e-02
-1.460000000000030127e+02 3.089159805632191863e-02
-1.456000000000009891e+02 3.089403099337382358e-02
-1.451999999999999886e+02 3.088979588072791882e-02
-1.448000000000020009e+02 3.089222535205752435e-02
-1.444000000000010004e+02 3.088791399352112249e-02
-1.440000000000030127e+02 3.089059299685611992e-02
-1.436000000000009891e+02 3.089011472717922285e-02
-1.431999999999999886e+02 3.088679456521951916e-02
-1.428000000000020009e+02 3.089624905564342106e-02
-1.424000000000010004e+02 3.088995530395362288e-02
-1.420000000000030127e+02 3.088473246045331938e-02
-1.416000000000009891e+02 3.088690200261062085e-02
-1.411999999999999886e+02 3.089018404162512110e-02
-1.408000000000020009e+02 3.088367541515291831e-02
-1.404000000000010004e+02 3.091947429724972371e-02
-1.400000000000030127e+02 3.091857702369602001e-02
-1.396000000000009891e+02 3.092007650373867003e-02
-1.391999999999999886e+02 3.091914461436297279e-02
-1.388000000000020009e+02 3.091503710694902193e-02
-1.384000000000010004e+02 3.091333268359256967e-02
-1.380000000000030127e+02 3.091022907068772044e-02
-1.376000000000009891e+02 3.090891616292087279e-02
-1.371999999999999886e+02 3.090985798330512027e-02
-1.368000000000020009e+02 3.090930159256587151e-02
-1.364000000000010004e+02 3.090946889849692167e-02
-1.360000000000030127e+02 3.090381131351882180e-02
-1.356000000000009891e+02 3.090339037542147102e-02
-1.351999999999999886e+02 3.090123270643882133e-02
-1.348000000000020009e+02 3.090238252523662063e-02
-1.344000000000010004e+02 3.090854522041112246e-02
-1.340000000000030127e+02 3.090473719880142134e-02
-1.336000000000009891e+02 3.090663597401292068e-02
-1.331999999999999886e+02 3.089957141329972151e-02
-1.328000000000020009e+02 3.089655571149322461e-02
-1.324000000000010004e+02 3.089332360515902043e-02
-1.320000000000030127e+02 3.089158189775002145e-02
-1.316000000000009891e+02 3.088527475288402324e-02
-1.311999999999999886e+02 3.088121891318602180e-02
-1.308000000000020009e+02 3.088267789855072415e-02
-1.304000000000010004e+02 3.088532361842252077e-02
-1.300000000000030127e+02 3.088159936630742453e-02
-1.296000000000009891e+02 3.087372154341722075e-02
-1.291999999999999886e+02 3.086730270589182340e-02
-1.288000000000020009e+02 3.087800076843422170e-02
-1.284000000000010004e+02 3.087269536710812029e-02
-1.280000000000030127e+02 3.087588209829942448e-02
-1.276000000000010033e+02 3.085466860690557270e-02
-1.272000000000000028e+02 3.085134661126737177e-02
-1.268000000000020009e+02 3.084531125910416893e-02
-1.264000000000010004e+02 3.084674033689982151e-02
-1.260000000000029985e+02 3.084518566124087174e-02
-1.256000000000010033e+02 3.084319628152252038e-02
-1.252000000000000028e+02 3.084227817136321950e-02
-1.248000000000020009e+02 3.083623844861557023e-02
-1.244000000000010004e+02 3.083665350608107147e-02
-1.240000000000029985e+02 3.083323550120677103e-02
-1.236000000000010033e+02 3.082878448903817251e-02
-1.232000000000000028e+02 3.082775726569777358e-02
-1.228000000000020009e+02 3.082817319783702145e-02
-1.224000000000010004e+02 3.082501203814007329e-02
-1.220000000000029985e+02 3.081808877091757326e-02
-1.216000000000010033e+02 3.080732673822002277e-02
-1.212000000000000028e+02 3.081072481460732024e-02
-1.208000000000020009e+02 3.080325881515262251e-02
-1.204000000000010004e+02 3.080477992532192066e-02
-1.200000000000029985e+02 3.080444151319712207e-02
-1.196000000000010033e+02 3.079743952211972183e-02
-1.192000000000000028e+02 3.079921531357882047e-02
-1.188000000000020009e+02 3.079250289163912302e-02
-1.184000000000010004e+02 3.079315180561041990e-02
-1.180000000000029985e+02 3.078713365184441997e-02
-1.176000000000010033e+02 3.078711271913562100e-02
-1.172000000000000028e+02 3.078411236421452202e-02
-1.168000000000020009e+02 3.078773372282862103e-02
-1.164000000000010004e+02 3.077941297109982113e-02
-1.160000000000029985e+02 3.078252147834942276e-02
-1.156000000000010033e+02 3.077688011334092297e-02
-1.152000000000000028e+02 3.076835053124097122e-02
-1.148000000000020009e+02 3.076677467329522186e-02
-1.144000000000010004e+02 3.076290013203147183e-02
-1.140000000000029985e+02 3.076028410010187009e-02
-1.136000000000010033e+02 3.075879386372112195e-02
-1.132000000000000028e+02 3.076051875103827382e-02
-1.128000000000020009e+02 3.075770747865042010e-02
-1.124000000000010004e+02 3.075316354565682184e-02
-1.120000000000029985e+02 3.075036898764266918e-02
-1.116000000000010033e+02 3.075270353887167227e-02
-1.112000000000000028e+02 3.075219862036717225e-02
-1.108000000000020009e+02 3.074820032157412134e-02
-1.104000000000010004e+02 3.074702266066191986e-02
-1.100000000000029985e+02 3.074231241571972334e-02
-1.096000000000010033e+02 3.074582016300717036e-02
-1.092000000000000028e+02 3.073879488099277163e-02
-1.088000000000020009e+02 3.072167951821952112e-02
-1.084000000000010004e+02 3.071976084369422086e-02
-1.080000000000029985e+02 3.071062015289751854e-02
-1.076000000000010033e+02 3.071341981590721901e-02
-1.072000000000000028e+02 3.071185284034212010e-02
-1.068000000000020009e+02 3.070509047023652072e-02
-1.064000000000010004e+02 3.070192866176291863e-02
-1.060000000000029985e+02 3.069615174517941955e-02
-1.056000000000010033e+02 3.069064991986181906e-02
-1.052000000000000028e+02 3.068938589290591892e-02
-1.048000000000020009e+02 3.068430192773902165e-02
-1.044000000000010004e+02 3.068441683928051916e-02
-1.040000000000029985e+02 3.067650535376052062e-02
-1.036000000000010033e+02 3.067884188843652063e-02
-1.032000000000000028e+02 3.067628249501342177e-02
-1.028000000000020009e+02 3.067351068934711864e-02
-1.024000000000010004e+02 3.066623992272482155e-02
-1.020000000000029985e+02 3.065084461894257081e-02
-1.016000000000010033e+02 3.064758774044262085e-02
-1.012000000000000028e+02 3.064569258851722322e-02
-1.008000000000020009e+02 3.064583182306886838e-02
-1.004000000000010004e+02 3.064534277392461786e-02
-1.000000000000029985e+02 3.063796906949712087e-02
-9.960000000000150067e+01 3.063530019318971842e-02
-9.920000000000000284e+01 3.063470214643261927e-02
-9.880000000000219984e+01 3.063144278638961840e-02
-9.840000000000070202e+01 3.062964155343341974e-02
-9.800000000000289901e+01 3.062617429510706979e-02
-9.760000000000150067e+01 3.062200896644261955e-02
-9.720000000000000284e+01 3.062463834780737235e-02
-9.680000000000219984e+01 3.062358898325617113e-02
-9.640000000000070202e+01 3.062031030462506950e-02
-9.600000000000289901e+01 3.060519927173582094e-02
-9.560000000000150067e+01 3.060687287765762044e-02
-9.520000000000000284e+01 3.060664371170151998e-02
-9.480000000000219984e+01 3.060108817337202358e-02
-9.440000000000070202e+01 3.060224789199832152e-02
-9.400000000000289901e+01 3.060448746838732165e-02
-9.360000000000150067e+01 3.060306733390191769e-02
-9.320000000000000284e+01 3.059861248660392108e-02
-9.280000000000219984e+01 3.059690068635612104e-02
-9.240000000000070202e+01 3.059695624173942169e-02
-9.200000000000289901e+01 3.058896321096782334e-02
-9.160000000000150067e+01 3.059524096928011722e-02
-9.120000000000000284e+01 3.059336944730541713e-02
-9.080000000000219984e+01 3.058751529879061987e-02
-9.040000000000070202e+01 3.058729307725752133e-02
-9.000000000000289901e+01 3.058089379154411980e-02
-8.960000000000150067e+01 3.057912990812452353e-02
-8.920000000000000284e+01 3.057050935954442120e-02
-8.880000000000219984e+01 3.056625763397077117e-02
-8.840000000000070202e+01 3.056261874757457142e-02
-8.800000000000289901e+01 3.056071944774697152e-02
-8.760000000000150067e+01 3.056166735854657160e-02
-8.720000000000000284e+01 3.056140520571202016e-02
-8.680000000000219984e+01 3.055521077384652090e-02
-8.640000000000070202e+01 3.055450764748772127e-02
-8.600000000000289901e+01 3.055596250294947275e-02
-8.560000000000150067e+01 3.055186702400372253e-02
-8.520000000000000284e+01 3.055022813566032197e-02
-8.480000000000219984e+01 3.054836876638201970e-02
-8.440000000000070202e+01 3.054654064262841973e-02
-8.400000000000289901e+01 3.054415175890377171e-02
-8.360000000000150067e+01 3.054308752476626865e-02
-8.320000000000000284e+01 3.051634720466872217e-02
-8.280000000000219984e+01 3.050614929989962226e-02
-8.240000000000070202e+01 3.051080207224911994e-02
-8.200000000000289901e+01 3.050609374440882079e-02
-8.160000000000150067e+01 3.050605902222712149e-02
-8.120000000000000284e+01 3.050052430646212065e-02
-8.080000000000219984e+01 3.049870486414031981e-02
-8.040000000000070202e+01 3.049520486822361945e-02
-8.000000000000289901e+01 3.049223959390532160e-02
-7.960000000000150067e+01 3.048796876555462040e-02
-7.920000000000000284e+01 3.048943056940481983e-02
-7.880000000000219984e+01 3.048772918250082162e-02
-7.840000000000070202e+01 3.048509724112702032e-02
-7.800000000000289901e+01 3.048517015770861940e-02
-7.760000000000150067e+01 3.048362502062232013e-02
-7.720000000000000284e+01 3.048552779618022082e-02
-7.680000000000219984e+01 3.047936808114432017e-02
-7.640000000000070202e+01 3.046929813833811757e-02
-7.600000000000289901e+01 3.046735716687076767e-02
-7.560000000000150067e+01 3.046622001501721883e-02
-7.520000000000000284e+01 3.046247001931021853e-02
-7.480000000000219984e+01 3.046244224059366928e-02
-7.440000000000070202e+01 3.046018356114967018e-02
-7.400000000000289901e+01 3.045827036829307222e-02
-7.360000000000150067e+01 3.045596655140477005e-02
-7.320000000000000284e+01 3.045293703843581987e-02
-7.280000000000219984e+01 3.045088842959711717e-02
-7.240000000000070202e+01 3.044999259608421882e-02
-7.200000000000289901e+01 3.044921134660507137e-02
-7.160000000000150067e+01 3.044652037694722119e-02
-7.120000000000000284e+01 3.044406899014456824e-02
-7.080000000000219984e+01 3.044099086621396971e-02
-7.040000000000070202e+01 3.041544696983902035e-02
-7.000000000000289901e+01 3.040510322547781974e-02
-6.960000000000150067e+01 3.040683933564251873e-02
-6.920000000000000284e+01 3.040621433598321779e-02
-6.880000000000219984e+01 3.040327336536421954e-02
-6.840000000000070202e+01 3.040422128151411968e-02
-6.800000000000289901e+01 3.040251642133241783e-02
-6.760000000000150067e+01 3.039892267329151812e-02
-6.720000000000000284e+01 3.039766225731192067e-02
-6.680000000000219984e+01 3.039606503596041856e-02
-6.640000000000070202e+01 3.039414837033862019e-02
-6.600000000000289901e+01 3.039446434238851982e-02
-6.560000000000150067e+01 3.039113101087231872e-02
-6.520000000000000284e+01 3.038581504154811916e-02
-6.480000000000219984e+01 3.038783934600012074e-02
-6.440000000000070202e+01 3.038564143053161873e-02
-6.400000000000289901e+01 3.038673517993531817e-02
-6.360000000000150067e+01 3.036058311427972112e-02
-6.320000000000000284e+01 3.036128971115282030e-02
-6.280000000000219984e+01 3.035817686551421993e-02
-6.240000000000070202e+01 3.035622200548116975e-02
-6.200000000000289901e+01 3.035610915826082029e-02
-6.160000000000150067e+01 3.035324284027036967e-02
-6.120000000000000284e+01 3.035153797999776831e-02
-6.080000000000219984e+01 3.034725152383957111e-02
-6.040000000000070202e+01 3.034550673300182022e-02
-6.000000000000289901e+01 3.034494076108391891e-02
-5.960000000000150067e+01 3.034003451364236659e-02
-5.920000000000000284e+01 3.033804666741752101e-02
-5.880000000000219984e+01 3.033961784708102266e-02
-5.840000000000070202e+01 3.033907444468007114e-02
-5.800000000000289901e+01 3.033430187773791809e-02
-5.760000000000150067e+01 3.031068453190931961e-02
-5.720000000000000284e+01 3.030779217217401816e-02
-5.680000000000219984e+01 3.030756300561641969e-02
-5.640000000000070202e+01 3.030852828293501694e-02
-5.600000000000289901e+01 3.030508384012901846e-02
-5.560000000000150067e+01 3.030488245133591829e-02
-5.520000000000000284e+01 3.030593453416881994e-02
-5.480000000000219984e+01 3.030344495201982291e-02
-5.440000000000070202e+01 3.030208384155611695e-02
-5.400000000000289901e+01 3.029931995398201655e-02
-5.360000000000150067e+01 3.029823662116402222e-02
-5.320000000000000284e+01 3.029482690056382183e-02
-5.280000000000219984e+01 3.029493801162202321e-02
-5.240000000000070202e+01 3.029479217835812088e-02
-5.200000000000289901e+01 3.029301092920542310e-02
-5.160000000000150067e+01 3.029333384571841759e-02
-5.120000000000000284e+01 3.030295186955482209e-02
-5.080000000000219984e+01 3.030293798110067147e-02
-5.040000000000070202e+01 3.030179909222776788e-02
-5.000000000000289901e+01 3.030322096942441798e-02
-4.960000000000150067e+01 3.029857513026422075e-02
-4.920000000000000284e+01 3.030020013180461866e-02
-4.880000000000219984e+01 3.030022270343531859e-02
-4.840000000000070202e+01 3.029896054955672283e-02
-4.800000000000289901e+01 3.029789110135841859e-02
-4.760000000000150067e+01 3.029849873946251909e-02
-4.720000000000000284e+01 3.029909943382402132e-02
-4.680000000000219984e+01 3.030082860656331881e-02
-4.640000000000070202e+01 3.030140499398002035e-02
-4.600000000000289901e+01 3.030354387933521798e-02
-4.560000000000150067e+01 3.030257686574861983e-02
-4.520000000000000284e+01 3.030368971258041999e-02
-4.480000000000219984e+01 3.030959766233772001e-02
-4.440000000000070202e+01 3.030506293246321842e-02
-4.400000000000289901e+01 3.030642404587111788e-02
-4.360000000000150067e+01 3.030675737976702006e-02
-4.320000000000000284e+01 3.030635112908142137e-02
-4.280000000000219984e+01 3.030542751641172178e-02
-4.240000000000070202e+01 3.030292403996492218e-02
-4.200000000000289901e+01 3.029967056225241900e-02
-4.160000000000150067e+01 3.030328167945731815e-02
-4.120000000000000284e+01 3.029777472571992120e-02
-4.080000000000219984e+01 3.030358376330041792e-02
-4.040000000000070202e+01 3.030111153690631665e-02
-4.000000000000289901e+01 3.030097612001111940e-02
-3.960000000000150067e+01 3.030287195654372129e-02
-3.920000000000000284e+01 3.029996570163941833e-02
-3.880000000000219984e+01 3.030461501504062155e-02
-3.840000000000070202e+01 3.030548307206101799e-02
-3.800000000000289901e+01 3.030310159454411775e-02
-3.760000000000150067e+01 3.030319708082606853e-02
-3.720000000000000284e+01 3.030346964983272190e-02
-3.680000000000219984e+01 3.030362416408591969e-02
-3.640000000000070202e+01 3.030436374852811879e-02
-3.600000000000289901e+01 3.030518666634392233e-02
-3.560000000000150067e+01 3.030603909820631797e-02
-3.520000000000000284e+01 3.030539499918821766e-02
-3.480000000000219984e+01 3.030442798376892233e-02
-3.440000000000070202e+01 3.030613805593941959e-02
-3.400000000000289901e+01 3.030512242954172195e-02
-3.360000000000150067e+01 3.030600611177082168e-02
-3.320000000000000284e+01 3.030644187624511807e-02
-3.280000000000219984e+01 3.030599916718736825e-02
-3.240000000000070202e+01 3.030710159970581921e-02
-3.200000000000289901e+01 3.031170276939942204e-02
-3.160000000000150067e+01 3.030847707151641812e-02
-3.119999999999999929e+01 3.031257082588031948e-02
-3.080000000000219984e+01 3.031190068627701711e-02
-3.040000000000069846e+01 3.031028957344852198e-02
-3.000000000000289901e+01 3.031047707364842303e-02
-2.960000000000150067e+01 3.031102221311841871e-02
-2.919999999999999929e+01 3.030927568347881879e-02
-2.880000000000219984e+01 3.031225832554711869e-02
-2.840000000000069846e+01 3.031358818807591837e-02
-2.800000000000289901e+01 3.031377916050161797e-02
-2.760000000000150067e+01 3.031207776979912005e-02
-2.719999999999999929e+01 3.031227568667681921e-02
-2.680000000000219984e+01 3.031203957531401760e-02
-2.640000000000069846e+01 3.031169582494751963e-02
-2.600000000000289901e+01 3.031188679737331637e-02
-2.560000000000150067e+01 3.031148054694032118e-02
-2.519999999999999929e+01 3.032379149270186813e-02
-2.480000000000219984e+01 3.032093029094656833e-02
-2.440000000000069846e+01 3.031502916157432018e-02
-2.400000000000289901e+01 3.031460554427747173e-02
-2.360000000000150067e+01 3.031426352196651963e-02
-2.319999999999999929e+01 3.031210378829706995e-02
-2.280000000000219984e+01 3.030928949466206793e-02
-2.240000000000069846e+01 3.030999086744212007e-02
-2.200000000000289901e+01 3.031035373645541917e-02
-2.160000000000150067e+01 3.030754640551281895e-02
-2.119999999999999929e+01 3.030438490070436891e-02
-2.080000000000219984e+01 3.030125467346311829e-02
-2.040000000000069846e+01 3.029986745959107122e-02
-2.000000000000289901e+01 3.030011573284022153e-02
-1.960000000000150067e+01 3.029850284672552102e-02
-1.919999999999999929e+01 3.030901130163952267e-02
-1.880000000000219984e+01 3.030829600273302060e-02
-1.840000000000069846e+01 3.030519868902181724e-02
-1.800000000000289901e+01 3.030618135693691900e-02
-1.760000000000150067e+01 3.030571953774002097e-02
-1.719999999999999929e+01 3.030602162999661980e-02
-1.680000000000219984e+01 3.030439310967091709e-02
-1.640000000000069846e+01 3.030158399891701854e-02
-1.600000000000289901e+01 3.030353544544812233e-02
-1.560000000000150067e+01 3.030111870739542190e-02
-1.519999999999999929e+01 3.030028534944612106e-02
-1.480000000000219984e+01 3.030173678120771930e-02
-1.440000000000070024e+01 3.029941032359952102e-02
-1.400000000000290079e+01 3.029777485862412273e-02
-1.360000000000150067e+01 3.029687552650391774e-02
-1.319999999999999929e+01 3.029292402089472230e-02
-1.280000000000219984e+01 3.029678871838421828e-02
-1.240000000000070024e+01 3.029594329314080903e-02
-1.200000000000290079e+01 3.029391697332486227e-02
-1.160000000000150067e+01 3.029511285154690842e-02
-1.119999999999999929e+01 3.029308671880521359e-02
-1.080000000000219984e+01 3.029586302195975966e-02
-1.040000000000070024e+01 3.029281955350601047e-02
-1.000000000000290079e+01 3.029449351407331043e-02
-9.600000000001449152e+00 3.029318797948971076e-02
-9.199999999999999289e+00 3.029468980111120827e-02
-8.800000000002180300e+00 3.029425054618856139e-02
-8.400000000000730438e+00 3.029817673868871047e-02
-8.000000000002909673e+00 3.029483791395706088e-02
-7.600000000001459810e+00 3.029594351085906218e-02
-7.200000000000000178e+00 3.029626337770380956e-02
-6.800000000002180300e+00 3.029885016015115839e-02
-6.400000000000730438e+00 3.030335612498979980e-02
-6.000000000002909673e+00 3.030215449865460153e-02
-5.600000000001459810e+00 3.029871979216449893e-02
-5.200000000000000178e+00 3.029526772113199859e-02
-4.800000000002180300e+00 3.029455230198440166e-02
-4.400000000000730438e+00 3.030244622296720050e-02
-4.000000000002909673e+00 3.030114040937740075e-02
-3.600000000001459810e+00 3.031003800091189998e-02
-3.200000000000000178e+00 3.031267046554229905e-02
-2.800000000002179856e+00 3.030281087835789977e-02
-2.400000000000729994e+00 3.030066809382370163e-02
-2.000000000002910117e+00 3.029202055170000102e-02
-1.600000000001460032e+00 3.029510796734170147e-02
-1.199999999999999956e+00 3.031182654878089924e-02
-8.000000000021829649e-01 3.031645593578929931e-02
-4.000000000007279954e-01 3.031417076200719832e-02
-2.910387209009709878e-12 3.039060253191000135e-02
