-2.208000000000020009e+02 -4.273437910292741435e+02
-2.204000000000010004e+02 -1.743933807211906242e+02
-2.200000000000030127e+02 -1.643944541382115858e+02
-2.196000000000009891e+02 -2.458638156722045096e+02
-2.191999999999999886e+02 -2.385925316231187026e+02
-2.188000000000020009e+02 -2.373382871931135014e+02
-2.184000000000010004e+02 -1.963319088446187379e+02
-2.180000000000030127e+02 -2.351499539295946306e+02
-2.176000000000009891e+02 -1.751387527750812296e+02
-2.171999999999999886e+02 -1.729250149811159645e+02
-2.168000000000020009e+02 -1.703002411031084193e+02
-2.164000000000010004e+02 -1.687793060956355475e+02
-2.160000000000030127e+02 -1.525900431216032302e+02
-2.156000000000009891e+02 -1.436754140085868130e+02
-2.151999999999999886e+02 -1.389505027575978602e+02
-2.148000000000020009e+02 -1.389639421845822653e+02
-2.144000000000010004e+02 -1.374758355176199984e+02
-2.140000000000030127e+02 -1.364838770271053363e+02
-2.136000000000009891e+02 -1.357006145105879114e+02
-2.131999999999999886e+02 -1.351599818341383070e+02
-2.128000000000020009e+02 -1.339317100785883667e+02
-2.124000000000010004e+02 -1.331890502926144109e+02
-2.120000000000030127e+02 -1.321557622401196568e+02
-2.116000000000009891e+02 -1.312671438836296147e+02
-2.111999999999999886e+02 -1.304033187805944181e+02
-2.108000000000020009e+02 -1.298463074801002222e+02
-2.104000000000010004e+02 -1.289035489850975864e+02
-2.100000000000030127e+02 -1.282239823401359899e+02
-2.096000000000009891e+02 -1.274175889451034891e+02
-2.091999999999999886e+02 -1.267832853855834401e+02
-2.088000000000020009e+02 -1.260631986156258790e+02
-2.084000000000010004e+02 -1.255371251946235134e+02
-2.080000000000030127e+02 -1.248539941411036125e+02
-2.076000000000009891e+02 -1.242733751350933744e+02
-2.071999999999999886e+02 -1.083593926279609150e+02
-2.068000000000020009e+02 -1.076941688099796011e+02
-2.064000000000010004e+02 -1.069998605579639843e+02
-2.060000000000030127e+02 -1.063283420459811168e+02
-2.056000000000009891e+02 -1.057139294530825282e+02
-2.051999999999999886e+02 -1.050459343050824828e+02
-2.048000000000020009e+02 -1.043280204312868591e+02
-2.044000000000010004e+02 -1.036902679244267347e+02
-2.040000000000030127e+02 -1.030113476995829842e+02
-2.036000000000009891e+02 -1.023459433791758784e+02
-2.031999999999999886e+02 -1.016593869426287711e+02
-2.028000000000020009e+02 -1.010317039164328889e+02
-2.024000000000010004e+02 -1.003489652779353491e+02
-2.020000000000030127e+02 -9.971603192183101783e+01
-2.016000000000009891e+02 -9.904749305163568351e+01
-2.011999999999999886e+02 -9.839749101428606082e+01
-2.008000000000020009e+02 -9.773093364327723975e+01
-2.004000000000010004e+02 -9.709447406343315379e+01
-2.000000000000030127e+02 -9.645435631388318143e+01
-1.996000000000009891e+02 -9.582279754753108136e+01
-1.991999999999999886e+02 -9.520437730523190112e+01
-1.988000000000020009e+02 -9.457215439148421865e+01
-1.984000000000010004e+02 -9.397392071703143301e+01
-1.980000000000030127e+02 -9.335900139463774394e+01
-1.976000000000009891e+02 -9.277544678433696390e+01
-1.971999999999999886e+02 -9.219208702413015999e+01
-1.968000000000020009e+02 -9.154157542399116210e+01
-1.964000000000010004e+02 -9.095001040349234245e+01
-1.960000000000030127e+02 -9.035924253549092100e+01
-1.956000000000009891e+02 -8.977908735019082087e+01
-1.951999999999999886e+02 -8.918901750829172670e+01
-1.948000000000020009e+02 -8.861439152089224081e+01
-1.944000000000010004e+02 -8.802704372989319381e+01
-1.940000000000030127e+02 -8.746356113278670819e+01
-1.936000000000009891e+02 -8.688618830428822548e+01
-1.931999999999999886e+02 -8.632159714578665444e+01
-1.928000000000020009e+02 -8.569529410840914352e+01
-1.924000000000010004e+02 -8.513935013956142939e+01
-1.920000000000030127e+02 -8.459757708701363299e+01
-1.916000000000009891e+02 -8.404010574151834589e+01
-1.911999999999999886e+02 -8.350078439541539410e+01
-1.908000000000020009e+02 -8.295654654792087968e+01
-1.904000000000010004e+02 -8.242038133936148370e+01
-1.900000000000030127e+02 -8.187608931332215434e+01
-1.896000000000009891e+02 -8.135025725837112986e+01
-1.891999999999999886e+02 -8.081696218551587663e+01
-1.888000000000020009e+02 -8.029402722802115022e+01
-1.884000000000010004e+02 -7.976792972527255188e+01
-1.880000000000030127e+02 -7.924484644001495326e+01
-1.876000000000009891e+02 -7.872101746591215488e+01
-1.871999999999999886e+02 -7.820801002376538236e+01
-1.868000000000020009e+02 -7.769487192076849169e+01
-1.864000000000010004e+02 -7.718121011506809737e+01
-1.860000000000030127e+02 -7.667351039521963685e+01
-1.856000000000009891e+02 -7.616643282326549524e+01
-1.851999999999999886e+02 -7.566639101717009908e+01
-1.848000000000020009e+02 -7.522032036373639130e+01
-1.844000000000010004e+02 -7.472567286473713466e+01
-1.840000000000030127e+02 -7.422925528174164356e+01
-1.836000000000009891e+02 -7.373903598572724150e+01
-1.831999999999999886e+02 -7.324938723174636834e+01
-1.828000000000020009e+02 -7.276075847875108593e+01
-1.824000000000010004e+02 -7.228126978874570341e+01
-1.820000000000030127e+02 -7.178969570875415229e+01
-1.816000000000009891e+02 -7.130990653374828980e+01
-1.811999999999999886e+02 -7.083348069974817918e+01
-1.808000000000020009e+02 -7.035549433174674050e+01
-1.804000000000010004e+02 -6.988160900175353163e+01
-1.800000000000030127e+02 -6.940764154374846839e+01
-1.796000000000009891e+02 -6.893118641173714423e+01
-1.791999999999999886e+02 -6.849554501548118424e+01
-1.788000000000020009e+02 -6.802103058513603173e+01
-1.784000000000010004e+02 -6.755827537583900266e+01
-1.780000000000030127e+02 -6.708876853344190749e+01
-1.776000000000009891e+02 -6.661697874654055340e+01
-1.771999999999999886e+02 -6.615568621468628407e+01
-1.768000000000020009e+02 -6.569313559923466528e+01
-1.764000000000010004e+02 -6.522903083298297133e+01
-1.760000000000030127e+02 -6.476932235839194618e+01
-1.756000000000009891e+02 -6.431416857189469738e+01
-1.751999999999999886e+02 -6.385945173984509893e+01
-1.748000000000020009e+02 -6.340439631253684638e+01
-1.744000000000010004e+02 -6.295123644158593379e+01
-1.740000000000030127e+02 -6.250253303823774331e+01
-1.736000000000009891e+02 -6.204866126373599400e+01
-1.731999999999999886e+02 -6.160412174494194915e+01
-1.728000000000020009e+02 -6.115991219054558314e+01
-1.724000000000010004e+02 -6.071904834168890375e+01
-1.720000000000030127e+02 -6.022849677243721089e+01
-1.716000000000009891e+02 -5.978931224823827506e+01
-1.711999999999999886e+02 -5.933472804913981236e+01
-1.708000000000020009e+02 -5.889202503563501523e+01
-1.704000000000010004e+02 -5.844899405113756075e+01
-1.700000000000030127e+02 -5.800787641783608706e+01
-1.696000000000009891e+02 -5.756815032223676099e+01
-1.691999999999999886e+02 -5.712990546433502459e+01
-1.688000000000020009e+02 -5.669147266413710895e+01
-1.684000000000010004e+02 -5.626191401873802533e+01
-1.680000000000030127e+02 -5.582444686113740318e+01
-1.676000000000009891e+02 -5.539025906803726684e+01
-1.671999999999999886e+02 -5.495939222663946566e+01
-1.668000000000020009e+02 -5.453027402613588492e+01
-1.664000000000010004e+02 -5.409807808183904854e+01
-1.660000000000030127e+02 -5.365268539258613600e+01
-1.656000000000009891e+02 -5.322625178334055818e+01
-1.651999999999999886e+02 -5.280085859428800177e+01
-1.648000000000020009e+02 -5.238389348938653711e+01
-1.644000000000010004e+02 -5.196079778374041780e+01
-1.640000000000030127e+02 -5.153927137898790534e+01
-1.636000000000009891e+02 -5.111353269528626697e+01
-1.631999999999999886e+02 -5.069780350378641742e+01
-1.628000000000020009e+02 -5.027809382783743786e+01
-1.624000000000010004e+02 -4.986069693208628451e+01
-1.620000000000030127e+02 -4.944424908418659470e+01
-1.616000000000009891e+02 -4.902503658413843368e+01
-1.611999999999999886e+02 -4.860956988138786983e+01
-1.608000000000020009e+02 -4.819792094353761058e+01
-1.604000000000010004e+02 -4.778118508073748671e+01
-1.600000000000030127e+02 -4.740102059793935041e+01
-1.596000000000009891e+02 -4.698783545793776284e+01
-1.591999999999999886e+02 -4.658916468813913525e+01
-1.588000000000020009e+02 -4.618346703704082756e+01
-1.584000000000010004e+02 -4.578406063234069734e+01
-1.580000000000030127e+02 -4.537876288693951210e+01
-1.576000000000009891e+02 -4.498299630373730906e+01
-1.571999999999999886e+02 -4.457840870324071147e+01
-1.568000000000020009e+02 -4.417316336433941615e+01
-1.564000000000010004e+02 -4.377610194413864519e+01
-1.560000000000030127e+02 -4.338203937493744888e+01
-1.556000000000009891e+02 -4.297816913173664943e+01
-1.551999999999999886e+02 -4.258879504723881837e+01
-1.548000000000020009e+02 -4.219085865953820758e+01
-1.544000000000010004e+02 -4.179475863783954992e+01
-1.540000000000030127e+02 -4.141062482224151609e+01
-1.536000000000009891e+02 -4.101399796003897791e+01
-1.531999999999999886e+02 -4.062614627283983282e+01
-1.528000000000020009e+02 -4.022959319248911925e+01
-1.524000000000010004e+02 -3.984377003068948397e+01
-1.520000000000030127e+02 -3.945069369829070638e+01
-1.516000000000009891e+02 -3.906150029414129676e+01
-1.511999999999999886e+02 -3.866722830803701072e+01
-1.508000000000020009e+02 -3.828945805043986184e+01
-1.504000000000010004e+02 -3.789926445029050228e+01
-1.500000000000030127e+02 -3.751280731234146515e+01
-1.496000000000009891e+02 -3.713060741399021936e+01
-1.491999999999999886e+02 -3.674981551273958758e+01
-1.488000000000020009e+02 -3.636242492418750771e+01
-1.484000000000010004e+02 -3.598117950118830777e+01
-1.480000000000030127e+02 -3.559588699458981864e+01
-1.476000000000009891e+02 -3.521416672403938719e+01
-1.471999999999999886e+02 -3.484187485623988323e+01
-1.468000000000020009e+02 -3.445587138804330607e+01
-1.464000000000010004e+02 -3.408598328553853207e+01
-1.460000000000030127e+02 -3.370727173184059211e+01
-1.456000000000009891e+02 -3.332982280863870983e+01
-1.451999999999999886e+02 -3.295823817183918436e+01
-1.448000000000020009e+02 -3.258448508814035449e+01
-1.444000000000010004e+02 -3.221092893764216569e+01
-1.440000000000030127e+02 -3.182761102354197646e+01
-1.436000000000009891e+02 -3.146247687954019057e+01
-1.431999999999999886e+02 -3.108868874133986537e+01
-1.428000000000020009e+02 -3.072125785354000982e+01
-1.424000000000010004e+02 -3.035617882693986758e+01
-1.420000000000030127e+02 -2.998446543264071806e+01
-1.416000000000009891e+02 -2.961708800393898855e+01
-1.411999999999999886e+02 -2.924917248074052623e+01
-1.408000000000020009e+02 -2.888355277814116562e+01
-1.404000000000010004e+02 -2.852190498559139087e+01
-1.400000000000030127e+02 -2.815911008563853102e+01
-1.396000000000009891e+02 -2.779357877539223409e+01
-1.391999999999999886e+02 -2.743149595173963462e+01
-1.388000000000020009e+02 -2.706404906803800259e+01
-1.384000000000010004e+02 -2.670212331659058691e+01
-1.380000000000030127e+02 -2.634065260208808468e+01
-1.376000000000009891e+02 -2.598009766458926606e+01
-1.371999999999999886e+02 -2.562009197238876368e+01
-1.368000000000020009e+02 -2.526093006524024531e+01
-1.364000000000010004e+02 -2.490684891994169448e+01
-1.360000000000030127e+02 -2.454520710073848022e+01
-1.356000000000009891e+02 -2.419416309163716505e+01
-1.351999999999999886e+02 -2.383175414854122209e+01
-1.348000000000020009e+02 -2.347475680513889529e+01
-1.344000000000010004e+02 -2.311332092513839598e+01
-1.340000000000030127e+02 -2.275725848164074705e+01
-1.336000000000009891e+02 -2.240268640533759026e+01
-1.331999999999999886e+02 -2.204432600853760960e+01
-1.328000000000020009e+02 -2.169650778413779335e+01
-1.324000000000010004e+02 -2.134184232843836071e+01
-1.320000000000030127e+02 -2.098901052723886096e+01
-1.316000000000009891e+02 -2.063930126154082245e+01
-1.311999999999999886e+02 -2.028191485553907114e+01
-1.308000000000020009e+02 -1.993534451463710866e+01
-1.304000000000010004e+02 -1.958740346243939712e+01
-1.300000000000030127e+02 -1.923979278973638429e+01
-1.296000000000009891e+02 -1.888391283673627186e+01
-1.291999999999999886e+02 -1.853829159603992593e+01
-1.288000000000020009e+02 -1.818755611233791569e+01
-1.284000000000010004e+02 -1.783989411734000896e+01
-1.280000000000030127e+02 -1.749503719123822520e+01
-1.276000000000010033e+02 -1.716306459416227881e+01
-1.272000000000000028e+02 -1.681557478051399812e+01
-1.268000000000020009e+02 -1.646827117306384025e+01
-1.264000000000010004e+02 -1.612418727881231462e+01
-1.260000000000029985e+02 -1.578094467791015632e+01
-1.256000000000010033e+02 -1.543655909706285456e+01
-1.252000000000000028e+02 -1.509421229241343099e+01
-1.248000000000020009e+02 -1.475499447586116730e+01
-1.244000000000010004e+02 -1.440927188031491823e+01
-1.240000000000029985e+02 -1.407079059316311032e+01
-1.236000000000010033e+02 -1.372938392001378816e+01
-1.232000000000000028e+02 -1.338851495011113002e+01
-1.228000000000020009e+02 -1.304897843976141303e+01
-1.224000000000010004e+02 -1.271489975546501228e+01
-1.220000000000029985e+02 -1.237765476571439649e+01
-1.216000000000010033e+02 -1.202162918078829534e+01
-1.212000000000000028e+02 -1.169156170799033134e+01
-1.208000000000020009e+02 -1.135198542148646084e+01
-1.204000000000010004e+02 -1.101177507939064526e+01
-1.200000000000029985e+02 -1.067898649688868318e+01
-1.196000000000010033e+02 -1.034589349948873860e+01
-1.192000000000000028e+02 -1.000620545868878253e+01
-1.188000000000020009e+02 -9.673040504287200747e+00
-1.184000000000010004e+02 -9.336483191389561398e+00
-1.180000000000029985e+02 -9.001269434287678450e+00
-1.176000000000010033e+02 -8.673877513789193472e+00
-1.172000000000000028e+02 -8.341390307887195377e+00
-1.168000000000020009e+02 -8.003839267486910103e+00
-1.164000000000010004e+02 -7.674910072488273727e+00
-1.160000000000029985e+02 -7.340577826787921367e+00
-1.156000000000010033e+02 -7.009303607886977261e+00
-1.152000000000000028e+02 -6.680952605911443243e+00
-1.148000000000020009e+02 -6.353119078714371426e+00
-1.144000000000010004e+02 -6.022428251915698638e+00
-1.140000000000029985e+02 -5.690895162311790045e+00
-1.136000000000010033e+02 -5.364176890212547733e+00
-1.132000000000000028e+02 -5.034522535261203302e+00
-1.128000000000020009e+02 -4.709398179762501968e+00
-1.124000000000010004e+02 -4.381601846765988739e+00
-1.120000000000029985e+02 -4.050743633812089683e+00
-1.116000000000010033e+02 -3.730771252510749036e+00
-1.112000000000000028e+02 -3.400413700710487319e+00
-1.108000000000020009e+02 -3.078102290863171220e+00
-1.104000000000010004e+02 -2.753762906362680951e+00
-1.100000000000029985e+02 -2.427160339011606993e+00
-1.096000000000010033e+02 -2.105600349514133995e+00
-1.092000000000000028e+02 -1.778426055312593235e+00
-1.088000000000020009e+02 -1.454400040336622624e+00
-1.084000000000010004e+02 -1.129417483640281716e+00
-1.080000000000029985e+02 -8.083296832373889629e-01
-1.076000000000010033e+02 -4.806363675379543565e-01
-1.072000000000000028e+02 -1.575185849396802951e-01
-1.068000000000020009e+02 1.572845152586523909e-01
-1.064000000000010004e+02 4.796214152629545424e-01
-1.060000000000029985e+02 8.018133323603251483e-01
-1.056000000000010033e+02 1.122754320258536609e+00
-1.052000000000000028e+02 1.444385510363645153e+00
-1.048000000000020009e+02 1.765351399462815607e+00
-1.044000000000010004e+02 2.087955830760620302e+00
-1.040000000000029985e+02 2.410152004562405637e+00
-1.036000000000010033e+02 2.720982469563750783e+00
-1.032000000000000028e+02 3.041270598361734301e+00
-1.028000000000020009e+02 3.359870513962960104e+00
-1.024000000000010004e+02 3.678261062461388065e+00
-1.020000000000029985e+02 3.983221740687440615e+00
-1.016000000000010033e+02 4.305975887036765926e+00
-1.012000000000000028e+02 4.628860061136947479e+00
-1.008000000000020009e+02 4.944226154733769363e+00
-1.004000000000010004e+02 5.260992579937010305e+00
-1.000000000000029985e+02 5.579246621586207766e+00
-9.960000000000150067e+01 5.896234489486232633e+00
-9.920000000000000284e+01 6.214803211238177028e+00
-9.880000000000219984e+01 6.530072747686062939e+00
-9.840000000000070202e+01 6.848203208439372247e+00
-9.800000000000289901e+01 7.164214266387716634e+00
-9.760000000000150067e+01 7.479677299335889984e+00
-9.720000000000000284e+01 7.792789476436155383e+00
-9.680000000000219984e+01 8.109938810488529271e+00
-9.640000000000070202e+01 8.421355340335139772e+00
-9.600000000000289901e+01 8.746322967013838934e+00
-9.560000000000150067e+01 9.062365308811422437e+00
-9.520000000000000284e+01 9.378230003112548729e+00
-9.480000000000219984e+01 9.690153816412930610e+00
-9.440000000000070202e+01 1.000438330821270938e+01
-9.400000000000289901e+01 1.031588776961143594e+01
-9.360000000000150067e+01 1.063291503501022817e+01
-9.320000000000000284e+01 1.093820097641219036e+01
-9.280000000000219984e+01 1.125305508881137939e+01
-9.240000000000070202e+01 1.156758855501175276e+01
-9.200000000000289901e+01 1.187714776811117190e+01
-9.160000000000150067e+01 1.218892171790866996e+01
-9.120000000000000284e+01 1.249522174181038281e+01
-9.080000000000219984e+01 1.280863363440948888e+01
-9.040000000000070202e+01 1.311912538221076829e+01
-9.000000000000289901e+01 1.343169962291358388e+01
-8.960000000000150067e+01 1.374155853090996970e+01
-8.920000000000000284e+01 1.406330566088581691e+01
-8.880000000000219984e+01 1.436916333658518852e+01
-8.840000000000070202e+01 1.467138717043781071e+01
-8.800000000000289901e+01 1.497619690378269297e+01
-8.760000000000150067e+01 1.527835560738822096e+01
-8.720000000000000284e+01 1.558245015998545568e+01
-8.680000000000219984e+01 1.588446370958627085e+01
-8.640000000000070202e+01 1.618764878958609188e+01
-8.600000000000289901e+01 1.648744653648827807e+01
-8.560000000000150067e+01 1.678849915658429381e+01
-8.520000000000000284e+01 1.709223492933597299e+01
-8.480000000000219984e+01 1.739004560533430777e+01
-8.440000000000070202e+01 1.768882298363678274e+01
-8.400000000000289901e+01 1.799050980283573153e+01
-8.360000000000150067e+01 1.828766213758717640e+01
-8.320000000000000284e+01 1.856206148826095159e+01
-8.280000000000219984e+01 1.885873973326306441e+01
-8.240000000000070202e+01 1.915180625416178373e+01
-8.200000000000289901e+01 1.944266485145999468e+01
-8.160000000000150067e+01 1.973536030485774972e+01
-8.120000000000000284e+01 2.002454210725773009e+01
-8.080000000000219984e+01 2.031700828676184756e+01
-8.040000000000070202e+01 2.060917946405970724e+01
-8.000000000000289901e+01 2.089435233916083234e+01
-7.960000000000150067e+01 2.118400419376121135e+01
-7.920000000000000284e+01 2.147369857025842066e+01
-7.880000000000219984e+01 2.175891972556200926e+01
-7.840000000000070202e+01 2.204921078285769909e+01
-7.800000000000289901e+01 2.233822100686302292e+01
-7.760000000000150067e+01 2.262041087056059041e+01
-7.720000000000000284e+01 2.290565799746036646e+01
-7.680000000000219984e+01 2.319047877275806968e+01
-7.640000000000070202e+01 2.346748164546079352e+01
-7.600000000000289901e+01 2.375028187916177558e+01
-7.560000000000150067e+01 2.403015208470969810e+01
-7.520000000000000284e+01 2.431217554786053370e+01
-7.480000000000219984e+01 2.459270523026134470e+01
-7.440000000000070202e+01 2.487230556181020802e+01
-7.400000000000289901e+01 2.514984868256215123e+01
-7.360000000000150067e+01 2.542593847481111879e+01
-7.320000000000000284e+01 2.570341105565967155e+01
-7.280000000000219984e+01 2.597588388440999552e+01
-7.240000000000070202e+01 2.625172999691130826e+01
-7.200000000000289901e+01 2.652685916476184502e+01
-7.160000000000150067e+01 2.680339730525884079e+01
-7.120000000000000284e+01 2.707116849131125491e+01
-7.080000000000219984e+01 2.734107584535740898e+01
-7.040000000000070202e+01 2.761625219806228415e+01
-7.000000000000289901e+01 2.788638903886385378e+01
-6.960000000000150067e+01 2.815453419226105325e+01
-6.920000000000000284e+01 2.841805261666377191e+01
-6.880000000000219984e+01 2.868886206996103283e+01
-6.840000000000070202e+01 2.895225235506222816e+01
-6.800000000000289901e+01 2.921673384136011009e+01
-6.760000000000150067e+01 2.948242905576262274e+01
-6.720000000000000284e+01 2.974235031926218653e+01
-6.680000000000219984e+01 3.000603986066198559e+01
-6.640000000000070202e+01 3.026652548616038985e+01
-6.600000000000289901e+01 3.052507983526083990e+01
-6.560000000000150067e+01 3.078399279975928948e+01
-6.520000000000000284e+01 3.104037035576402559e+01
-6.480000000000219984e+01 3.129665666816072189e+01
-6.440000000000070202e+01 3.154952876665993244e+01
-6.400000000000289901e+01 3.180683143165879301e+01
-6.360000000000150067e+01 3.202538134438509587e+01
-6.320000000000000284e+01 3.228000328868438373e+01
-6.280000000000219984e+01 3.252887027398537612e+01
-6.240000000000070202e+01 3.278175322998504271e+01
-6.200000000000289901e+01 3.302763675623646122e+01
-6.160000000000150067e+01 3.327814623393715010e+01
-6.120000000000000284e+01 3.352432339898587088e+01
-6.080000000000219984e+01 3.376796264748554677e+01
-6.040000000000070202e+01 3.401053354023679276e+01
-6.000000000000289901e+01 3.425010617488806020e+01
-5.960000000000150067e+01 3.449288037348378566e+01
-5.920000000000000284e+01 3.472914212023533764e+01
-5.880000000000219984e+01 3.496615626723723835e+01
-5.840000000000070202e+01 3.520200928563644993e+01
-5.800000000000289901e+01 3.543329442573667620e+01
-5.760000000000150067e+01 3.569881534741216456e+01
-5.720000000000000284e+01 3.592953955821212730e+01
-5.680000000000219984e+01 3.616546955110970885e+01
-5.640000000000070202e+01 3.639561636001235456e+01
-5.600000000000289901e+01 3.662337123131146654e+01
-5.560000000000150067e+01 3.684855151921146899e+01
-5.520000000000000284e+01 3.707528458040906116e+01
-5.480000000000219984e+01 3.729967352441235562e+01
-5.440000000000070202e+01 3.752069049371129950e+01
-5.400000000000289901e+01 3.773811059791114531e+01
-5.360000000000150067e+01 3.795846816600897000e+01
-5.320000000000000284e+01 3.817323397491054493e+01
-5.280000000000219984e+01 3.838603131701165694e+01
-5.240000000000070202e+01 3.860052201811049599e+01
-5.200000000000289901e+01 3.880734438871149905e+01
-5.160000000000150067e+01 3.901410496831158525e+01
-5.120000000000000284e+01 3.923281220380886225e+01
-5.080000000000219984e+01 3.943421091130949208e+01
-5.040000000000070202e+01 3.963279361840977799e+01
-5.000000000000289901e+01 3.982753214930926333e+01
-4.960000000000150067e+01 4.002308759516017744e+01
-4.920000000000000284e+01 4.021310686826109304e+01
-4.880000000000219984e+01 4.040302190596048604e+01
-4.840000000000070202e+01 4.059137317525892286e+01
-4.800000000000289901e+01 4.077304399710919824e+01
-4.760000000000150067e+01 4.095833065455735778e+01
-4.720000000000000284e+01 4.113488510575916735e+01
-4.680000000000219984e+01 4.130951177950919373e+01
-4.640000000000070202e+01 4.148316696950860205e+01
-4.600000000000289901e+01 4.165341212820931105e+01
-4.560000000000150067e+01 4.182069311571103754e+01
-4.520000000000000284e+01 4.198429350885999156e+01
-4.480000000000219984e+01 4.212847122750827111e+01
-4.440000000000070202e+01 4.228495557931091753e+01
-4.400000000000289901e+01 4.243611980740752188e+01
-4.360000000000150067e+01 4.258472372800679295e+01
-4.320000000000000284e+01 4.272870335200786940e+01
-4.280000000000219984e+01 4.287218923200634890e+01
-4.240000000000070202e+01 4.301233257110652630e+01
-4.200000000000289901e+01 4.314875365020634490e+01
-4.160000000000150067e+01 4.328134588170723873e+01
-4.120000000000000284e+01 4.341258484850914101e+01
-4.080000000000219984e+01 4.353738121800779481e+01
-4.040000000000070202e+01 4.366557082950748736e+01
-4.000000000000289901e+01 4.378188885920826579e+01
-3.960000000000150067e+01 4.389616340670909267e+01
-3.920000000000000284e+01 4.401046194480659324e+01
-3.880000000000219984e+01 4.411732824321006774e+01
-3.840000000000070202e+01 4.422478228730687988e+01
-3.800000000000289901e+01 4.430497888876197976e+01
-3.760000000000150067e+01 4.440358815360741573e+01
-3.720000000000000284e+01 4.449721662990850746e+01
-3.680000000000219984e+01 4.458849871955681010e+01
-3.640000000000070202e+01 4.467423157886150875e+01
-3.600000000000289901e+01 4.475312913280868088e+01
-3.560000000000150067e+01 4.483177229420834919e+01
-3.520000000000000284e+01 4.490307575965925935e+01
-3.480000000000219984e+01 4.497216373185801785e+01
-3.440000000000070202e+01 4.503405267295966041e+01
-3.400000000000289901e+01 4.509284603385822265e+01
-3.360000000000150067e+01 4.514403005435815430e+01
-3.320000000000000284e+01 4.519231791791025898e+01
-3.280000000000219984e+01 4.523463028215701343e+01
-3.240000000000070202e+01 4.526733377841082984e+01
-3.200000000000289901e+01 4.531928244981099851e+01
-3.160000000000150067e+01 4.534952911291111377e+01
-3.119999999999999929e+01 4.537227583290950861e+01
-3.080000000000219984e+01 4.538905700500981766e+01
-3.040000000000069846e+01 4.539969071991072269e+01
-3.000000000000289901e+01 4.540420933700806927e+01
-2.960000000000150067e+01 4.540302050951140700e+01
-2.919999999999999929e+01 4.539483368481160142e+01
-2.880000000000219984e+01 4.538196442630942329e+01
-2.840000000000069846e+01 4.536435063901080866e+01
-2.800000000000289901e+01 4.533687578831086284e+01
-2.760000000000150067e+01 4.530328112870847690e+01
-2.719999999999999929e+01 4.525940317491040332e+01
-2.680000000000219984e+01 4.521317945091141155e+01
-2.640000000000069846e+01 4.515635950530850096e+01
-2.600000000000289901e+01 4.509467932490952080e+01
-2.560000000000150067e+01 4.502302195670927176e+01
-2.519999999999999929e+01 4.494416700793590280e+01
-2.480000000000219984e+01 4.486160815983384964e+01
-2.440000000000069846e+01 4.476739900793472771e+01
-2.400000000000289901e+01 4.466692687428439967e+01
-2.360000000000150067e+01 4.455684367313369876e+01
-2.319999999999999929e+01 4.443724831913641538e+01
-2.280000000000219984e+01 4.431330873778279056e+01
-2.240000000000069846e+01 4.417152099378654384e+01
-2.200000000000289901e+01 4.402617254333381425e+01
-2.160000000000150067e+01 4.387230452683434123e+01
-2.119999999999999929e+01 4.370493829813494813e+01
-2.080000000000219984e+01 4.353287353028645157e+01
-2.040000000000069846e+01 4.334472283178547514e+01
-2.000000000000289901e+01 4.314805660028287093e+01
-1.960000000000150067e+01 4.294111010723645450e+01
-1.919999999999999929e+01 4.273088452235970180e+01
-1.880000000000219984e+01 4.249919997895995039e+01
-1.840000000000069846e+01 4.225941364655955113e+01
-1.800000000000289901e+01 4.200037176796104177e+01
-1.760000000000150067e+01 4.173681159456100431e+01
-1.719999999999999929e+01 4.145729362295969622e+01
-1.680000000000219984e+01 4.116241576765969512e+01
-1.640000000000069846e+01 4.085415150846165488e+01
-1.600000000000289901e+01 4.053244408745740657e+01
-1.560000000000150067e+01 4.019279703565916861e+01
-1.519999999999999929e+01 3.983963240965749719e+01
-1.480000000000219984e+01 3.946418233005897491e+01
-1.440000000000070024e+01 3.908504079985868884e+01
-1.400000000000290079e+01 3.867733199795839028e+01
-1.360000000000150067e+01 3.825580362965774839e+01
-1.319999999999999929e+01 3.781532991736094118e+01
-1.280000000000219984e+01 3.735966849566102610e+01
-1.240000000000070024e+01 3.687335179687943310e+01
-1.200000000000290079e+01 3.637711123947883607e+01
-1.160000000000150067e+01 3.585501417877821950e+01
-1.119999999999999929e+01 3.530742296222524601e+01
-1.080000000000219984e+01 3.474087469062578748e+01
-1.040000000000070024e+01 3.414674051097608753e+01
-1.000000000000290079e+01 3.353043869373141206e+01
-9.600000000001449152e+00 3.288422449002973735e+01
-9.199999999999999289e+00 3.220968813803119701e+01
-8.800000000002180300e+00 3.150499001302887336e+01
-8.400000000000730438e+00 3.076594396702785161e+01
-8.000000000002909673e+00 2.999087419423085521e+01
-7.600000000001459810e+00 2.918676050217982265e+01
-7.200000000000000178e+00 2.833493688577800640e+01
-6.800000000002180300e+00 2.744717002292964025e+01
-6.400000000000730438e+00 2.652884713720050058e+01
-6.000000000002909673e+00 2.554920717999993940e+01
-5.600000000001459810e+00 2.453043411429825937e+01
-5.200000000000000178e+00 2.345115542490020744e+01
-4.800000000002180300e+00 2.232410341590002645e+01
-4.400000000000730438e+00 2.113337135750043672e+01
-4.000000000002909673e+00 1.987358244710048893e+01
-3.600000000001459810e+00 1.852729281219944824e+01
-3.200000000000000178e+00 1.711267052729817806e+01
-2.800000000002179856e+00 1.559277362489956431e+01
-2.400000000000729994e+00 1.396822648189845495e+01
-2.000000000002910117e+00 1.222329135270047118e+01
-1.600000000001460032e+00 1.032704806040055701e+01
-1.199999999999999956e+00 8.250477879100799328e+00
-8.000000000021829649e-01 5.943672248398797819e+00
-4.000000000007279954e-01 3.284434614997735480e+00
-2.910387209009709878e-12 0.000000000000000000e+00
