-2.168000000000020009e+02 -2.165458447008932126e+02
-2.164000000000010004e+02 -2.154810281668978860e+02
-2.160000000000030127e+02 -2.145143250328619615e+02
-2.156000000000009891e+02 -2.136321697584135109e+02
-2.151999999999999886e+02 -1.496054811058784253e+02
-2.148000000000020009e+02 -1.491898768373866915e+02
-2.144000000000010004e+02 -1.474333937503761263e+02
-2.140000000000030127e+02 -1.467195510108649614e+02
-2.136000000000009891e+02 -1.453916073158688960e+02
-2.131999999999999886e+02 -1.444587769748832216e+02
-2.128000000000020009e+02 -1.414212793444094132e+02
-2.124000000000010004e+02 -1.408012482609119616e+02
-2.120000000000030127e+02 -1.391689430158803589e+02
-2.116000000000009891e+02 -1.356608903279047809e+02
-2.111999999999999886e+02 -1.350129660978927859e+02
-2.108000000000020009e+02 -1.335780499238680932e+02
-2.104000000000010004e+02 -1.328556701954003074e+02
-2.100000000000030127e+02 -1.320992102918607998e+02
-2.096000000000009891e+02 -1.313383701403872692e+02
-2.091999999999999886e+02 -1.304701803094139905e+02
-2.088000000000020009e+02 -1.297504533763931249e+02
-2.084000000000010004e+02 -1.289711509473781916e+02
-2.080000000000030127e+02 -1.282929961124100373e+02
-2.076000000000009891e+02 -1.275834563833705033e+02
-2.191999999999999886e+02 -1.397992734322448086e+03
-2.188000000000020009e+02 -1.397649848787441442e+03
-2.184000000000010004e+02 -1.216017046414439392e+03
-2.180000000000030127e+02 -1.395419720540441631e+03
-2.176000000000009891e+02 -5.699178057954486576e+02
-2.171999999999999886e+02 -2.758936991284499527e+02
-2.071999999999999886e+02 -1.113979675044320174e+02
-2.068000000000020009e+02 -1.105168052044537035e+02
-2.064000000000010004e+02 -1.097654149644440622e+02
-2.060000000000030127e+02 -1.090752110224348144e+02
-2.056000000000009891e+02 -1.082031808948377147e+02
-2.051999999999999886e+02 -1.074057967839835328e+02
-2.048000000000020009e+02 -1.067098348784456903e+02
-2.044000000000010004e+02 -1.058710823759902269e+02
-2.040000000000030127e+02 -1.051458814259858627e+02
-2.036000000000009891e+02 -1.043970878134459781e+02
-2.031999999999999886e+02 -1.037029720482933044e+02
-2.028000000000020009e+02 -1.028802773230854655e+02
-2.024000000000010004e+02 -1.022539977231936064e+02
-2.020000000000030127e+02 -1.015232433749952179e+02
-2.016000000000009891e+02 -1.007260749527449661e+02
-2.011999999999999886e+02 -1.000578770120409899e+02
-2.008000000000020009e+02 -9.928251929238103912e+01
-2.004000000000010004e+02 -9.858852190414472716e+01
-2.000000000000030127e+02 -9.789618687098845840e+01
-1.996000000000009891e+02 -9.723378411973317270e+01
-1.991999999999999886e+02 -9.657694971164164599e+01
-1.988000000000020009e+02 -9.594994709624006646e+01
-1.984000000000010004e+02 -9.530657964554484352e+01
-1.980000000000030127e+02 -9.467746331854141317e+01
-1.976000000000009891e+02 -9.402574705823280965e+01
-1.971999999999999886e+02 -9.346774780639316305e+01
-1.968000000000020009e+02 -9.285205299623339670e+01
-1.964000000000010004e+02 -9.227332320393179543e+01
-1.960000000000030127e+02 -9.161613969362952048e+01
-1.956000000000009891e+02 -9.099396946033084532e+01
-1.951999999999999886e+02 -9.038468178573384648e+01
-1.948000000000020009e+02 -8.981240662273194175e+01
-1.944000000000010004e+02 -8.916322278982988792e+01
-1.940000000000030127e+02 -8.859281574663327774e+01
-1.936000000000009891e+02 -8.799323291562905069e+01
-1.931999999999999886e+02 -8.740425654653517995e+01
-1.928000000000020009e+02 -8.675971191079224809e+01
-1.924000000000010004e+02 -8.618821908258541953e+01
-1.920000000000030127e+02 -8.562801581654275651e+01
-1.916000000000009891e+02 -8.503771675203461200e+01
-1.911999999999999886e+02 -8.446420250579467393e+01
-1.908000000000020009e+02 -8.389863595143469865e+01
-1.904000000000010004e+02 -8.333251162404485513e+01
-1.900000000000030127e+02 -8.277040655738528585e+01
-1.896000000000009891e+02 -8.219942874429398216e+01
-1.891999999999999886e+02 -8.164864669529561070e+01
-1.888000000000020009e+02 -8.110157290838469635e+01
-1.884000000000010004e+02 -8.053290523508985643e+01
-1.880000000000030127e+02 -7.998769591233940446e+01
-1.876000000000009891e+02 -7.941869801134453155e+01
-1.871999999999999886e+02 -7.890697754474240355e+01
-1.868000000000020009e+02 -7.836471856733987806e+01
-1.864000000000010004e+02 -7.784171526983482181e+01
-1.860000000000030127e+02 -7.731554673203936545e+01
-1.856000000000009891e+02 -7.679697943778955960e+01
-1.851999999999999886e+02 -7.628569619643894839e+01
-1.848000000000020009e+02 -7.580156019723654026e+01
-1.844000000000010004e+02 -7.526408471624745289e+01
-1.840000000000030127e+02 -7.476136972325184615e+01
-1.836000000000009891e+02 -7.424244162423565285e+01
-1.831999999999999886e+02 -7.375344699226116063e+01
-1.828000000000020009e+02 -7.322882703424693318e+01
-1.824000000000010004e+02 -7.272900756126182387e+01
-1.820000000000030127e+02 -7.222838900224451208e+01
-1.816000000000009891e+02 -7.173401617224590154e+01
-1.811999999999999886e+02 -7.124349595624516951e+01
-1.808000000000020009e+02 -7.074930253224010812e+01
-1.804000000000010004e+02 -7.028031533025932731e+01
-1.800000000000030127e+02 -6.979367479225766147e+01
-1.796000000000009891e+02 -6.930057968825713033e+01
-1.791999999999999886e+02 -6.886539988806180190e+01
-1.788000000000020009e+02 -6.838708193361526355e+01
-1.784000000000010004e+02 -6.789667110481968848e+01
-1.780000000000030127e+02 -6.741767553691897774e+01
-1.776000000000009891e+02 -6.692944857681868598e+01
-1.771999999999999886e+02 -6.646824956692580599e+01
-1.768000000000020009e+02 -6.599912288961786544e+01
-1.764000000000010004e+02 -6.552337523672031239e+01
-1.760000000000030127e+02 -6.506319549166801153e+01
-1.756000000000009891e+02 -6.460680304851848632e+01
-1.751999999999999886e+02 -6.414263810976262903e+01
-1.748000000000020009e+02 -6.369672677541529993e+01
-1.744000000000010004e+02 -6.322867867586683133e+01
-1.740000000000030127e+02 -6.277679492876632139e+01
-1.736000000000009891e+02 -6.230524258646619273e+01
-1.731999999999999886e+02 -6.186838033381354762e+01
-1.728000000000020009e+02 -6.141941419621434761e+01
-1.724000000000010004e+02 -6.096512923076443258e+01
-1.720000000000030127e+02 -6.047218551488913363e+01
-1.716000000000009891e+02 -6.002277843698902871e+01
-1.711999999999999886e+02 -5.956388015778793488e+01
-1.708000000000020009e+02 -5.911784491388971219e+01
-1.704000000000010004e+02 -5.866827264498715522e+01
-1.700000000000030127e+02 -5.822891792088921648e+01
-1.696000000000009891e+02 -5.778530710248742253e+01
-1.691999999999999886e+02 -5.733191114719011239e+01
-1.688000000000020009e+02 -5.690466638709040126e+01
-1.684000000000010004e+02 -5.647551951139030280e+01
-1.680000000000030127e+02 -5.604345262919014203e+01
-1.676000000000009891e+02 -5.560409791998972651e+01
-1.671999999999999886e+02 -5.516972807078855112e+01
-1.668000000000020009e+02 -5.475081331238834537e+01
-1.664000000000010004e+02 -5.430979940238830750e+01
-1.660000000000030127e+02 -5.385417866738862358e+01
-1.656000000000009891e+02 -5.342205348968855105e+01
-1.651999999999999886e+02 -5.299864699158933945e+01
-1.648000000000020009e+02 -5.258959146204142598e+01
-1.644000000000010004e+02 -5.216164221554208780e+01
-1.640000000000030127e+02 -5.174333476973697543e+01
-1.636000000000009891e+02 -5.132469330908861593e+01
-1.631999999999999886e+02 -5.091739051029071561e+01
-1.628000000000020009e+02 -5.050081757413863670e+01
-1.624000000000010004e+02 -5.008164652418781770e+01
-1.620000000000030127e+02 -4.967874557618779363e+01
-1.616000000000009891e+02 -4.925969113453902537e+01
-1.611999999999999886e+02 -4.884953757408948150e+01
-1.608000000000020009e+02 -4.844096303924015956e+01
-1.604000000000010004e+02 -4.801135215723843430e+01
-1.600000000000030127e+02 -4.764862223598902347e+01
-1.596000000000009891e+02 -4.724031371298769955e+01
-1.591999999999999886e+02 -4.684920449848868884e+01
-1.588000000000020009e+02 -4.644887372778975987e+01
-1.584000000000010004e+02 -4.606837316968812956e+01
-1.580000000000030127e+02 -4.564702912708889926e+01
-1.576000000000009891e+02 -4.524988071948973811e+01
-1.571999999999999886e+02 -4.486057402528967941e+01
-1.568000000000020009e+02 -4.447152726538843126e+01
-1.564000000000010004e+02 -4.406291993489139713e+01
-1.560000000000030127e+02 -4.369665497318783309e+01
-1.556000000000009891e+02 -4.327781308648991399e+01
-1.551999999999999886e+02 -4.289387024308962282e+01
-1.548000000000020009e+02 -4.250121600009151734e+01
-1.544000000000010004e+02 -4.211393532408692408e+01
-1.540000000000030127e+02 -4.173969502748877858e+01
-1.536000000000009891e+02 -4.134591359268961241e+01
-1.531999999999999886e+02 -4.100185209916526219e+01
-1.528000000000020009e+02 -4.060669934456382180e+01
-1.524000000000010004e+02 -4.022823574126596213e+01
-1.520000000000030127e+02 -3.983354939916171134e+01
-1.516000000000009891e+02 -3.945411773181695025e+01
-1.511999999999999886e+02 -3.906499323196476325e+01
-1.508000000000020009e+02 -3.867734694796672557e+01
-1.504000000000010004e+02 -3.829308465351277846e+01
-1.500000000000030127e+02 -3.791401494551246287e+01
-1.496000000000009891e+02 -3.753745590046310099e+01
-1.491999999999999886e+02 -3.715125989786247374e+01
-1.488000000000020009e+02 -3.677727831656375201e+01
-1.484000000000010004e+02 -3.639038510726459208e+01
-1.480000000000030127e+02 -3.602384684261414804e+01
-1.476000000000009891e+02 -3.564322846726281568e+01
-1.471999999999999886e+02 -3.522993613223661669e+01
-1.468000000000020009e+02 -3.484781767724052770e+01
-1.464000000000010004e+02 -3.446831555893732002e+01
-1.460000000000030127e+02 -3.408072878683742601e+01
-1.456000000000009891e+02 -3.369712118383904453e+01
-1.451999999999999886e+02 -3.332829088803919149e+01
-1.448000000000020009e+02 -3.295225048674183199e+01
-1.444000000000010004e+02 -3.258539763173757819e+01
-1.440000000000030127e+02 -3.220512542053984362e+01
-1.436000000000009891e+02 -3.182498196644155541e+01
-1.431999999999999886e+02 -3.145439045043895021e+01
-1.428000000000020009e+02 -3.108547026594169438e+01
-1.424000000000010004e+02 -3.072050982063956326e+01
-1.420000000000030127e+02 -3.033693379403848667e+01
-1.416000000000009891e+02 -2.997676873953969334e+01
-1.411999999999999886e+02 -2.959515314613963710e+01
-1.408000000000020009e+02 -2.923674203184054932e+01
-1.404000000000010004e+02 -2.885305984026490478e+01
-1.400000000000030127e+02 -2.848584015916276257e+01
-1.396000000000009891e+02 -2.813000408631341998e+01
-1.391999999999999886e+02 -2.776010247896556393e+01
-1.388000000000020009e+02 -2.739960947650979506e+01
-1.384000000000010004e+02 -2.703511544731372851e+01
-1.380000000000030127e+02 -2.666876180611507152e+01
-1.376000000000009891e+02 -2.631473676141104079e+01
-1.371999999999999886e+02 -2.595098973536369158e+01
-1.368000000000020009e+02 -2.559128503541433020e+01
-1.364000000000010004e+02 -2.523272087756413384e+01
-1.360000000000030127e+02 -2.487427575651236111e+01
-1.356000000000009891e+02 -2.452258039196385653e+01
-1.351999999999999886e+02 -2.415980750811286271e+01
-1.348000000000020009e+02 -2.380055465071200160e+01
-1.344000000000010004e+02 -2.344900580068497220e+01
-1.340000000000030127e+02 -2.309055825298855780e+01
-1.336000000000009891e+02 -2.273719032588633127e+01
-1.331999999999999886e+02 -2.238304017558766645e+01
-1.328000000000020009e+02 -2.203869946478516795e+01
-1.324000000000010004e+02 -2.168083007848690613e+01
-1.320000000000030127e+02 -2.133332401188818039e+01
-1.316000000000009891e+02 -2.098344210818686406e+01
-1.311999999999999886e+02 -2.062415645788860274e+01
-1.308000000000020009e+02 -2.027441787668794859e+01
-1.304000000000010004e+02 -1.992320229718461633e+01
-1.300000000000030127e+02 -1.958956013138958951e+01
-1.296000000000009891e+02 -1.922333646008701180e+01
-1.291999999999999886e+02 -1.888186471958761103e+01
-1.288000000000020009e+02 -1.854248459098744206e+01
-1.284000000000010004e+02 -1.818964382208650932e+01
-1.280000000000030127e+02 -1.784857291388470912e+01
-1.276000000000010033e+02 -1.752169945266359719e+01
-1.272000000000000028e+02 -1.717686073101140209e+01
-1.268000000000020009e+02 -1.682970690781075973e+01
-1.264000000000010004e+02 -1.648270612101259758e+01
-1.260000000000029985e+02 -1.614287050411439850e+01
-1.256000000000010033e+02 -1.579359105876210378e+01
-1.252000000000000028e+02 -1.544970704426305019e+01
-1.248000000000020009e+02 -1.511415910176219768e+01
-1.244000000000010004e+02 -1.476209205976192607e+01
-1.240000000000029985e+02 -1.442949326571397251e+01
-1.236000000000010033e+02 -1.408393426166367135e+01
-1.232000000000000028e+02 -1.374660566271268181e+01
-1.228000000000020009e+02 -1.340391442241161712e+01
-1.224000000000010004e+02 -1.307071437960985349e+01
-1.220000000000029985e+02 -1.273282947596453596e+01
-1.216000000000010033e+02 -1.237578553383718827e+01
-1.212000000000000028e+02 -1.204836960903776344e+01
-1.208000000000020009e+02 -1.170428153713874053e+01
-1.204000000000010004e+02 -1.136859876653761603e+01
-1.200000000000029985e+02 -1.102909474103944376e+01
-1.196000000000010033e+02 -1.070288859423817485e+01
-1.192000000000000028e+02 -1.035991798743634718e+01
-1.188000000000020009e+02 -1.003265997253765818e+01
-1.184000000000010004e+02 -9.690367125138436677e+00
-1.180000000000029985e+02 -9.355920864436484408e+00
-1.176000000000010033e+02 -9.036740202740475070e+00
-1.172000000000000028e+02 -8.706117622037709225e+00
-1.168000000000020009e+02 -8.364361652835214045e+00
-1.164000000000010004e+02 -8.051368366937822429e+00
-1.160000000000029985e+02 -7.707620382538152626e+00
-1.156000000000010033e+02 -7.384941556738340296e+00
-1.152000000000000028e+02 -7.064922442386887269e+00
-1.148000000000020009e+02 -6.736984222286992008e+00
-1.144000000000010004e+02 -6.413937353889195947e+00
-1.140000000000029985e+02 -6.079311323788715526e+00
-1.136000000000010033e+02 -5.754410911686136387e+00
-1.132000000000000028e+02 -5.418973499337880639e+00
-1.128000000000020009e+02 -5.099588771387061570e+00
-1.124000000000010004e+02 -4.773864837738074129e+00
-1.120000000000029985e+02 -4.444552855587971862e+00
-1.116000000000010033e+02 -4.128597057788283564e+00
-1.112000000000000028e+02 -3.799489133987663081e+00
-1.108000000000020009e+02 -3.475901750036427984e+00
-1.104000000000010004e+02 -3.157559184637648286e+00
-1.100000000000029985e+02 -2.835281180337915430e+00
-1.096000000000010033e+02 -2.511834697987069376e+00
-1.092000000000000028e+02 -2.180633947835303843e+00
-1.088000000000020009e+02 -1.865133278239227366e+00
-1.084000000000010004e+02 -1.540311821736395359e+00
-1.080000000000029985e+02 -1.217241876838670578e+00
-1.076000000000010033e+02 -9.009957711386960000e-01
-1.072000000000000028e+02 -5.752293220357387327e-01
-1.068000000000020009e+02 -2.585921092395437881e-01
-1.064000000000010004e+02 5.656566606194246560e-02
-1.060000000000029985e+02 3.754305338625272270e-01
-1.056000000000010033e+02 7.054190724593354389e-01
-1.052000000000000028e+02 1.007645790261449292e+00
-1.048000000000020009e+02 1.324555084764142521e+00
-1.044000000000010004e+02 1.651468154461326776e+00
-1.040000000000029985e+02 1.959274938562884927e+00
-1.036000000000010033e+02 2.269970131659647450e+00
-1.032000000000000028e+02 2.596861340261966689e+00
-1.028000000000020009e+02 2.902855880762217566e+00
-1.024000000000010004e+02 3.224477975163608789e+00
-1.020000000000029985e+02 3.482831567886023549e+00
-1.016000000000010033e+02 3.807972480037278729e+00
-1.012000000000000028e+02 4.122538728886866011e+00
-1.008000000000020009e+02 4.445132542736246251e+00
-1.004000000000010004e+02 4.763145941135007888e+00
-1.000000000000029985e+02 5.084175289783161134e+00
-9.960000000000150067e+01 5.400400742939382326e+00
-9.920000000000000284e+01 5.719921512685687048e+00
-9.880000000000219984e+01 6.041900714935763972e+00
-9.840000000000070202e+01 6.355566918136901222e+00
-9.800000000000289901e+01 6.670168392636696808e+00
-9.760000000000150067e+01 6.985729435637040297e+00
-9.720000000000000284e+01 7.307809450787317473e+00
-9.680000000000219984e+01 7.616086297533911420e+00
-9.640000000000070202e+01 7.926768129589618184e+00
-9.600000000000289901e+01 8.316857927511591697e+00
-9.560000000000150067e+01 8.646780876712000463e+00
-9.520000000000000284e+01 8.962822915113065392e+00
-9.480000000000219984e+01 9.288659810314129572e+00
-9.440000000000070202e+01 9.606924644511309452e+00
-9.400000000000289901e+01 9.940195140312425792e+00
-9.360000000000150067e+01 1.025869075360969873e+01
-9.320000000000000284e+01 1.058067238471267046e+01
-9.280000000000219984e+01 1.088798115971076186e+01
-9.240000000000070202e+01 1.121232890581086394e+01
-9.200000000000289901e+01 1.154565041790920077e+01
-9.160000000000150067e+01 1.186664090081103495e+01
-9.120000000000000284e+01 1.218514623251394369e+01
-9.080000000000219984e+01 1.251023005520983133e+01
-9.040000000000070202e+01 1.282518134641213692e+01
-9.000000000000289901e+01 1.316149330301414011e+01
-8.960000000000150067e+01 1.347621381231147097e+01
-8.920000000000000284e+01 1.386107271820947062e+01
-8.880000000000219984e+01 1.417233150756146642e+01
-8.840000000000070202e+01 1.448087071461122832e+01
-8.800000000000289901e+01 1.478793170610879315e+01
-8.760000000000150067e+01 1.509811432271089870e+01
-8.720000000000000284e+01 1.541050637046282645e+01
-8.680000000000219984e+01 1.571641223550977884e+01
-8.640000000000070202e+01 1.602160632631421322e+01
-8.600000000000289901e+01 1.632767010126190144e+01
-8.560000000000150067e+01 1.663640729536200524e+01
-8.520000000000000284e+01 1.694014260486073908e+01
-8.480000000000219984e+01 1.724542779316107044e+01
-8.440000000000070202e+01 1.755553146141028265e+01
-8.400000000000289901e+01 1.785580868606120930e+01
-8.360000000000150067e+01 1.816112788466125494e+01
-8.320000000000000284e+01 1.838863623781071510e+01
-8.280000000000219984e+01 1.868218557181171491e+01
-8.240000000000070202e+01 1.896765026391221909e+01
-8.200000000000289901e+01 1.924998603670974262e+01
-8.160000000000150067e+01 1.954674445471027866e+01
-8.120000000000000284e+01 1.983573403141053859e+01
-8.080000000000219984e+01 2.012105782291109790e+01
-8.040000000000070202e+01 2.040387216851377161e+01
-8.000000000000289901e+01 2.069051263151050080e+01
-7.960000000000150067e+01 2.097680570431111846e+01
-7.920000000000000284e+01 2.126016906771110371e+01
-7.880000000000219984e+01 2.154549285671237158e+01
-7.840000000000070202e+01 2.182075214411088382e+01
-7.800000000000289901e+01 2.210511636891169474e+01
-7.760000000000150067e+01 2.238525850391306449e+01
-7.720000000000000284e+01 2.266720316890859976e+01
-7.680000000000219984e+01 2.295662758331309306e+01
-7.640000000000070202e+01 2.320676589453432825e+01
-7.600000000000289901e+01 2.348742303988547064e+01
-7.560000000000150067e+01 2.376735869053663919e+01
-7.520000000000000284e+01 2.404526224473738694e+01
-7.480000000000219984e+01 2.432207019258567016e+01
-7.440000000000070202e+01 2.459449329463677714e+01
-7.400000000000289901e+01 2.487511156973778270e+01
-7.360000000000150067e+01 2.515018015898749582e+01
-7.320000000000000284e+01 2.541981687118459377e+01
-7.280000000000219984e+01 2.569588753433708916e+01
-7.240000000000070202e+01 2.597382145788287744e+01
-7.200000000000289901e+01 2.624650206168735167e+01
-7.160000000000150067e+01 2.652173462028440554e+01
-7.120000000000000284e+01 2.677942049193734420e+01
-7.080000000000219984e+01 2.705013823788613081e+01
-7.040000000000070202e+01 2.733635991006303811e+01
-7.000000000000289901e+01 2.760853400826090365e+01
-6.960000000000150067e+01 2.787474423125968315e+01
-6.920000000000000284e+01 2.814004347065929323e+01
-6.880000000000219984e+01 2.841021341536179534e+01
-6.840000000000070202e+01 2.867458466956304619e+01
-6.800000000000289901e+01 2.893940291226317640e+01
-6.760000000000150067e+01 2.920458311746187974e+01
-6.720000000000000284e+01 2.947202255236334167e+01
-6.680000000000219984e+01 2.973389164876061841e+01
-6.640000000000070202e+01 2.998962681466218783e+01
-6.600000000000289901e+01 3.025007235436351039e+01
-6.560000000000150067e+01 3.049884519856277620e+01
-6.520000000000000284e+01 3.074995258106355323e+01
-6.480000000000219984e+01 3.101202087815909181e+01
-6.440000000000070202e+01 3.125522824245854281e+01
-6.400000000000289901e+01 3.151993474076152779e+01
-6.360000000000150067e+01 3.172349318300985033e+01
-6.320000000000000284e+01 3.197659500881127315e+01
-6.280000000000219984e+01 3.222653755250939867e+01
-6.240000000000070202e+01 3.247859843070909847e+01
-6.200000000000289901e+01 3.272241433316230541e+01
-6.160000000000150067e+01 3.296906034486164572e+01
-6.120000000000000284e+01 3.321422692521082354e+01
-6.080000000000219984e+01 3.345135137386023416e+01
-6.040000000000070202e+01 3.369487333171127830e+01
-6.000000000000289901e+01 3.393353187116008485e+01
-5.960000000000150067e+01 3.417748867171030724e+01
-5.920000000000000284e+01 3.441487062210944714e+01
-5.880000000000219984e+01 3.464823818920922349e+01
-5.840000000000070202e+01 3.487943033816191019e+01
-5.800000000000289901e+01 3.510984632970939856e+01
-5.760000000000150067e+01 3.538403123855823651e+01
-5.720000000000000284e+01 3.561367836556019029e+01
-5.680000000000219984e+01 3.584794597986183362e+01
-5.640000000000070202e+01 3.607477028625726234e+01
-5.600000000000289901e+01 3.630605960606044391e+01
-5.560000000000150067e+01 3.652872012165971682e+01
-5.520000000000000284e+01 3.675780851495801471e+01
-5.480000000000219984e+01 3.697535053505998803e+01
-5.440000000000070202e+01 3.720062253135984065e+01
-5.400000000000289901e+01 3.741931846065926948e+01
-5.360000000000150067e+01 3.763342790876049548e+01
-5.320000000000000284e+01 3.784597533386113355e+01
-5.280000000000219984e+01 3.805870981176121859e+01
-5.240000000000070202e+01 3.827166049875813769e+01
-5.200000000000289901e+01 3.847907727945857914e+01
-5.160000000000150067e+01 3.868270681826106738e+01
-5.120000000000000284e+01 3.889777247811070993e+01
-5.080000000000219984e+01 3.909803746305988170e+01
-5.040000000000070202e+01 3.929853929956152570e+01
-5.000000000000289901e+01 3.949723011330934241e+01
-4.960000000000150067e+01 3.969258795041241683e+01
-4.920000000000000284e+01 3.988329614426038461e+01
-4.880000000000219984e+01 4.007002396461030003e+01
-4.840000000000070202e+01 4.026103096356018796e+01
-4.800000000000289901e+01 4.044529549286016845e+01
-4.760000000000150067e+01 4.063093135385861387e+01
-4.720000000000000284e+01 4.080631443646052503e+01
-4.680000000000219984e+01 4.098711845845900825e+01
-4.640000000000070202e+01 4.116059577381020063e+01
-4.600000000000289901e+01 4.133181628536112839e+01
-4.560000000000150067e+01 4.150196548461099155e+01
-4.520000000000000284e+01 4.166566494826111011e+01
-4.480000000000219984e+01 4.181647613555833232e+01
-4.440000000000070202e+01 4.197469028015984804e+01
-4.400000000000289901e+01 4.212563116315868683e+01
-4.360000000000150067e+01 4.227985886245733127e+01
-4.320000000000000284e+01 4.243156010335951578e+01
-4.280000000000219984e+01 4.257401065476005897e+01
-4.240000000000070202e+01 4.271478499825752806e+01
-4.200000000000289901e+01 4.285626869236148195e+01
-4.160000000000150067e+01 4.299188324526039651e+01
-4.120000000000000284e+01 4.312942178806042648e+01
-4.080000000000219984e+01 4.325722135065734619e+01
-4.040000000000070202e+01 4.338204018165924936e+01
-4.000000000000289901e+01 4.350309849056066014e+01
-3.960000000000150067e+01 4.362023594095808221e+01
-3.920000000000000284e+01 4.373765518736036029e+01
-3.880000000000219984e+01 4.384217252855887637e+01
-3.840000000000070202e+01 4.395006656915938947e+01
-3.800000000000289901e+01 4.404931670576115721e+01
-3.760000000000150067e+01 4.415387656165694352e+01
-3.720000000000000284e+01 4.424531223035955918e+01
-3.680000000000219984e+01 4.433713658230772126e+01
-3.640000000000070202e+01 4.442513967856211821e+01
-3.600000000000289901e+01 4.450418723511029384e+01
-3.560000000000150067e+01 4.458801196960848756e+01
-3.520000000000000284e+01 4.465957127056026366e+01
-3.480000000000219984e+01 4.473284442841031705e+01
-3.440000000000070202e+01 4.479456271485832985e+01
-3.400000000000289901e+01 4.485634659256174928e+01
-3.360000000000150067e+01 4.491065193250688026e+01
-3.320000000000000284e+01 4.496225955506088212e+01
-3.280000000000219984e+01 4.500546672765995027e+01
-3.240000000000070202e+01 4.503833002495957771e+01
-3.200000000000289901e+01 4.508363559915960650e+01
-3.160000000000150067e+01 4.510738666966062738e+01
-3.119999999999999929e+01 4.513117661175783724e+01
-3.080000000000219984e+01 4.514700823066232260e+01
-3.040000000000069846e+01 4.515669619726031669e+01
-3.000000000000289901e+01 4.516280098036077106e+01
-2.960000000000150067e+01 4.516140171646111412e+01
-2.919999999999999929e+01 4.515057927276211558e+01
-2.880000000000219984e+01 4.513123734865803272e+01
-2.840000000000069846e+01 4.512613586596125970e+01
-2.800000000000289901e+01 4.509332115155848442e+01
-2.760000000000150067e+01 4.506821697545819916e+01
-2.719999999999999929e+01 4.502525758945921552e+01
-2.680000000000219984e+01 4.497787448656163178e+01
-2.640000000000069846e+01 4.492119209675729508e+01
-2.600000000000289901e+01 4.485810126706201117e+01
-2.560000000000150067e+01 4.478932835636078380e+01
-2.519999999999999929e+01 4.470965996776067186e+01
-2.480000000000219984e+01 4.462762925786228152e+01
-2.440000000000069846e+01 4.453398658551304834e+01
-2.400000000000289901e+01 4.443905396981062950e+01
-2.360000000000150067e+01 4.433671569381112931e+01
-2.319999999999999929e+01 4.421670804666064214e+01
-2.280000000000219984e+01 4.409160255756069091e+01
-2.240000000000069846e+01 4.395357572635839460e+01
-2.200000000000289901e+01 4.380615001211117487e+01
-2.160000000000150067e+01 4.365140973551024217e+01
-2.119999999999999929e+01 4.348734224060899578e+01
-2.080000000000219984e+01 4.331426332770934096e+01
-2.040000000000069846e+01 4.313180982726044022e+01
-2.000000000000289901e+01 4.293240480871099862e+01
-1.960000000000150067e+01 4.273003850041277474e+01
-1.919999999999999929e+01 4.252563749846012797e+01
-1.880000000000219984e+01 4.228143412376084598e+01
-1.840000000000069846e+01 4.205197648415924050e+01
-1.800000000000289901e+01 4.179629962376202457e+01
-1.760000000000150067e+01 4.152807553135789931e+01
-1.719999999999999929e+01 4.124070142385971849e+01
-1.680000000000219984e+01 4.094366121076018317e+01
-1.640000000000069846e+01 4.063787559376214631e+01
-1.600000000000289901e+01 4.030980132825789042e+01
-1.560000000000150067e+01 3.997111596845934400e+01
-1.519999999999999929e+01 3.961849140645790612e+01
-1.480000000000219984e+01 3.924743103326181881e+01
-1.440000000000070024e+01 3.886507208035982330e+01
-1.400000000000290079e+01 3.845431727176037384e+01
-1.360000000000150067e+01 3.803682849895994877e+01
-1.319999999999999929e+01 3.759374240285978885e+01
-1.280000000000219984e+01 3.714069383625974297e+01
-1.240000000000070024e+01 3.663063590633100830e+01
-1.200000000000290079e+01 3.613771798318339279e+01
-1.160000000000150067e+01 3.562315518208197318e+01
-1.119999999999999929e+01 3.507258681338134920e+01
-1.080000000000219984e+01 3.450881893042969750e+01
-1.040000000000070024e+01 3.392105098707907018e+01
-1.000000000000290079e+01 3.330832704353088047e+01
-9.600000000001449152e+00 3.266604606578039238e+01
-9.199999999999999289e+00 3.198614645953057334e+01
-8.800000000002180300e+00 3.128657698877941584e+01
-8.400000000000730438e+00 3.055369722002797062e+01
-8.000000000002909673e+00 2.977386917988042114e+01
-7.600000000001459810e+00 2.897741880198009312e+01
-7.200000000000000178e+00 2.812479860797975562e+01
-6.800000000002180300e+00 2.724685073993168771e+01
-6.400000000000730438e+00 2.634737307500108727e+01
-6.000000000002909673e+00 2.536929393660102505e+01
-5.600000000001459810e+00 2.435765670870023314e+01
-5.200000000000000178e+00 2.327073853899855749e+01
-4.800000000002180300e+00 2.215464955120114610e+01
-4.400000000000730438e+00 2.096765963899815688e+01
-4.000000000002909673e+00 1.972430798710047384e+01
-3.600000000001459810e+00 1.839729920569880051e+01
-3.200000000000000178e+00 1.698505182579901884e+01
-2.800000000002179856e+00 1.546253458939827397e+01
-2.400000000000729994e+00 1.385819192860071780e+01
-2.000000000002910117e+00 1.211762251239997568e+01
-1.600000000001460032e+00 1.024207992780065979e+01
-1.199999999999999956e+00 8.172610385798179777e+00
-8.000000000021829649e-01 5.851207531100953929e+00
-4.000000000007279954e-01 3.181989953998709098e+00
-2.910387209009709878e-12 0.000000000000000000e+00
