-2.208000000000020009e+02 -4.249587328448687913e+02
-2.204000000000010004e+02 -1.744372118108003633e+02
-2.200000000000030127e+02 -1.644382852278213250e+02
-2.196000000000009891e+02 -2.459076467618142487e+02
-2.191999999999999886e+02 -2.386768412284291117e+02
-2.188000000000020009e+02 -2.374225967984239105e+02
-2.184000000000010004e+02 -1.964162184499291470e+02
-2.180000000000030127e+02 -2.352342635349050397e+02
-2.176000000000009891e+02 -1.752230623803916387e+02
-2.171999999999999886e+02 -1.730093245864263736e+02
-2.168000000000020009e+02 -1.703845507084188284e+02
-2.164000000000010004e+02 -1.688636157009459566e+02
-2.160000000000030127e+02 -1.514599080894113285e+02
-2.156000000000009891e+02 -1.437597236138972221e+02
-2.151999999999999886e+02 -1.390348123629082693e+02
-2.148000000000020009e+02 -1.390482517898926744e+02
-2.144000000000010004e+02 -1.375601451229304075e+02
-2.140000000000030127e+02 -1.365681866324157454e+02
-2.136000000000009891e+02 -1.357849241158983205e+02
-2.131999999999999886e+02 -1.352442914394487161e+02
-2.128000000000020009e+02 -1.340160196838987758e+02
-2.124000000000010004e+02 -1.332733598979248200e+02
-2.120000000000030127e+02 -1.322400718454300659e+02
-2.116000000000009891e+02 -1.313514534889400238e+02
-2.111999999999999886e+02 -1.304876283859048272e+02
-2.108000000000020009e+02 -1.299306170854106313e+02
-2.104000000000010004e+02 -1.289878585904079955e+02
-2.100000000000030127e+02 -1.283082919454463990e+02
-2.096000000000009891e+02 -1.275018985504138982e+02
-2.091999999999999886e+02 -1.268675949908938492e+02
-2.088000000000020009e+02 -1.261475082209362881e+02
-2.084000000000010004e+02 -1.256214347999339225e+02
-2.080000000000030127e+02 -1.249383037464140216e+02
-2.076000000000009891e+02 -1.243576847404037835e+02
-2.071999999999999886e+02 -1.084841807489719940e+02
-2.068000000000020009e+02 -1.078189569309906801e+02
-2.064000000000010004e+02 -1.071246486789750634e+02
-2.060000000000030127e+02 -1.064531301669921959e+02
-2.056000000000009891e+02 -1.058636207093841222e+02
-2.051999999999999886e+02 -1.052037424158334034e+02
-2.048000000000020009e+02 -1.044686376293902867e+02
-2.044000000000010004e+02 -1.038344934358283354e+02
-2.040000000000030127e+02 -1.031496107009370462e+02
-2.036000000000009891e+02 -1.024855493962277251e+02
-2.031999999999999886e+02 -1.017977021371334558e+02
-2.028000000000020009e+02 -1.011652833112348162e+02
-2.024000000000010004e+02 -1.004780379536387045e+02
-2.020000000000030127e+02 -9.983933085593162104e+01
-2.016000000000009891e+02 -9.917311801714095054e+01
-2.011999999999999886e+02 -9.852686933318909723e+01
-2.008000000000020009e+02 -9.785278483368165325e+01
-2.004000000000010004e+02 -9.721556835793671780e+01
-2.000000000000030127e+02 -9.656619028693603468e+01
-1.996000000000009891e+02 -9.593464366733314819e+01
-1.991999999999999886e+02 -9.531421438648249023e+01
-1.988000000000020009e+02 -9.468395795963806449e+01
-1.984000000000010004e+02 -9.408063710208443808e+01
-1.980000000000030127e+02 -9.346487065604014788e+01
-1.976000000000009891e+02 -9.287084586759010563e+01
-1.971999999999999886e+02 -9.229095355603203643e+01
-1.968000000000020009e+02 -9.160623824028880335e+01
-1.964000000000010004e+02 -9.100991806128877215e+01
-1.960000000000030127e+02 -9.041535986808594316e+01
-1.956000000000009891e+02 -8.982691162418632302e+01
-1.951999999999999886e+02 -8.923119725198193919e+01
-1.948000000000020009e+02 -8.864900966968707507e+01
-1.944000000000010004e+02 -8.806120052898768336e+01
-1.940000000000030127e+02 -8.748626177728874609e+01
-1.936000000000009891e+02 -8.691453780628216919e+01
-1.931999999999999886e+02 -8.633774240368802566e+01
-1.928000000000020009e+02 -8.569722257902685669e+01
-1.924000000000010004e+02 -8.513939363202371169e+01
-1.920000000000030127e+02 -8.459269208677505958e+01
-1.916000000000009891e+02 -8.403788896262631170e+01
-1.911999999999999886e+02 -8.349363847107088077e+01
-1.908000000000020009e+02 -8.294819803897553356e+01
-1.904000000000010004e+02 -8.240897501397193992e+01
-1.900000000000030127e+02 -8.186510641027780366e+01
-1.896000000000009891e+02 -8.133464083918079268e+01
-1.891999999999999886e+02 -8.080235814952538931e+01
-1.888000000000020009e+02 -8.027291443102512858e+01
-1.884000000000010004e+02 -7.974795074437133735e+01
-1.880000000000030127e+02 -7.922299620783087448e+01
-1.876000000000009891e+02 -7.870121121402189601e+01
-1.871999999999999886e+02 -7.818647445346869063e+01
-1.868000000000020009e+02 -7.767310640021969448e+01
-1.864000000000010004e+02 -7.715739510967614478e+01
-1.860000000000030127e+02 -7.664819111528049689e+01
-1.856000000000009891e+02 -7.613981836647872115e+01
-1.851999999999999886e+02 -7.563612201857176842e+01
-1.848000000000020009e+02 -7.520016219276294578e+01
-1.844000000000010004e+02 -7.470639076376392040e+01
-1.840000000000030127e+02 -7.421025971377093811e+01
-1.836000000000009891e+02 -7.372003214475989807e+01
-1.831999999999999886e+02 -7.322999788077140693e+01
-1.828000000000020009e+02 -7.274117200776527170e+01
-1.824000000000010004e+02 -7.226118205576494802e+01
-1.820000000000030127e+02 -7.177136770576180425e+01
-1.816000000000009891e+02 -7.129053797975939233e+01
-1.811999999999999886e+02 -7.081481576476653572e+01
-1.808000000000020009e+02 -7.033549510176817421e+01
-1.804000000000010004e+02 -6.986326779275259469e+01
-1.800000000000030127e+02 -6.938825249577348586e+01
-1.796000000000009891e+02 -6.891257984576805029e+01
-1.791999999999999886e+02 -6.847937584769533714e+01
-1.788000000000020009e+02 -6.800443308330432046e+01
-1.784000000000010004e+02 -6.754070251989833196e+01
-1.780000000000030127e+02 -6.707163148139807163e+01
-1.776000000000009891e+02 -6.660009648400591686e+01
-1.771999999999999886e+02 -6.613852725570541224e+01
-1.768000000000020009e+02 -6.567555116764560807e+01
-1.764000000000010004e+02 -6.521233171439598664e+01
-1.760000000000030127e+02 -6.475216740550604300e+01
-1.756000000000009891e+02 -6.429716484004893573e+01
-1.751999999999999886e+02 -6.384247857739683241e+01
-1.748000000000020009e+02 -6.338807825414551189e+01
-1.744000000000010004e+02 -6.293470658415026264e+01
-1.740000000000030127e+02 -6.248670230364950839e+01
-1.736000000000009891e+02 -6.203247276474940008e+01
-1.731999999999999886e+02 -6.158782573535063420e+01
-1.728000000000020009e+02 -6.114320445805060444e+01
-1.724000000000010004e+02 -6.070255110805737786e+01
-1.720000000000030127e+02 -6.020841642213781597e+01
-1.716000000000009891e+02 -5.976887843523581978e+01
-1.711999999999999886e+02 -5.931406694513862021e+01
-1.708000000000020009e+02 -5.887218101043981733e+01
-1.704000000000010004e+02 -5.842879724643717054e+01
-1.700000000000030127e+02 -5.798691514383972390e+01
-1.696000000000009891e+02 -5.754707403623615392e+01
-1.691999999999999886e+02 -5.710856856033933582e+01
-1.688000000000020009e+02 -5.667058669833932072e+01
-1.684000000000010004e+02 -5.623951740993652493e+01
-1.680000000000030127e+02 -5.580147564773506019e+01
-1.676000000000009891e+02 -5.536677200863778125e+01
-1.671999999999999886e+02 -5.493641714153636713e+01
-1.668000000000020009e+02 -5.450577630343832425e+01
-1.664000000000010004e+02 -5.407517291493786615e+01
-1.660000000000030127e+02 -5.362790121384023223e+01
-1.656000000000009891e+02 -5.320254207494144794e+01
-1.651999999999999886e+02 -5.277640855768913752e+01
-1.648000000000020009e+02 -5.235936780293923221e+01
-1.644000000000010004e+02 -5.193510402314132079e+01
-1.640000000000030127e+02 -5.151444104358961340e+01
-1.636000000000009891e+02 -5.108939797378843650e+01
-1.631999999999999886e+02 -5.067339476523920894e+01
-1.628000000000020009e+02 -5.025405570888688089e+01
-1.624000000000010004e+02 -4.983677860778698232e+01
-1.620000000000030127e+02 -4.942182709278858965e+01
-1.616000000000009891e+02 -4.900350162768882001e+01
-1.611999999999999886e+02 -4.858699435083690332e+01
-1.608000000000020009e+02 -4.817682121078905766e+01
-1.604000000000010004e+02 -4.776082476518786279e+01
-1.600000000000030127e+02 -4.738129517503693933e+01
-1.596000000000009891e+02 -4.696813341703818878e+01
-1.591999999999999886e+02 -4.656947395863971906e+01
-1.588000000000020009e+02 -4.616379915813740809e+01
-1.584000000000010004e+02 -4.576500865603884449e+01
-1.580000000000030127e+02 -4.535992833273849101e+01
-1.576000000000009891e+02 -4.496605736013952992e+01
-1.571999999999999886e+02 -4.456069716734054964e+01
-1.568000000000020009e+02 -4.415929672194033628e+01
-1.564000000000010004e+02 -4.376215521083940985e+01
-1.560000000000030127e+02 -4.336620735564065399e+01
-1.556000000000009891e+02 -4.296500000113883289e+01
-1.551999999999999886e+02 -4.257488824553729501e+01
-1.548000000000020009e+02 -4.217896164544072235e+01
-1.544000000000010004e+02 -4.178245502014033264e+01
-1.540000000000030127e+02 -4.139976071463752305e+01
-1.536000000000009891e+02 -4.100354303713902482e+01
-1.531999999999999886e+02 -4.061759443951450521e+01
-1.528000000000020009e+02 -4.022267358091630740e+01
-1.524000000000010004e+02 -3.983643254211347084e+01
-1.520000000000030127e+02 -3.944418961031624349e+01
-1.516000000000009891e+02 -3.905514970736476243e+01
-1.511999999999999886e+02 -3.866333176641637692e+01
-1.508000000000020009e+02 -3.828512415951263392e+01
-1.504000000000010004e+02 -3.789460571686504409e+01
-1.500000000000030127e+02 -3.750938399016740732e+01
-1.496000000000009891e+02 -3.712778082581644412e+01
-1.491999999999999886e+02 -3.674722452836431330e+01
-1.488000000000020009e+02 -3.636127265281538712e+01
-1.484000000000010004e+02 -3.598013305606582435e+01
-1.480000000000030127e+02 -3.559576015216589440e+01
-1.476000000000009891e+02 -3.521534012476331554e+01
-1.471999999999999886e+02 -3.483971962828945834e+01
-1.468000000000020009e+02 -3.445339739078917773e+01
-1.464000000000010004e+02 -3.408390678199066315e+01
-1.460000000000030127e+02 -3.370519591149059124e+01
-1.456000000000009891e+02 -3.332802438368889852e+01
-1.451999999999999886e+02 -3.295716511968930718e+01
-1.448000000000020009e+02 -3.258330894268874545e+01
-1.444000000000010004e+02 -3.220956566048698733e+01
-1.440000000000030127e+02 -3.182734928058926016e+01
-1.436000000000009891e+02 -3.146141604978765827e+01
-1.431999999999999886e+02 -3.108812280488928081e+01
-1.428000000000020009e+02 -3.072136536368634552e+01
-1.424000000000010004e+02 -3.035532919418983511e+01
-1.420000000000030127e+02 -2.998390002758969786e+01
-1.416000000000009891e+02 -2.961732502598897554e+01
-1.411999999999999886e+02 -2.924898095958633348e+01
-1.408000000000020009e+02 -2.888413863199093612e+01
-1.404000000000010004e+02 -2.852221807796377107e+01
-1.400000000000030127e+02 -2.815925961801258381e+01
-1.396000000000009891e+02 -2.779407091451503220e+01
-1.391999999999999886e+02 -2.743192227211329737e+01
-1.388000000000020009e+02 -2.706466920076491078e+01
-1.384000000000010004e+02 -2.670279533756547607e+01
-1.380000000000030127e+02 -2.634090974471473601e+01
-1.376000000000009891e+02 -2.598066533966266434e+01
-1.371999999999999886e+02 -2.562051738186710281e+01
-1.368000000000020009e+02 -2.526188506131438771e+01
-1.364000000000010004e+02 -2.490739169476728421e+01
-1.360000000000030127e+02 -2.454618612406193279e+01
-1.356000000000009891e+02 -2.419490195621619932e+01
-1.351999999999999886e+02 -2.383241413691575872e+01
-1.348000000000020009e+02 -2.347601489396402030e+01
-1.344000000000010004e+02 -2.311463701644242974e+01
-1.340000000000030127e+02 -2.275873900594160659e+01
-1.336000000000009891e+02 -2.240441114984059823e+01
-1.331999999999999886e+02 -2.204588510543908342e+01
-1.328000000000020009e+02 -2.169794291094149230e+01
-1.324000000000010004e+02 -2.134342837523945491e+01
-1.320000000000030127e+02 -2.099098602074082009e+01
-1.316000000000009891e+02 -2.064092177413840545e+01
-1.311999999999999886e+02 -2.028422361813863972e+01
-1.308000000000020009e+02 -1.993762670684009208e+01
-1.304000000000010004e+02 -1.959022313653986203e+01
-1.300000000000030127e+02 -1.924205334603902884e+01
-1.296000000000009891e+02 -1.888693846963724354e+01
-1.291999999999999886e+02 -1.854123068533954211e+01
-1.288000000000020009e+02 -1.819132222524058307e+01
-1.284000000000010004e+02 -1.784308015974238515e+01
-1.280000000000030127e+02 -1.749922896253701765e+01
-1.276000000000010033e+02 -1.716585023026709678e+01
-1.272000000000000028e+02 -1.681817263956327224e+01
-1.268000000000020009e+02 -1.647124227076346870e+01
-1.264000000000010004e+02 -1.612719185521564214e+01
-1.260000000000029985e+02 -1.578435198621446034e+01
-1.256000000000010033e+02 -1.543989808141486719e+01
-1.252000000000000028e+02 -1.509743656836508308e+01
-1.248000000000020009e+02 -1.475792040381202241e+01
-1.244000000000010004e+02 -1.441304828991269460e+01
-1.240000000000029985e+02 -1.407428186406468740e+01
-1.236000000000010033e+02 -1.373365719666617224e+01
-1.232000000000000028e+02 -1.339287070901264087e+01
-1.228000000000020009e+02 -1.305300290331433644e+01
-1.224000000000010004e+02 -1.271886249971430516e+01
-1.220000000000029985e+02 -1.238165292456687894e+01
-1.216000000000010033e+02 -1.202726427818925004e+01
-1.212000000000000028e+02 -1.169731606869027019e+01
-1.208000000000020009e+02 -1.135809529449034017e+01
-1.204000000000010004e+02 -1.101817646808922291e+01
-1.200000000000029985e+02 -1.068521510178834433e+01
-1.196000000000010033e+02 -1.035207351848657709e+01
-1.192000000000000028e+02 -1.001283398658779333e+01
-1.188000000000020009e+02 -9.679915605789574329e+00
-1.184000000000010004e+02 -9.343346450088574784e+00
-1.180000000000029985e+02 -9.008354366291314363e+00
-1.176000000000010033e+02 -8.680315873287327122e+00
-1.172000000000000028e+02 -8.349408089787175413e+00
-1.168000000000020009e+02 -8.011507230687129777e+00
-1.164000000000010004e+02 -7.682858087988279294e+00
-1.160000000000029985e+02 -7.348888718588568736e+00
-1.156000000000010033e+02 -7.017099260989198228e+00
-1.152000000000000028e+02 -6.691300894988671644e+00
-1.148000000000020009e+02 -6.363299784239643486e+00
-1.144000000000010004e+02 -6.032846459136635531e+00
-1.140000000000029985e+02 -5.701193650838831672e+00
-1.136000000000010033e+02 -5.374062891689391108e+00
-1.132000000000000028e+02 -5.044667446589301107e+00
-1.128000000000020009e+02 -4.719278525539266411e+00
-1.124000000000010004e+02 -4.391871753039595205e+00
-1.120000000000029985e+02 -4.061137358337873593e+00
-1.116000000000010033e+02 -3.740695932989183348e+00
-1.112000000000000028e+02 -3.410349047288036672e+00
-1.108000000000020009e+02 -3.087973792491538916e+00
-1.104000000000010004e+02 -2.763519889391318429e+00
-1.100000000000029985e+02 -2.437057348237431142e+00
-1.096000000000010033e+02 -2.115558660538226832e+00
-1.092000000000000028e+02 -1.788926744789932854e+00
-1.088000000000020009e+02 -1.462592684587434633e+00
-1.084000000000010004e+02 -1.137769550587108824e+00
-1.080000000000029985e+02 -8.155156117863953114e-01
-1.076000000000010033e+02 -4.880044174860813655e-01
-1.072000000000000028e+02 -1.650112880888627842e-01
-1.068000000000020009e+02 1.507535100136010442e-01
-1.064000000000010004e+02 4.729340998128463980e-01
-1.060000000000029985e+02 7.946449403134465683e-01
-1.056000000000010033e+02 1.116009385012148414e+00
-1.052000000000000028e+02 1.437799542312859558e+00
-1.048000000000020009e+02 1.758876875312125776e+00
-1.044000000000010004e+02 2.081953880711807869e+00
-1.040000000000029985e+02 2.403958291914022993e+00
-1.036000000000010033e+02 2.715288356910605216e+00
-1.032000000000000028e+02 3.035612773313914659e+00
-1.028000000000020009e+02 3.354222406211192720e+00
-1.024000000000010004e+02 3.672994278313126415e+00
-1.020000000000029985e+02 3.979132908512838185e+00
-1.016000000000010033e+02 4.301637406661029672e+00
-1.012000000000000028e+02 4.624395712809928227e+00
-1.008000000000020009e+02 4.940043263261031825e+00
-1.004000000000010004e+02 5.257333315763389692e+00
-1.000000000000029985e+02 5.575457427963556256e+00
-9.960000000000150067e+01 5.892461086310504470e+00
-9.920000000000000284e+01 6.210956473660189658e+00
-9.880000000000219984e+01 6.526444722763699247e+00
-9.840000000000070202e+01 6.844514375159633346e+00
-9.800000000000289901e+01 7.160762023813731503e+00
-9.760000000000150067e+01 7.476163071711198427e+00
-9.720000000000000284e+01 7.789431445013178745e+00
-9.680000000000219984e+01 8.106651342561235651e+00
-9.640000000000070202e+01 8.418153960661584279e+00
-9.600000000000289901e+01 8.742379332012205850e+00
-9.560000000000150067e+01 9.058401708010933362e+00
-9.520000000000000284e+01 9.373851220312644728e+00
-9.480000000000219984e+01 9.686225516412378056e+00
-9.440000000000070202e+01 1.000011133860971313e+01
-9.400000000000289901e+01 1.031203523331350880e+01
-9.360000000000150067e+01 1.062850224211433670e+01
-9.320000000000000284e+01 1.093423357981373556e+01
-9.280000000000219984e+01 1.124892394251219230e+01
-9.240000000000070202e+01 1.156319383001391543e+01
-9.200000000000289901e+01 1.187271204870921792e+01
-9.160000000000150067e+01 1.218461581401061267e+01
-9.120000000000000284e+01 1.249065233521105256e+01
-9.080000000000219984e+01 1.280403537981328554e+01
-9.040000000000070202e+01 1.311437377831316553e+01
-9.000000000000289901e+01 1.342598654891116894e+01
-8.960000000000150067e+01 1.373519243160990300e+01
-8.920000000000000284e+01 1.405675497633637860e+01
-8.880000000000219984e+01 1.436246074503651471e+01
-8.840000000000070202e+01 1.466503014633781277e+01
-8.800000000000289901e+01 1.496922132003601291e+01
-8.760000000000150067e+01 1.527170585308704176e+01
-8.720000000000000284e+01 1.557550418328537489e+01
-8.680000000000219984e+01 1.587767829428776167e+01
-8.640000000000070202e+01 1.618070304063439835e+01
-8.600000000000289901e+01 1.648024555953452364e+01
-8.560000000000150067e+01 1.678134566483640810e+01
-8.520000000000000284e+01 1.708473791983851697e+01
-8.480000000000219984e+01 1.738284440068673575e+01
-8.440000000000070202e+01 1.768163992273912299e+01
-8.400000000000289901e+01 1.798292063188637258e+01
-8.360000000000150067e+01 1.828027877353451913e+01
-8.320000000000000284e+01 1.855518015706184087e+01
-8.280000000000219984e+01 1.885238517976176809e+01
-8.240000000000070202e+01 1.914574450686268392e+01
-8.200000000000289901e+01 1.943675030436133966e+01
-8.160000000000150067e+01 1.973014251046333811e+01
-8.120000000000000284e+01 2.001940554246175452e+01
-8.080000000000219984e+01 2.031215579776471714e+01
-8.040000000000070202e+01 2.060484471906238468e+01
-8.000000000000289901e+01 2.089018096426298143e+01
-7.960000000000150067e+01 2.118001896376154036e+01
-7.920000000000000284e+01 2.147018545886385255e+01
-7.880000000000219984e+01 2.175582764176215278e+01
-7.840000000000070202e+01 2.204592617726302706e+01
-7.800000000000289901e+01 2.233501747896298184e+01
-7.760000000000150067e+01 2.261770952385995770e+01
-7.720000000000000284e+01 2.290338671226345468e+01
-7.680000000000219984e+01 2.318857150246185483e+01
-7.640000000000070202e+01 2.346733230858808383e+01
-7.600000000000289901e+01 2.374966258723725332e+01
-7.560000000000150067e+01 2.403003288628679002e+01
-7.520000000000000284e+01 2.431244480913665029e+01
-7.480000000000219984e+01 2.459340379383502295e+01
-7.440000000000070202e+01 2.487281604468444129e+01
-7.400000000000289901e+01 2.515075491308380151e+01
-7.360000000000150067e+01 2.542729385948769050e+01
-7.320000000000000284e+01 2.570473125353601063e+01
-7.280000000000219984e+01 2.597780958448856836e+01
-7.240000000000070202e+01 2.625378987763542682e+01
-7.200000000000289901e+01 2.652894804518655292e+01
-7.160000000000150067e+01 2.680588796863594325e+01
-7.120000000000000284e+01 2.707385300498572178e+01
-7.080000000000219984e+01 2.734414642738556722e+01
-7.040000000000070202e+01 2.761797117571040872e+01
-7.000000000000289901e+01 2.788757979630827322e+01
-6.960000000000150067e+01 2.815610923420899780e+01
-6.920000000000000284e+01 2.842007821720835636e+01
-6.880000000000219984e+01 2.869037083760849782e+01
-6.840000000000070202e+01 2.895396685371088097e+01
-6.800000000000289901e+01 2.921826075280841906e+01
-6.760000000000150067e+01 2.948382159680841141e+01
-6.720000000000000284e+01 2.974371089980922989e+01
-6.680000000000219984e+01 3.000726303410920082e+01
-6.640000000000070202e+01 3.026801398431052803e+01
-6.600000000000289901e+01 3.052644944981148001e+01
-6.560000000000150067e+01 3.078525089440881857e+01
-6.520000000000000284e+01 3.104178210331156151e+01
-6.480000000000219984e+01 3.129803440560863237e+01
-6.440000000000070202e+01 3.155080599190841895e+01
-6.400000000000289901e+01 3.180775018380882102e+01
-6.360000000000150067e+01 3.202618091823387658e+01
-6.320000000000000284e+01 3.228093146348692244e+01
-6.280000000000219984e+01 3.252956831083429279e+01
-6.240000000000070202e+01 3.278248892093688482e+01
-6.200000000000289901e+01 3.302857051078171935e+01
-6.160000000000150067e+01 3.327874356883694418e+01
-6.120000000000000284e+01 3.352485829333454603e+01
-6.080000000000219984e+01 3.376871849408416892e+01
-6.040000000000070202e+01 3.401106266508577392e+01
-6.000000000000289901e+01 3.425091091098511242e+01
-5.960000000000150067e+01 3.449326362668216461e+01
-5.920000000000000284e+01 3.472984345943405060e+01
-5.880000000000219984e+01 3.496677091088349698e+01
-5.840000000000070202e+01 3.520259956043446437e+01
-5.800000000000289901e+01 3.543362355113640660e+01
-5.760000000000150067e+01 3.570022513936055475e+01
-5.720000000000000284e+01 3.593099436806005542e+01
-5.680000000000219984e+01 3.616669190765969688e+01
-5.640000000000070202e+01 3.639719271066132933e+01
-5.600000000000289901e+01 3.662477715155910118e+01
-5.560000000000150067e+01 3.685039964735915419e+01
-5.520000000000000284e+01 3.707685584465798456e+01
-5.480000000000219984e+01 3.730112848606222542e+01
-5.440000000000070202e+01 3.752221104635827942e+01
-5.400000000000289901e+01 3.773964618186073494e+01
-5.360000000000150067e+01 3.796009993496045354e+01
-5.320000000000000284e+01 3.817515832215940463e+01
-5.280000000000219984e+01 3.838756500306044472e+01
-5.240000000000070202e+01 3.860175211796013173e+01
-5.200000000000289901e+01 3.880906809135922231e+01
-5.160000000000150067e+01 3.901531138255813858e+01
-5.120000000000000284e+01 3.923293300560908392e+01
-5.080000000000219984e+01 3.943430540840927279e+01
-5.040000000000070202e+01 3.963297090135893086e+01
-5.000000000000289901e+01 3.982787143596215174e+01
-4.960000000000150067e+01 4.002340513201124850e+01
-4.920000000000000284e+01 4.021366209661209723e+01
-4.880000000000219984e+01 4.040331059496020316e+01
-4.840000000000070202e+01 4.059195368345899624e+01
-4.800000000000289901e+01 4.077367290146139567e+01
-4.760000000000150067e+01 4.095870562150957994e+01
-4.720000000000000284e+01 4.113565259391180007e+01
-4.680000000000219984e+01 4.131016497681048349e+01
-4.640000000000070202e+01 4.148421211865934310e+01
-4.600000000000289901e+01 4.165463605841068784e+01
-4.560000000000150067e+01 4.182174532505814568e+01
-4.520000000000000284e+01 4.198552480290891253e+01
-4.480000000000219984e+01 4.213114011326251784e+01
-4.440000000000070202e+01 4.228735086556116585e+01
-4.400000000000289901e+01 4.243889550636231434e+01
-4.360000000000150067e+01 4.258799796416133177e+01
-4.320000000000000284e+01 4.273217587955878116e+01
-4.280000000000219984e+01 4.287622975945851067e+01
-4.240000000000070202e+01 4.301653753156278981e+01
-4.200000000000289901e+01 4.315316122926014941e+01
-4.160000000000150067e+01 4.328592799045873107e+01
-4.120000000000000284e+01 4.341743554646018310e+01
-4.080000000000219984e+01 4.354230449115857482e+01
-4.040000000000070202e+01 4.367087740015995223e+01
-4.000000000000289901e+01 4.378754874066362390e+01
-3.960000000000150067e+01 4.390185889256099472e+01
-3.920000000000000284e+01 4.401668868755950825e+01
-3.880000000000219984e+01 4.412361602196324384e+01
-3.840000000000070202e+01 4.423140728285943624e+01
-3.800000000000289901e+01 4.431356567643524613e+01
-3.760000000000150067e+01 4.441225822058549966e+01
-3.720000000000000284e+01 4.450604953563743038e+01
-3.680000000000219984e+01 4.459715398303524125e+01
-3.640000000000070202e+01 4.468322136413189583e+01
-3.600000000000289901e+01 4.476201783648866694e+01
-3.560000000000150067e+01 4.484066426228673663e+01
-3.520000000000000284e+01 4.491211192923583440e+01
-3.480000000000219984e+01 4.498113207093410892e+01
-3.440000000000070202e+01 4.504305676828516880e+01
-3.400000000000289901e+01 4.510201968648470938e+01
-3.360000000000150067e+01 4.515336821588425664e+01
-3.320000000000000284e+01 4.520163664508436341e+01
-3.280000000000219984e+01 4.524379049773415318e+01
-3.240000000000070202e+01 4.527688833718639216e+01
-3.200000000000289901e+01 4.532726295930842753e+01
-3.160000000000150067e+01 4.535707318411004962e+01
-3.119999999999999929e+01 4.537986864180857083e+01
-3.080000000000219984e+01 4.539662423040863359e+01
-3.040000000000069846e+01 4.540731677980875247e+01
-3.000000000000289901e+01 4.541182036561076529e+01
-2.960000000000150067e+01 4.541046847161123878e+01
-2.919999999999999929e+01 4.540250028360969736e+01
-2.880000000000219984e+01 4.538978460220823763e+01
-2.840000000000069846e+01 4.537185098281042883e+01
-2.800000000000289901e+01 4.534399427700918750e+01
-2.760000000000150067e+01 4.531045822420855984e+01
-2.719999999999999929e+01 4.526658831740860478e+01
-2.680000000000219984e+01 4.522029695270975935e+01
-2.640000000000069846e+01 4.516360272320889635e+01
-2.600000000000289901e+01 4.510175150510985986e+01
-2.560000000000150067e+01 4.503035923400966567e+01
-2.519999999999999929e+01 4.495076823548151879e+01
-2.480000000000219984e+01 4.486847903933448833e+01
-2.440000000000069846e+01 4.477429676153406035e+01
-2.400000000000289901e+01 4.467388968748491607e+01
-2.360000000000150067e+01 4.456362842648377409e+01
-2.319999999999999929e+01 4.444420342688681558e+01
-2.280000000000219984e+01 4.432047553598386003e+01
-2.240000000000069846e+01 4.417861449558404274e+01
-2.200000000000289901e+01 4.403350943028272013e+01
-2.160000000000150067e+01 4.387953266483236803e+01
-2.119999999999999929e+01 4.371211208053500741e+01
-2.080000000000219984e+01 4.353997485138461343e+01
-2.040000000000069846e+01 4.335194091088487767e+01
-2.000000000000289901e+01 4.315534345888590906e+01
-1.960000000000150067e+01 4.294841841198649490e+01
-1.919999999999999929e+01 4.273814229456183966e+01
-1.880000000000219984e+01 4.250638100055948598e+01
-1.840000000000069846e+01 4.226643304395838641e+01
-1.800000000000289901e+01 4.200779025335941697e+01
-1.760000000000150067e+01 4.174379812055849470e+01
-1.719999999999999929e+01 4.146411229976001778e+01
-1.680000000000219984e+01 4.116977868285903241e+01
-1.640000000000069846e+01 4.086119512296136236e+01
-1.600000000000289901e+01 4.053905764055889449e+01
-1.560000000000150067e+01 4.019925078655796824e+01
-1.519999999999999929e+01 3.984611698226217413e+01
-1.480000000000219984e+01 3.947101133135947748e+01
-1.440000000000070024e+01 3.909188149216060992e+01
-1.400000000000290079e+01 3.868399702185706701e+01
-1.360000000000150067e+01 3.826254039366176585e+01
-1.319999999999999929e+01 3.782213553666224470e+01
-1.280000000000219984e+01 3.736691298265941441e+01
-1.240000000000070024e+01 3.688053389592823805e+01
-1.200000000000290079e+01 3.638452282493017265e+01
-1.160000000000150067e+01 3.586211805473067216e+01
-1.119999999999999929e+01 3.531524418592744041e+01
-1.080000000000219984e+01 3.474868274662730983e+01
-1.040000000000070024e+01 3.415479980488089495e+01
-1.000000000000290079e+01 3.353848348758037901e+01
-9.600000000001449152e+00 3.289149921078205807e+01
-9.199999999999999289e+00 3.221768699878157349e+01
-8.800000000002180300e+00 3.151324709302934934e+01
-8.400000000000730438e+00 3.077421624158159830e+01
-8.000000000002909673e+00 2.999950399128283607e+01
-7.600000000001459810e+00 2.919433501402818365e+01
-7.200000000000000178e+00 2.834286231897931430e+01
-6.800000000002180300e+00 2.745546318322885782e+01
-6.400000000000730438e+00 2.653606501219837810e+01
-6.000000000002909673e+00 2.555710129430008237e+01
-5.600000000001459810e+00 2.453760264539960190e+01
-5.200000000000000178e+00 2.345955565580152324e+01
-4.800000000002180300e+00 2.233229670600121608e+01
-4.400000000000730438e+00 2.113904492000074242e+01
-4.000000000002909673e+00 1.987766303640091792e+01
-3.600000000001459810e+00 1.853320428820006782e+01
-3.200000000000000178e+00 1.711606068149922066e+01
-2.800000000002179856e+00 1.559902747179876314e+01
-2.400000000000729994e+00 1.397436137190015870e+01
-2.000000000002910117e+00 1.223265022190025775e+01
-1.600000000001460032e+00 1.033882508469832828e+01
-1.199999999999999956e+00 8.265906048898614245e+00
-8.000000000021829649e-01 5.954466190200037090e+00
-4.000000000007279954e-01 3.293017038900870830e+00
-2.910387209009709878e-12 0.000000000000000000e+00
