-1.024000000000010004e+02 -1.671076614652632998e+03
-1.016000000000010033e+02 -1.669109660052567051e+03
-1.012000000000000028e+02 -1.668545545172750280e+03
-1.008000000000020009e+02 -3.667042504149594606e+03
-1.004000000000010004e+02 -3.683019662229042297e+03
-1.000000000000029985e+02 -3.666209198943153751e+03
-9.960000000000150067e+01 -2.826923574165663013e+03
-9.920000000000000284e+01 -8.640754977270153177e+02
-9.880000000000219984e+01 -8.688748108129839238e+02
-9.840000000000070202e+01 -8.625499048655510705e+02
-9.800000000000289901e+01 -8.641917104533094971e+02
-9.760000000000150067e+01 -8.620421976828984043e+02
-9.720000000000000284e+01 -8.620036132763234491e+02
-9.680000000000219984e+01 -8.607476735599229869e+02
-9.640000000000070202e+01 -8.608037395044266304e+02
-9.600000000000289901e+01 -8.593408254833229876e+02
-9.560000000000150067e+01 -6.039927278754839790e+01
-9.520000000000000284e+01 -5.874018448756032740e+01
-9.480000000000219984e+01 -5.858754859406690230e+01
-9.440000000000070202e+01 -5.682824858308958937e+01
-9.400000000000289901e+01 -5.613848614706148510e+01
-9.360000000000150067e+01 -5.509939056657094625e+01
-9.320000000000000284e+01 -5.494231775302978349e+01
-9.280000000000219984e+01 -5.359356873906290275e+01
-9.240000000000070202e+01 -5.285681667806420592e+01
-9.200000000000289901e+01 -5.209921512204527971e+01
-9.160000000000150067e+01 -5.169575869532491197e+01
-9.120000000000000284e+01 -5.080551767433280475e+01
-9.080000000000219984e+01 -5.020761690254948917e+01
-9.040000000000070202e+01 -4.943884189409800456e+01
-9.000000000000289901e+01 -4.841678928907276713e+01
-8.960000000000150067e+01 -4.759715733204575372e+01
-8.920000000000000284e+01 -4.697317512856170652e+01
-8.880000000000219984e+01 -4.619904122705702321e+01
-8.840000000000070202e+01 -4.557603091105193016e+01
-8.800000000000289901e+01 -4.483570593006515992e+01
-8.760000000000150067e+01 -4.422122434954872006e+01
-8.720000000000000284e+01 -4.352038578354768106e+01
-8.680000000000219984e+01 -4.290615113255989854e+01
-8.640000000000070202e+01 -4.223829704356103321e+01
-8.600000000000289901e+01 -4.164937918706345954e+01
-8.560000000000150067e+01 -4.101654019357010839e+01
-8.520000000000000284e+01 -4.044831961655654595e+01
-8.480000000000219984e+01 -3.985224873555489467e+01
-8.440000000000070202e+01 -3.915497959057756816e+01
-8.400000000000289901e+01 -3.853036733456610818e+01
-8.360000000000150067e+01 -3.795636639042277238e+01
-8.320000000000000284e+01 -3.735812865136540495e+01
-8.280000000000219984e+01 -3.679558399007510161e+01
-8.240000000000070202e+01 -3.621827516741905129e+01
-8.200000000000289901e+01 -3.566332260221679462e+01
-8.160000000000150067e+01 -3.509694068461612915e+01
-8.120000000000000284e+01 -3.454134793826960959e+01
-8.080000000000219984e+01 -3.398739400981867220e+01
-8.040000000000070202e+01 -3.344925763977153110e+01
-8.000000000000289901e+01 -3.291291586801162339e+01
-7.960000000000150067e+01 -3.238441353256712318e+01
-7.920000000000000284e+01 -3.185735567951633129e+01
-7.880000000000219984e+01 -3.134184628517687088e+01
-7.840000000000070202e+01 -3.082988394137282739e+01
-7.800000000000289901e+01 -3.031448559837372159e+01
-7.760000000000150067e+01 -2.980412579177209409e+01
-7.720000000000000284e+01 -2.930189546121619060e+01
-7.680000000000219984e+01 -2.880591639772319468e+01
-7.640000000000070202e+01 -2.831531036971500725e+01
-7.600000000000289901e+01 -2.782063168277090881e+01
-7.560000000000150067e+01 -2.734163463456934551e+01
-7.520000000000000284e+01 -2.686352720182549092e+01
-7.480000000000219984e+01 -2.638431743576802546e+01
-7.440000000000070202e+01 -2.590997227957632276e+01
-7.400000000000289901e+01 -2.544294375481695170e+01
-7.360000000000150067e+01 -2.497924764157141908e+01
-7.320000000000000284e+01 -2.452164390827601892e+01
-7.280000000000219984e+01 -2.406420348225583439e+01
-7.240000000000070202e+01 -2.360765214627099340e+01
-7.200000000000289901e+01 -2.315183132827587542e+01
-7.160000000000150067e+01 -2.270586451825874974e+01
-7.120000000000000284e+01 -2.225684443927093525e+01
-7.080000000000219984e+01 -2.182306099326888216e+01
-7.040000000000070202e+01 -2.137531576726541971e+01
-7.000000000000289901e+01 -2.094117423107309151e+01
-6.960000000000150067e+01 -2.050613397347842692e+01
-6.920000000000000284e+01 -2.007178895737524726e+01
-6.880000000000219984e+01 -1.963603311073165969e+01
-6.840000000000070202e+01 -1.920702645152414334e+01
-6.800000000000289901e+01 -1.877997382243120228e+01
-6.760000000000150067e+01 -1.835285220063451561e+01
-6.720000000000000284e+01 -1.793114721313395421e+01
-6.680000000000219984e+01 -1.751056146652990719e+01
-6.640000000000070202e+01 -1.708417447339161299e+01
-6.600000000000289901e+01 -1.666215122499124845e+01
-6.560000000000150067e+01 -1.625705788488994585e+01
-6.520000000000000284e+01 -1.583797561578830937e+01
-6.480000000000219984e+01 -1.542625418369061663e+01
-6.440000000000070202e+01 -1.501794170869106892e+01
-6.400000000000289901e+01 -1.460461696298807510e+01
-6.360000000000150067e+01 -1.420238081166462507e+01
-6.320000000000000284e+01 -1.379827638211645535e+01
-6.280000000000219984e+01 -1.339844696196450968e+01
-6.240000000000070202e+01 -1.299698526281645172e+01
-6.200000000000289901e+01 -1.259741716421194724e+01
-6.160000000000150067e+01 -1.220293415671403636e+01
-6.120000000000000284e+01 -1.181362628456554376e+01
-6.080000000000219984e+01 -1.141908935604078579e+01
-6.040000000000070202e+01 -1.102412804474079167e+01
-6.000000000000289901e+01 -1.064297126714154729e+01
-5.960000000000150067e+01 -1.025387234604204423e+01
-5.920000000000000284e+01 -9.867757901538425358e+00
-5.880000000000219984e+01 -9.487720600540342275e+00
-5.840000000000070202e+01 -9.103571591342188185e+00
-5.800000000000289901e+01 -8.724538237442175159e+00
-5.760000000000150067e+01 -8.346876003441138892e+00
-5.720000000000000284e+01 -7.975906804313126486e+00
-5.680000000000219984e+01 -7.594996050665940857e+00
-5.640000000000070202e+01 -7.218686195363261504e+00
-5.600000000000289901e+01 -6.844350346666033147e+00
-5.560000000000150067e+01 -6.469423494163493160e+00
-5.520000000000000284e+01 -6.098306712814519415e+00
-5.480000000000219984e+01 -5.725468430162436562e+00
-5.440000000000070202e+01 -5.349524793189630145e+00
-5.400000000000289901e+01 -4.978421076692029601e+00
-5.360000000000150067e+01 -4.612661276387370890e+00
-5.320000000000000284e+01 -4.240741795088979416e+00
-5.280000000000219984e+01 -3.872659554090205347e+00
-5.240000000000070202e+01 -3.513912945589254377e+00
-5.200000000000289901e+01 -3.151556772991170874e+00
-5.160000000000150067e+01 -2.788097414992080303e+00
-5.120000000000000284e+01 -2.432634928187326295e+00
-5.080000000000219984e+01 -2.072099160290235886e+00
-5.040000000000070202e+01 -1.712411882690503262e+00
-5.000000000000289901e+01 -1.357227503936883295e+00
-4.960000000000150067e+01 -1.003875250342389336e+00
-4.920000000000000284e+01 -6.518831361900083721e-01
-4.880000000000219984e+01 -2.991918801380961668e-01
-4.840000000000070202e+01 4.800342875751084648e-02
-4.800000000000289901e+01 4.026745221090095583e-01
-4.760000000000150067e+01 7.565549609098525252e-01
-4.720000000000000284e+01 1.102619285611581290e+00
-4.680000000000219984e+01 1.449151965411147103e+00
-4.640000000000070202e+01 1.792169203512457898e+00
-4.600000000000289901e+01 2.138232558409072226e+00
-4.560000000000150067e+01 2.485273737511306535e+00
-4.520000000000000284e+01 2.822845005310227862e+00
-4.480000000000219984e+01 3.160826020208332920e+00
-4.440000000000070202e+01 3.501532938735181233e+00
-4.400000000000289901e+01 3.838381860536173917e+00
-4.360000000000150067e+01 4.174973154484177940e+00
-4.320000000000000284e+01 4.513386627437284915e+00
-4.280000000000219984e+01 4.850865439282642910e+00
-4.240000000000070202e+01 5.183763899232872063e+00
-4.200000000000289901e+01 5.518608538484841119e+00
-4.160000000000150067e+01 5.846004392758914037e+00
-4.120000000000000284e+01 6.178256437258824008e+00
-4.080000000000219984e+01 6.507035654158244142e+00
-4.040000000000070202e+01 6.829198638060915982e+00
-4.000000000000289901e+01 7.156960414358763956e+00
-3.960000000000150067e+01 7.486092860457574716e+00
-3.920000000000000284e+01 7.804295528960210504e+00
-3.880000000000219984e+01 8.130762254757428309e+00
-3.840000000000070202e+01 8.448918278158089379e+00
-3.800000000000289901e+01 8.775564145384123549e+00
-3.760000000000150067e+01 9.086680336531571811e+00
-3.720000000000000284e+01 9.396936336586804828e+00
-3.680000000000219984e+01 9.711263361135934247e+00
-3.640000000000070202e+01 1.001730579028298962e+01
-3.600000000000289901e+01 1.032261697673311573e+01
-3.560000000000150067e+01 1.062600614658367704e+01
-3.520000000000000284e+01 1.092219686571115744e+01
-3.480000000000219984e+01 1.121751324710930930e+01
-3.440000000000070202e+01 1.151953694101030123e+01
-3.400000000000289901e+01 1.180761268561036559e+01
-3.360000000000150067e+01 1.209973872710907017e+01
-3.320000000000000284e+01 1.238831435170868644e+01
-3.280000000000219984e+01 1.267670975180953974e+01
-3.240000000000070202e+01 1.295880903711076826e+01
-3.200000000000289901e+01 1.324207202221077750e+01
-3.160000000000150067e+01 1.351931082296141540e+01
-3.119999999999999929e+01 1.379361872161098290e+01
-3.080000000000219984e+01 1.406825996291081537e+01
-3.040000000000069846e+01 1.433401052641056594e+01
-3.000000000000289901e+01 1.460003010616128449e+01
-2.960000000000150067e+01 1.486468355010947562e+01
-2.919999999999999929e+01 1.512533286941106780e+01
-2.880000000000219984e+01 1.538254481671174290e+01
-2.840000000000069846e+01 1.563567619840978296e+01
-2.800000000000289901e+01 1.588336426491150633e+01
-2.760000000000150067e+01 1.612812762881003437e+01
-2.719999999999999929e+01 1.637110843131085858e+01
-2.680000000000219984e+01 1.660767310131268459e+01
-2.640000000000069846e+01 1.684324827121236012e+01
-2.600000000000289901e+01 1.707131955551085412e+01
-2.560000000000150067e+01 1.729234063941112254e+01
-2.519999999999999929e+01 1.751551700413619983e+01
-2.480000000000219984e+01 1.773118758683631313e+01
-2.440000000000069846e+01 1.794414424728529411e+01
-2.400000000000289901e+01 1.814667194623325486e+01
-2.360000000000150067e+01 1.834762668953408138e+01
-2.319999999999999929e+01 1.854363517368255998e+01
-2.280000000000219984e+01 1.873228993798693409e+01
-2.240000000000069846e+01 1.891707169215806061e+01
-2.200000000000289901e+01 1.908941180645706481e+01
-2.160000000000150067e+01 1.926064395975845400e+01
-2.119999999999999929e+01 1.942749082035879837e+01
-2.080000000000219984e+01 1.958203965845677885e+01
-2.040000000000069846e+01 1.973664279105651076e+01
-2.000000000000289901e+01 1.987628220795886591e+01
-1.960000000000150067e+01 2.001167239245842211e+01
-1.919999999999999929e+01 2.013223917573486688e+01
-1.880000000000219984e+01 2.025636490183387650e+01
-1.840000000000069846e+01 2.037088806388419471e+01
-1.800000000000289901e+01 2.047344612038432388e+01
-1.760000000000150067e+01 2.056819500158235314e+01
-1.719999999999999929e+01 2.065285237218267866e+01
-1.680000000000219984e+01 2.072763798173400573e+01
-1.640000000000069846e+01 2.079712958563322900e+01
-1.600000000000289901e+01 2.085703654170720256e+01
-1.560000000000150067e+01 2.090070768601071904e+01
-1.519999999999999929e+01 2.093809492551008589e+01
-1.480000000000219984e+01 2.096224551600971608e+01
-1.440000000000070024e+01 2.097520383460869198e+01
-1.400000000000290079e+01 2.097232081320908037e+01
-1.360000000000150067e+01 2.095536608630936826e+01
-1.319999999999999929e+01 2.092539607111029909e+01
-1.280000000000219984e+01 2.088251046930963639e+01
-1.240000000000070024e+01 2.081879913865850540e+01
-1.200000000000290079e+01 2.074359759125945857e+01
-1.160000000000150067e+01 2.065313029045864823e+01
-1.119999999999999929e+01 2.054317892710969318e+01
-1.080000000000219984e+01 2.041511514560625073e+01
-1.040000000000070024e+01 2.026814713780913735e+01
-1.000000000000290079e+01 2.010149909215760999e+01
-9.600000000001449152e+00 1.991713371040896163e+01
-9.199999999999999289e+00 1.970624499531186302e+01
-8.800000000002180300e+00 1.946806895480767707e+01
-8.400000000000730438e+00 1.920795189471027697e+01
-8.000000000002909673e+00 1.891426321831022506e+01
-7.600000000001459810e+00 1.859564137931010919e+01
-7.200000000000000178e+00 1.824873264710913645e+01
-6.800000000002180300e+00 1.786185192290940904e+01
-6.400000000000730438e+00 1.744339395381030045e+01
-6.000000000002909673e+00 1.697851370900389156e+01
-5.600000000001459810e+00 1.647657052005160949e+01
-5.200000000000000178e+00 1.593094085905249813e+01
-4.800000000002180300e+00 1.533441441485410905e+01
-4.400000000000730438e+00 1.467895816665259190e+01
-4.000000000002909673e+00 1.395974178090182249e+01
-3.600000000001459810e+00 1.317606768290352193e+01
-3.200000000000000178e+00 1.231413275569866528e+01
-2.800000000002179856e+00 1.136445888919843128e+01
-2.400000000000729994e+00 1.031778345949715003e+01
-2.000000000002910117e+00 9.147507729299832135e+00
-1.600000000001460032e+00 7.840480810897133779e+00
-1.199999999999999956e+00 6.353582974799792282e+00
-8.000000000021829649e-01 4.641643411599943647e+00
-4.000000000007279954e-01 2.617589081197365886e+00
-2.910387209009709878e-12 0.000000000000000000e+00
