-2.128000000000020009e+02 5.047724815751263375e-03
-2.124000000000010004e+02 5.239842429615591129e-03
-2.120000000000030127e+02 3.902999174620495199e-02
-2.116000000000009891e+02 3.893672749102480152e-02
-2.111999999999999886e+02 3.833852490515100159e-02
-2.108000000000020009e+02 3.869716816754330269e-02
-2.104000000000010004e+02 3.837662145749360515e-02
-2.100000000000030127e+02 3.716575401019475006e-02
-2.096000000000009891e+02 3.624370389436490369e-02
-2.091999999999999886e+02 3.623143213554140540e-02
-2.088000000000020009e+02 3.656243773730130653e-02
-2.084000000000010004e+02 3.659425872196675478e-02
-2.080000000000030127e+02 3.659870175816610366e-02
-2.076000000000009891e+02 3.653293802462415779e-02
-2.184000000000010004e+02 2.799982171795692421e-02
-2.180000000000030127e+02 2.800098745739162259e-02
-2.176000000000009891e+02 3.295988289377321800e-02
-2.171999999999999886e+02 2.800132509662122543e-02
-2.168000000000020009e+02 3.296678239566072643e-02
-2.164000000000010004e+02 3.296693605939982064e-02
-2.160000000000030127e+02 3.296728794234582427e-02
-2.156000000000009891e+02 3.296731032532881911e-02
-2.151999999999999886e+02 3.296827553007572464e-02
-2.148000000000020009e+02 3.296846532935172186e-02
-2.144000000000010004e+02 3.429591094057941880e-02
-2.140000000000030127e+02 3.429588575095272179e-02
-2.136000000000009891e+02 3.544148443029132567e-02
-2.131999999999999886e+02 3.543763694286112403e-02
-2.071999999999999886e+02 3.076445888124592146e-02
-2.068000000000020009e+02 3.075490247015932183e-02
-2.064000000000010004e+02 3.065860610596772215e-02
-2.060000000000030127e+02 3.065931471332002459e-02
-2.056000000000009891e+02 3.101438716695107539e-02
-2.051999999999999886e+02 3.092814203495737255e-02
-2.048000000000020009e+02 3.096557459754697289e-02
-2.044000000000010004e+02 3.087527450206912355e-02
-2.040000000000030127e+02 3.082341167097187029e-02
-2.036000000000009891e+02 3.079186024285562179e-02
-2.031999999999999886e+02 3.058127577111797307e-02
-2.028000000000020009e+02 3.057423273972162403e-02
-2.024000000000010004e+02 3.057155530142157199e-02
-2.020000000000030127e+02 3.055540582812677278e-02
-2.016000000000009891e+02 3.054538839082247131e-02
-2.011999999999999886e+02 3.054214678950692430e-02
-2.008000000000020009e+02 3.052876645567597150e-02
-2.004000000000010004e+02 3.052725503950132202e-02
-2.000000000000030127e+02 3.052434363786002414e-02
-1.996000000000009891e+02 3.052131367028807288e-02
-1.991999999999999886e+02 3.051735455344692372e-02
-1.988000000000020009e+02 3.051603302807282328e-02
-1.984000000000010004e+02 3.050044359880157291e-02
-1.980000000000030127e+02 3.050134813093737310e-02
-1.976000000000009891e+02 3.049989296008607381e-02
-1.971999999999999886e+02 3.049942827178012128e-02
-1.968000000000020009e+02 3.035465138296692192e-02
-1.964000000000010004e+02 3.035645513182452099e-02
-1.960000000000030127e+02 3.035391695753632268e-02
-1.956000000000009891e+02 3.035086909199932390e-02
-1.951999999999999886e+02 3.034674896533362184e-02
-1.948000000000020009e+02 3.034688850616542102e-02
-1.944000000000010004e+02 3.034206773763892251e-02
-1.940000000000030127e+02 3.034191497714932087e-02
-1.936000000000009891e+02 3.033561360695472345e-02
-1.931999999999999886e+02 3.033609832773892165e-02
-1.928000000000020009e+02 3.036007001735887070e-02
-1.924000000000010004e+02 3.036209330621442160e-02
-1.920000000000030127e+02 3.035379373089542102e-02
-1.916000000000009891e+02 3.035205193082352038e-02
-1.911999999999999886e+02 3.035232928358991972e-02
-1.908000000000020009e+02 3.035095398142177020e-02
-1.904000000000010004e+02 3.035314966647397264e-02
-1.900000000000030127e+02 3.034871612402137431e-02
-1.896000000000009891e+02 3.035051692826652020e-02
-1.891999999999999886e+02 3.035031172208307176e-02
-1.888000000000020009e+02 3.034796002090212053e-02
-1.884000000000010004e+02 3.034711536314241981e-02
-1.880000000000030127e+02 3.034656778176107045e-02
-1.876000000000009891e+02 3.034896518383567096e-02
-1.871999999999999886e+02 3.034715350378277415e-02
-1.868000000000020009e+02 3.034881408971137201e-02
-1.864000000000010004e+02 3.034527122870272001e-02
-1.860000000000030127e+02 3.034752834207882222e-02
-1.856000000000009891e+02 3.034457279683882083e-02
-1.851999999999999886e+02 3.034759511598487253e-02
-1.848000000000020009e+02 3.035953586383892053e-02
-1.844000000000010004e+02 3.036079225293871961e-02
-1.840000000000030127e+02 3.036111932129821958e-02
-1.836000000000009891e+02 3.035871228206622058e-02
-1.831999999999999886e+02 3.036054793681472116e-02
-1.828000000000020009e+02 3.036001924197662127e-02
-1.824000000000010004e+02 3.036095841417352226e-02
-1.820000000000030127e+02 3.036104707728302238e-02
-1.816000000000009891e+02 3.036130387191872046e-02
-1.811999999999999886e+02 3.036088222957572177e-02
-1.808000000000020009e+02 3.036244467059432198e-02
-1.804000000000010004e+02 3.036121192499031951e-02
-1.800000000000030127e+02 3.036047306574451987e-02
-1.796000000000009891e+02 3.036116529476242179e-02
-1.791999999999999886e+02 3.035732393917837252e-02
-1.788000000000020009e+02 3.035263891087352020e-02
-1.784000000000010004e+02 3.035655188969981974e-02
-1.780000000000030127e+02 3.034962826293342159e-02
-1.776000000000009891e+02 3.034880986388332341e-02
-1.771999999999999886e+02 3.034569558052341992e-02
-1.768000000000020009e+02 3.034334980227582079e-02
-1.764000000000010004e+02 3.034154480712726934e-02
-1.760000000000030127e+02 3.033920577374576988e-02
-1.756000000000009891e+02 3.034083067861007010e-02
-1.751999999999999886e+02 3.033879076235077021e-02
-1.748000000000020009e+02 3.033896377938697167e-02
-1.744000000000010004e+02 3.033929087603332020e-02
-1.740000000000030127e+02 3.033680495992721951e-02
-1.736000000000009891e+02 3.033627557119022294e-02
-1.731999999999999886e+02 3.033616597650052107e-02
-1.728000000000020009e+02 3.033359716749542412e-02
-1.724000000000010004e+02 3.033407029718927089e-02
-1.720000000000030127e+02 3.030426260025782109e-02
-1.716000000000009891e+02 3.030896085543512142e-02
-1.711999999999999886e+02 3.030550274883252182e-02
-1.708000000000020009e+02 3.030695753850672081e-02
-1.704000000000010004e+02 3.030497012091901837e-02
-1.700000000000030127e+02 3.030427452476332217e-02
-1.696000000000009891e+02 3.030391281476232240e-02
-1.691999999999999886e+02 3.030688599147361717e-02
-1.688000000000020009e+02 3.030494627190802315e-02
-1.684000000000010004e+02 3.029617778551101787e-02
-1.680000000000030127e+02 3.030150803948122168e-02
-1.676000000000009891e+02 3.029487403957351749e-02
-1.671999999999999886e+02 3.029670246375421733e-02
-1.668000000000020009e+02 3.029403137451631978e-02
-1.664000000000010004e+02 3.028910257889882301e-02
-1.660000000000030127e+02 3.028683059244837231e-02
-1.656000000000009891e+02 3.028993297776937099e-02
-1.651999999999999886e+02 3.028590016866006956e-02
-1.648000000000020009e+02 3.029776454471251948e-02
-1.644000000000010004e+02 3.028712196306417026e-02
-1.640000000000030127e+02 3.028976974452701754e-02
-1.636000000000009891e+02 3.028547222436211994e-02
-1.631999999999999886e+02 3.028727967433327006e-02
-1.628000000000020009e+02 3.028659106264511985e-02
-1.624000000000010004e+02 3.028797715528561835e-02
-1.620000000000030127e+02 3.028887699261832017e-02
-1.616000000000009891e+02 3.028962336683966791e-02
-1.611999999999999886e+02 3.028810140188506819e-02
-1.608000000000020009e+02 3.029304254597492072e-02
-1.604000000000010004e+02 3.029294107831551758e-02
-1.600000000000030127e+02 3.029393248614181688e-02
-1.596000000000009891e+02 3.030016931480571801e-02
-1.591999999999999886e+02 3.029066632634241918e-02
-1.588000000000020009e+02 3.029693073416032251e-02
-1.584000000000010004e+02 3.030030327069622303e-02
-1.580000000000030127e+02 3.029741533929342090e-02
-1.576000000000009891e+02 3.030214319425021674e-02
-1.571999999999999886e+02 3.029820725499862005e-02
-1.568000000000020009e+02 3.030488535012521717e-02
-1.564000000000010004e+02 3.030851791868381662e-02
-1.560000000000030127e+02 3.030581516160012201e-02
-1.556000000000009891e+02 3.030602791507312072e-02
-1.551999999999999886e+02 3.031375401804851932e-02
-1.548000000000020009e+02 3.031492022227121746e-02
-1.544000000000010004e+02 3.031419922439031883e-02
-1.540000000000030127e+02 3.031762297935491901e-02
-1.536000000000009891e+02 3.031663012981392069e-02
-1.531999999999999886e+02 3.030723533554036814e-02
-1.528000000000020009e+02 3.030422106240032026e-02
-1.524000000000010004e+02 3.030472368312252252e-02
-1.520000000000030127e+02 3.030874499259157001e-02
-1.516000000000009891e+02 3.030807973896997021e-02
-1.511999999999999886e+02 3.031180865225812163e-02
-1.508000000000020009e+02 3.031344310890447119e-02
-1.504000000000010004e+02 3.031021547862872145e-02
-1.500000000000030127e+02 3.031450707869546776e-02
-1.496000000000009891e+02 3.031339913558621715e-02
-1.491999999999999886e+02 3.031553569420851815e-02
-1.488000000000020009e+02 3.031722318065767016e-02
-1.484000000000010004e+02 3.031895726030566993e-02
-1.480000000000030127e+02 3.032142022765111841e-02
-1.476000000000009891e+02 3.032016708651501941e-02
-1.471999999999999886e+02 3.030213338044161764e-02
-1.468000000000020009e+02 3.030357175183472085e-02
-1.464000000000010004e+02 3.030189949891431977e-02
-1.460000000000030127e+02 3.030256606126721652e-02
-1.456000000000009891e+02 3.031015551682921666e-02
-1.451999999999999886e+02 3.030687337939561715e-02
-1.448000000000020009e+02 3.030916931638902301e-02
-1.444000000000010004e+02 3.030857681651971669e-02
-1.440000000000030127e+02 3.030631206373002318e-02
-1.436000000000009891e+02 3.030758282002851689e-02
-1.431999999999999886e+02 3.030762959633401948e-02
-1.428000000000020009e+02 3.030635884003551883e-02
-1.424000000000010004e+02 3.030537653762072070e-02
-1.420000000000030127e+02 3.031003857606562324e-02
-1.416000000000009891e+02 3.030569227768262208e-02
-1.411999999999999886e+02 3.030825328040692018e-02
-1.408000000000020009e+02 3.030449558386771880e-02
-1.404000000000010004e+02 3.030849507928036826e-02
-1.400000000000030127e+02 3.030795515589437134e-02
-1.396000000000009891e+02 3.031151140853862239e-02
-1.391999999999999886e+02 3.031443471755696992e-02
-1.388000000000020009e+02 3.031082168341526703e-02
-1.384000000000010004e+02 3.031547365960186868e-02
-1.380000000000030127e+02 3.031316175562316986e-02
-1.376000000000009891e+02 3.031213515509212017e-02
-1.371999999999999886e+02 3.031131671511946846e-02
-1.368000000000020009e+02 3.031475416309957135e-02
-1.364000000000010004e+02 3.031445949909732096e-02
-1.360000000000030127e+02 3.031495016798861977e-02
-1.356000000000009891e+02 3.031102773875942250e-02
-1.351999999999999886e+02 3.031148057947017152e-02
-1.348000000000020009e+02 3.031199671559106981e-02
-1.344000000000010004e+02 3.030800046694021727e-02
-1.340000000000030127e+02 3.031005940219361899e-02
-1.336000000000009891e+02 3.030583151224571642e-02
-1.331999999999999886e+02 3.030397296954551872e-02
-1.328000000000020009e+02 3.030404762559481963e-02
-1.324000000000010004e+02 3.030455450087662234e-02
-1.320000000000030127e+02 3.030322640905282194e-02
-1.316000000000009891e+02 3.029989439169612081e-02
-1.311999999999999886e+02 3.030150539065391835e-02
-1.308000000000020009e+02 3.030202012446731735e-02
-1.304000000000010004e+02 3.030147002726221728e-02
-1.300000000000030127e+02 3.029707317888701706e-02
-1.296000000000009891e+02 3.029728535923752186e-02
-1.291999999999999886e+02 3.029745824693051703e-02
-1.288000000000020009e+02 3.029489243639522239e-02
-1.284000000000010004e+02 3.029735215675531668e-02
-1.280000000000030127e+02 3.029912425560891964e-02
-1.276000000000010033e+02 3.031011495864051677e-02
-1.272000000000000028e+02 3.030973560588682073e-02
-1.268000000000020009e+02 3.030816261468731801e-02
-1.264000000000010004e+02 3.031007592011772042e-02
-1.260000000000029985e+02 3.030902108168671838e-02
-1.256000000000010033e+02 3.030773465233996961e-02
-1.252000000000000028e+02 3.030993775180441940e-02
-1.248000000000020009e+02 3.031008212224391846e-02
-1.244000000000010004e+02 3.030934579724666941e-02
-1.240000000000029985e+02 3.031155981500211968e-02
-1.236000000000010033e+02 3.031092974552066985e-02
-1.232000000000000028e+02 3.031015376452471724e-02
-1.228000000000020009e+02 3.031396041062281790e-02
-1.224000000000010004e+02 3.031358672627351702e-02
-1.220000000000029985e+02 3.031525645396962107e-02
-1.216000000000010033e+02 3.031356879936492055e-02
-1.212000000000000028e+02 3.030929990632431903e-02
-1.208000000000020009e+02 3.030857729701472159e-02
-1.204000000000010004e+02 3.031045451032982063e-02
-1.200000000000029985e+02 3.030421807781041865e-02
-1.196000000000010033e+02 3.030743447468282198e-02
-1.192000000000000028e+02 3.030386462760471800e-02
-1.188000000000020009e+02 3.030417095111632292e-02
-1.184000000000010004e+02 3.030299278376381855e-02
-1.180000000000029985e+02 3.030351117739892020e-02
-1.176000000000010033e+02 3.029983922248361689e-02
-1.172000000000000028e+02 3.030286318535511947e-02
-1.168000000000020009e+02 3.030276893196692106e-02
-1.164000000000010004e+02 3.029763212230991709e-02
-1.160000000000029985e+02 3.030172429024761971e-02
-1.156000000000010033e+02 3.029647751830442243e-02
-1.152000000000000028e+02 3.030528983577101751e-02
-1.148000000000020009e+02 3.030439445161691933e-02
-1.144000000000010004e+02 3.030354926425561993e-02
-1.140000000000029985e+02 3.030441653961282039e-02
-1.136000000000010033e+02 3.030703943105446732e-02
-1.132000000000000028e+02 3.030491835887751811e-02
-1.128000000000020009e+02 3.030689445904656901e-02
-1.124000000000010004e+02 3.030526024954526693e-02
-1.120000000000029985e+02 3.030382286441902009e-02
-1.116000000000010033e+02 3.030333611279317080e-02
-1.112000000000000028e+02 3.030456475567367206e-02
-1.108000000000020009e+02 3.030228069741076891e-02
-1.104000000000010004e+02 3.030363458816066891e-02
-1.100000000000029985e+02 3.030186839959232020e-02
-1.096000000000010033e+02 3.030002036380357103e-02
-1.092000000000000028e+02 3.030369816141036815e-02
-1.088000000000020009e+02 3.030840261031581689e-02
-1.084000000000010004e+02 3.030721520117901635e-02
-1.080000000000029985e+02 3.030847314947242299e-02
-1.076000000000010033e+02 3.030922164830122251e-02
-1.072000000000000028e+02 3.030626292256442117e-02
-1.068000000000020009e+02 3.030946853534941671e-02
-1.064000000000010004e+02 3.031091850690262324e-02
-1.060000000000029985e+02 3.030980947460652081e-02
-1.056000000000010033e+02 3.030200706011391965e-02
-1.052000000000000028e+02 3.030620022109181688e-02
-1.048000000000020009e+02 3.030616103267151640e-02
-1.044000000000010004e+02 3.030826936968662039e-02
-1.040000000000029985e+02 3.030512253953211721e-02
-1.036000000000010033e+02 3.030312784893601785e-02
-1.032000000000000028e+02 3.030605130509451961e-02
-1.028000000000020009e+02 3.030525578016132066e-02
-1.024000000000010004e+02 3.030486781479981712e-02
-1.020000000000029985e+02 3.028461855963136828e-02
-1.016000000000010033e+02 3.029056464934591977e-02
-1.012000000000000028e+02 3.028678173218617153e-02
-1.008000000000020009e+02 3.028870545981727017e-02
-1.004000000000010004e+02 3.028760585275932019e-02
-1.000000000000029985e+02 3.028555878799292153e-02
-9.960000000000150067e+01 3.028680091367502020e-02
-9.920000000000000284e+01 3.028680996628671865e-02
-9.880000000000219984e+01 3.028647358245756954e-02
-9.840000000000070202e+01 3.028924974647096910e-02
-9.800000000000289901e+01 3.028958504469451973e-02
-9.760000000000150067e+01 3.028875174947786783e-02
-9.720000000000000284e+01 3.028920578452967000e-02
-9.680000000000219984e+01 3.029052250915077044e-02
-9.640000000000070202e+01 3.029232295713131864e-02
-9.600000000000289901e+01 3.028823598315261850e-02
-9.560000000000150067e+01 3.029282190465561880e-02
-9.520000000000000284e+01 3.029481017897001777e-02
-9.480000000000219984e+01 3.029529064604401939e-02
-9.440000000000070202e+01 3.029692345284831778e-02
-9.400000000000289901e+01 3.030062656493082152e-02
-9.360000000000150067e+01 3.030277890117281936e-02
-9.320000000000000284e+01 3.030510311181532079e-02
-9.280000000000219984e+01 3.030377889768461758e-02
-9.240000000000070202e+01 3.030918903506252260e-02
-9.200000000000289901e+01 3.030901716066201901e-02
-9.160000000000150067e+01 3.031062653004811674e-02
-9.120000000000000284e+01 3.031816166001342211e-02
-9.080000000000219984e+01 3.031630619773582197e-02
-9.040000000000070202e+01 3.031578276206171874e-02
-9.000000000000289901e+01 3.032101711880282047e-02
-8.960000000000150067e+01 3.032096633772991823e-02
-8.920000000000000284e+01 3.030019412170876711e-02
-8.880000000000219984e+01 3.030263747723096687e-02
-8.840000000000070202e+01 3.030519215638466726e-02
-8.800000000000289901e+01 3.030974488038596856e-02
-8.760000000000150067e+01 3.030948902025467143e-02
-8.720000000000000284e+01 3.031245581053721924e-02
-8.680000000000219984e+01 3.031284838729281922e-02
-8.640000000000070202e+01 3.031391283848106771e-02
-8.600000000000289901e+01 3.031364330626747094e-02
-8.560000000000150067e+01 3.031859251549167203e-02
-8.520000000000000284e+01 3.031903782775991971e-02
-8.480000000000219984e+01 3.031915305938721883e-02
-8.440000000000070202e+01 3.032066868408501981e-02
-8.400000000000289901e+01 3.032176633533746959e-02
-8.360000000000150067e+01 3.032212375744451974e-02
-8.320000000000000284e+01 3.030023047630792110e-02
-8.280000000000219984e+01 3.030002344532971986e-02
-8.240000000000070202e+01 3.030320312865632248e-02
-8.200000000000289901e+01 3.030283984788312290e-02
-8.160000000000150067e+01 3.030221484870342097e-02
-8.120000000000000284e+01 3.030222266119322189e-02
-8.080000000000219984e+01 3.030344531583852030e-02
-8.040000000000070202e+01 3.030560156300841912e-02
-8.000000000000289901e+01 3.030488281395171679e-02
-7.960000000000150067e+01 3.030598046876111645e-02
-7.920000000000000284e+01 3.030652343679841876e-02
-7.880000000000219984e+01 3.030921483951602019e-02
-7.840000000000070202e+01 3.030744531058852248e-02
-7.800000000000289901e+01 3.030986327616491671e-02
-7.760000000000150067e+01 3.031076171248572176e-02
-7.720000000000000284e+01 3.031352733385581782e-02
-7.680000000000219984e+01 3.031213671068101745e-02
-7.640000000000070202e+01 3.028881002530081981e-02
-7.600000000000289901e+01 3.028922604061471888e-02
-7.560000000000150067e+01 3.029560103448857011e-02
-7.520000000000000284e+01 3.029627290865727005e-02
-7.480000000000219984e+01 3.029635494084026784e-02
-7.440000000000070202e+01 3.029720455053681871e-02
-7.400000000000289901e+01 3.030008540619762158e-02
-7.360000000000150067e+01 3.029990572066782253e-02
-7.320000000000000284e+01 3.030209712373847092e-02
-7.280000000000219984e+01 3.030565180893142127e-02
-7.240000000000070202e+01 3.030634907325342048e-02
-7.200000000000289901e+01 3.030714008852852109e-02
-7.160000000000150067e+01 3.030888618110661945e-02
-7.120000000000000284e+01 3.031139398990536846e-02
-7.080000000000219984e+01 3.031462250259717162e-02
-7.040000000000070202e+01 3.029503410502522309e-02
-7.000000000000289901e+01 3.029918644622862228e-02
-6.960000000000150067e+01 3.029699113507502289e-02
-6.920000000000000284e+01 3.029806925941382068e-02
-6.880000000000219984e+01 3.030053019540451809e-02
-6.840000000000070202e+01 3.030171769467632226e-02
-6.800000000000289901e+01 3.030449113047541804e-02
-6.760000000000150067e+01 3.030716300383681783e-02
-6.720000000000000284e+01 3.031037784561522314e-02
-6.680000000000219984e+01 3.031070206416631996e-02
-6.640000000000070202e+01 3.031350284369872111e-02
-6.600000000000289901e+01 3.031388174971631766e-02
-6.560000000000150067e+01 3.031722940391321647e-02
-6.520000000000000284e+01 3.031902627781121740e-02
-6.480000000000219984e+01 3.031758487244522182e-02
-6.440000000000070202e+01 3.031706924776141759e-02
-6.400000000000289901e+01 3.031910830901091841e-02
-6.360000000000150067e+01 3.030681225483267127e-02
-6.320000000000000284e+01 3.030618139575941977e-02
-6.280000000000219984e+01 3.030915795648982114e-02
-6.240000000000070202e+01 3.030988647177237233e-02
-6.200000000000289901e+01 3.030961108125052039e-02
-6.160000000000150067e+01 3.031239623588282209e-02
-6.120000000000000284e+01 3.031262475134076720e-02
-6.080000000000219984e+01 3.031498412498281891e-02
-6.040000000000070202e+01 3.031605638998646768e-02
-6.000000000000289901e+01 3.031591185881887113e-02
-5.960000000000150067e+01 3.031794896695281724e-02
-5.920000000000000284e+01 3.032012474694012125e-02
-5.880000000000219984e+01 3.032068529349837144e-02
-5.840000000000070202e+01 3.032216576139142028e-02
-5.800000000000289901e+01 3.032171068349696907e-02
-5.760000000000150067e+01 3.030072322872891938e-02
-5.720000000000000284e+01 3.029791463648191796e-02
-5.680000000000219984e+01 3.030011385405501773e-02
-5.640000000000070202e+01 3.030380916457742213e-02
-5.600000000000289901e+01 3.030257869648592117e-02
-5.560000000000150067e+01 3.030315291492861884e-02
-5.520000000000000284e+01 3.030282479010421720e-02
-5.480000000000219984e+01 3.030716853777962183e-02
-5.440000000000070202e+01 3.030755525632271991e-02
-5.400000000000289901e+01 3.030745760012491796e-02
-5.360000000000150067e+01 3.031083650456672246e-02
-5.320000000000000284e+01 3.030998103627451784e-02
-5.280000000000219984e+01 3.030746931886871970e-02
-5.240000000000070202e+01 3.030993025505172161e-02
-5.200000000000289901e+01 3.030977009888741885e-02
-5.160000000000150067e+01 3.030788728739502308e-02
-5.120000000000000284e+01 3.032644978244281725e-02
-5.080000000000219984e+01 3.032594196705851869e-02
-5.040000000000070202e+01 3.032347907353077215e-02
-5.000000000000289901e+01 3.032372907195676759e-02
-4.960000000000150067e+01 3.032258063126416769e-02
-4.920000000000000284e+01 3.032126031580132178e-02
-4.880000000000219984e+01 3.032193609485496835e-02
-4.840000000000070202e+01 3.031975445075841755e-02
-4.800000000000289901e+01 3.032121929370546962e-02
-4.760000000000150067e+01 3.032200835565962080e-02
-4.720000000000000284e+01 3.031976616539542105e-02
-4.680000000000219984e+01 3.031941069327086929e-02
-4.640000000000070202e+01 3.031857280046576855e-02
-4.600000000000289901e+01 3.031977202014256995e-02
-4.560000000000150067e+01 3.032094389385946859e-02
-4.520000000000000284e+01 3.032024271829102113e-02
-4.480000000000219984e+01 3.031281690749162289e-02
-4.440000000000070202e+01 3.031186768693962252e-02
-4.400000000000289901e+01 3.031002002718191646e-02
-4.360000000000150067e+01 3.031023877759721902e-02
-4.320000000000000284e+01 3.030941846353991942e-02
-4.280000000000219984e+01 3.030778564794012198e-02
-4.240000000000070202e+01 3.030445361036442076e-02
-4.200000000000289901e+01 3.030552783115372101e-02
-4.160000000000150067e+01 3.030209813714272032e-02
-4.120000000000000284e+01 3.030228563749862158e-02
-4.080000000000219984e+01 3.029862156804261769e-02
-4.040000000000070202e+01 3.029743015953081930e-02
-4.000000000000289901e+01 3.029643406388982108e-02
-3.960000000000150067e+01 3.029667234559221822e-02
-3.920000000000000284e+01 3.029615671961331802e-02
-3.880000000000219984e+01 3.029682859588882227e-02
-3.840000000000070202e+01 3.029545359327841941e-02
-3.800000000000289901e+01 3.030171975762021783e-02
-3.760000000000150067e+01 3.030138772570302105e-02
-3.720000000000000284e+01 3.029905764440811791e-02
-3.680000000000219984e+01 3.029986233343852017e-02
-3.640000000000070202e+01 3.030042873989391775e-02
-3.600000000000289901e+01 3.029753811085107024e-02
-3.560000000000150067e+01 3.029655959310077057e-02
-3.520000000000000284e+01 3.029537599728131941e-02
-3.480000000000219984e+01 3.029405959005902066e-02
-3.440000000000070202e+01 3.029418263619797214e-02
-3.400000000000289901e+01 3.029382911975026654e-02
-3.360000000000150067e+01 3.029480177739066887e-02
-3.320000000000000284e+01 3.029277247716572266e-02
-3.280000000000219984e+01 3.029114161547306894e-02
-3.240000000000070202e+01 3.029142091271987136e-02
-3.200000000000289901e+01 3.030192732260152122e-02
-3.160000000000150067e+01 3.029958356979081668e-02
-3.119999999999999929e+01 3.029932575698172231e-02
-3.080000000000219984e+01 3.030096638394912112e-02
-3.040000000000069846e+01 3.030209919780761652e-02
-3.000000000000289901e+01 3.030271247979311744e-02
-2.960000000000150067e+01 3.030149763458622053e-02
-2.919999999999999929e+01 3.029975153874232136e-02
-2.880000000000219984e+01 3.029976325750632221e-02
-2.840000000000069846e+01 3.030029060188871998e-02
-2.800000000000289901e+01 3.029971247619542285e-02
-2.760000000000150067e+01 3.030254841709632135e-02
-2.719999999999999929e+01 3.030259138589792151e-02
-2.680000000000219984e+01 3.030274372983061959e-02
-2.640000000000069846e+01 3.030461091956972164e-02
-2.600000000000289901e+01 3.030665389076971777e-02
-2.560000000000150067e+01 3.030541951428941672e-02
-2.519999999999999929e+01 3.030068461908072205e-02
-2.480000000000219984e+01 3.029889162959931853e-02
-2.440000000000069846e+01 3.030011624913916957e-02
-2.400000000000289901e+01 3.030002444001681644e-02
-2.360000000000150067e+01 3.029920604349891841e-02
-2.319999999999999929e+01 3.029871775834751951e-02
-2.280000000000219984e+01 3.029987208913962130e-02
-2.240000000000069846e+01 3.029988183506892099e-02
-2.200000000000289901e+01 3.029898922008736686e-02
-2.160000000000150067e+01 3.030129196516942111e-02
-2.119999999999999929e+01 3.030237596385746898e-02
-2.080000000000219984e+01 3.030146385395171907e-02
-2.040000000000069846e+01 3.030495415394936914e-02
-2.000000000000289901e+01 3.030470605184642022e-02
-1.960000000000150067e+01 3.030460842263171806e-02
-1.919999999999999929e+01 3.029432081992292081e-02
-1.880000000000219984e+01 3.029374658209071924e-02
-1.840000000000069846e+01 3.029335594410961785e-02
-1.800000000000289901e+01 3.029683262214132033e-02
-1.760000000000150067e+01 3.029627400982831675e-02
-1.719999999999999929e+01 3.029662558401131911e-02
-1.680000000000219984e+01 3.030019601515841765e-02
-1.640000000000069846e+01 3.030025461085562172e-02
-1.600000000000289901e+01 3.030521571321531660e-02
-1.560000000000150067e+01 3.030298517034332034e-02
-1.519999999999999929e+01 3.030578604466772213e-02
-1.480000000000219984e+01 3.030852832329491986e-02
-1.440000000000070024e+01 3.030536024926831773e-02
-1.400000000000290079e+01 3.030773142181351909e-02
-1.360000000000150067e+01 3.030944632255051785e-02
-1.319999999999999929e+01 3.030948538634861689e-02
-1.280000000000219984e+01 3.031214953737961654e-02
-1.240000000000070024e+01 3.030537248862710809e-02
-1.200000000000290079e+01 3.030764798737230897e-02
-1.160000000000150067e+01 3.030862485788251084e-02
-1.119999999999999929e+01 3.031294543991180923e-02
-1.080000000000219984e+01 3.031315477844890791e-02
-1.040000000000070024e+01 3.031505328716330855e-02
-1.000000000000290079e+01 3.031491241000556017e-02
-9.600000000001449152e+00 3.031604150669416076e-02
-9.199999999999999289e+00 3.031688078475991074e-02
-8.800000000002180300e+00 3.031940264547670905e-02
-8.400000000000730438e+00 3.032021942755186092e-02
-8.000000000002909673e+00 3.032194031049271002e-02
-7.600000000001459810e+00 3.032039466611410883e-02
-7.200000000000000178e+00 3.032090442245345685e-02
-6.800000000002180300e+00 3.032016176740281316e-02
-6.400000000000730438e+00 3.029582084048449905e-02
-6.000000000002909673e+00 3.029496127439890163e-02
-5.600000000001459810e+00 3.029448069881469918e-02
-5.200000000000000178e+00 3.028625621422319919e-02
-4.800000000002180300e+00 3.028263431530809832e-02
-4.400000000000730438e+00 3.028739318572730085e-02
-4.000000000002909673e+00 3.028370486579649856e-02
-3.600000000001459810e+00 3.028512314983769840e-02
-3.200000000000000178e+00 3.027992277502000035e-02
-2.800000000002179856e+00 3.028206387599680083e-02
-2.400000000000729994e+00 3.027352682191970096e-02
-2.000000000002910117e+00 3.028114570313270026e-02
-1.600000000001460032e+00 3.029598103234589987e-02
-1.199999999999999956e+00 3.030122047834930138e-02
-8.000000000021829649e-01 3.030933165650220168e-02
-4.000000000007279954e-01 3.032865235783470045e-02
-2.910387209009709878e-12 3.044993713250860115e-02
