-2.160000000000030127e+02 -1.851723076917296567e+02
-2.156000000000009891e+02 -1.848122480037454807e+02
-2.151999999999999886e+02 -1.813324735802343639e+02
-2.148000000000020009e+02 -1.823052033741878404e+02
-2.144000000000010004e+02 -1.780182496357047057e+02
-2.140000000000030127e+02 -1.763072972122208739e+02
-2.136000000000009891e+02 -1.490972755037109891e+02
-2.131999999999999886e+02 -1.481908837492264865e+02
-2.128000000000020009e+02 -1.472243817557355214e+02
-2.124000000000010004e+02 -1.460615261827369977e+02
-2.120000000000030127e+02 -1.453903159017245343e+02
-2.116000000000009891e+02 -1.444815687997070199e+02
-2.111999999999999886e+02 -1.430067859672162740e+02
-2.108000000000020009e+02 -1.342548146291992452e+02
-2.104000000000010004e+02 -1.332375788887329691e+02
-2.100000000000030127e+02 -1.320370430407383537e+02
-2.096000000000009891e+02 -1.312866777997296595e+02
-2.091999999999999886e+02 -1.294594615096902999e+02
-2.088000000000020009e+02 -1.288712977837312792e+02
-2.084000000000010004e+02 -1.280312347752369533e+02
-2.080000000000030127e+02 -1.272274265777123219e+02
-2.076000000000009891e+02 -1.264161632912328059e+02
-2.191999999999999886e+02 -1.338383434537889116e+03
-2.188000000000020009e+02 -1.338040549002882472e+03
-2.184000000000010004e+02 -1.156407746629880421e+03
-2.180000000000030127e+02 -1.335810420755882660e+03
-2.176000000000009891e+02 -5.103085060108896869e+02
-2.171999999999999886e+02 -2.162843993438909820e+02
-2.168000000000020009e+02 -2.139224137748860812e+02
-2.164000000000010004e+02 -2.125833739548725134e+02
-2.071999999999999886e+02 -1.104210799898755795e+02
-2.068000000000020009e+02 -1.097448312728993187e+02
-2.064000000000010004e+02 -1.090424077798998042e+02
-2.060000000000030127e+02 -1.083258657188889629e+02
-2.056000000000009891e+02 -1.071746360694414761e+02
-2.051999999999999886e+02 -1.063615440095381928e+02
-2.048000000000020009e+02 -1.056650840712281934e+02
-2.044000000000010004e+02 -1.049681381400296232e+02
-2.040000000000030127e+02 -1.042306890361905971e+02
-2.036000000000009891e+02 -1.035711904162417341e+02
-2.031999999999999886e+02 -1.029584673099379870e+02
-2.028000000000020009e+02 -1.021184900356274738e+02
-2.024000000000010004e+02 -1.014389984346307756e+02
-2.020000000000030127e+02 -1.007007256211363710e+02
-2.016000000000009891e+02 -9.992780148173551424e+01
-2.011999999999999886e+02 -9.922962145337805850e+01
-2.008000000000020009e+02 -9.833197064627893269e+01
-2.004000000000010004e+02 -9.758723104698219686e+01
-2.000000000000030127e+02 -9.673621519808148150e+01
-1.996000000000009891e+02 -9.609449903143467964e+01
-1.991999999999999886e+02 -9.528038645223205094e+01
-1.988000000000020009e+02 -9.457178244127862854e+01
-1.984000000000010004e+02 -9.387342499037913512e+01
-1.980000000000030127e+02 -9.316516094357939437e+01
-1.976000000000009891e+02 -9.252926782563372399e+01
-1.971999999999999886e+02 -9.181347062918575830e+01
-1.968000000000020009e+02 -9.222586369607961387e+01
-1.964000000000010004e+02 -9.161838820768389269e+01
-1.960000000000030127e+02 -9.109388723138181376e+01
-1.956000000000009891e+02 -9.052769008868563105e+01
-1.951999999999999886e+02 -8.992476227478255169e+01
-1.948000000000020009e+02 -8.934058848778295214e+01
-1.944000000000010004e+02 -8.875714345988308196e+01
-1.940000000000030127e+02 -8.820408877918453072e+01
-1.936000000000009891e+02 -8.765721408358149347e+01
-1.931999999999999886e+02 -8.700627887258087867e+01
-1.928000000000020009e+02 -8.618731250936616561e+01
-1.924000000000010004e+02 -8.563651467781892279e+01
-1.920000000000030127e+02 -8.504250432715707575e+01
-1.916000000000009891e+02 -8.449311057181330398e+01
-1.911999999999999886e+02 -8.388138380441887421e+01
-1.908000000000020009e+02 -8.333908349075500155e+01
-1.904000000000010004e+02 -8.275309259511413984e+01
-1.900000000000030127e+02 -8.218604269095521886e+01
-1.896000000000009891e+02 -8.163427062541450141e+01
-1.891999999999999886e+02 -8.107548520395357627e+01
-1.888000000000020009e+02 -8.052652869551093318e+01
-1.884000000000010004e+02 -7.994011263345964835e+01
-1.880000000000030127e+02 -7.939152779866344645e+01
-1.876000000000009891e+02 -7.883872332501414348e+01
-1.871999999999999886e+02 -7.831919508525970741e+01
-1.868000000000020009e+02 -7.774609633575892076e+01
-1.864000000000010004e+02 -7.722706364391342504e+01
-1.860000000000030127e+02 -7.668587840650434373e+01
-1.856000000000009891e+02 -7.616101309780788142e+01
-1.851999999999999886e+02 -7.563501569881555042e+01
-1.848000000000020009e+02 -7.541314581534606987e+01
-1.844000000000010004e+02 -7.494903178632739582e+01
-1.840000000000030127e+02 -7.447510847435114556e+01
-1.836000000000009891e+02 -7.399024842435392202e+01
-1.831999999999999886e+02 -7.349593855435159639e+01
-1.828000000000020009e+02 -7.299712956534131081e+01
-1.824000000000010004e+02 -7.251862934534801752e+01
-1.820000000000030127e+02 -7.205067714734832407e+01
-1.816000000000009891e+02 -7.158126747233109199e+01
-1.811999999999999886e+02 -7.111358237133026705e+01
-1.808000000000020009e+02 -7.060217515632757568e+01
-1.804000000000010004e+02 -7.013217737933518947e+01
-1.800000000000030127e+02 -6.966766018234557123e+01
-1.796000000000009891e+02 -6.919424700434683473e+01
-1.791999999999999886e+02 -6.883526402854477055e+01
-1.788000000000020009e+02 -6.836058269343993743e+01
-1.784000000000010004e+02 -6.789994257763464702e+01
-1.780000000000030127e+02 -6.741635560784561676e+01
-1.776000000000009891e+02 -6.693889032468359801e+01
-1.771999999999999886e+02 -6.645325039708404802e+01
-1.768000000000020009e+02 -6.598961266373589751e+01
-1.764000000000010004e+02 -6.553761598068376770e+01
-1.760000000000030127e+02 -6.507200317158640246e+01
-1.756000000000009891e+02 -6.462480913694162155e+01
-1.751999999999999886e+02 -6.414094276278774487e+01
-1.748000000000020009e+02 -6.369741943034023279e+01
-1.744000000000010004e+02 -6.326134177533458569e+01
-1.740000000000030127e+02 -6.280675301593873883e+01
-1.736000000000009891e+02 -6.234036530318917357e+01
-1.731999999999999886e+02 -6.189938053484365810e+01
-1.728000000000020009e+02 -6.145711801193829160e+01
-1.724000000000010004e+02 -6.101634220134292264e+01
-1.720000000000030127e+02 -6.048428036663608509e+01
-1.716000000000009891e+02 -6.002503956183863920e+01
-1.711999999999999886e+02 -5.959279777604024275e+01
-1.708000000000020009e+02 -5.912735744064048049e+01
-1.704000000000010004e+02 -5.869238514663811657e+01
-1.700000000000030127e+02 -5.826178069043817231e+01
-1.696000000000009891e+02 -5.781381174303896842e+01
-1.691999999999999886e+02 -5.738231332083887537e+01
-1.688000000000020009e+02 -5.694470768003884587e+01
-1.684000000000010004e+02 -5.651027469033942907e+01
-1.680000000000030127e+02 -5.610879244773605024e+01
-1.676000000000009891e+02 -5.568628236854056013e+01
-1.671999999999999886e+02 -5.523111302104007336e+01
-1.668000000000020009e+02 -5.482313488283762126e+01
-1.664000000000010004e+02 -5.437794018123895512e+01
-1.660000000000030127e+02 -5.396523181218799436e+01
-1.656000000000009891e+02 -5.355467864403908607e+01
-1.651999999999999886e+02 -5.309981782388786087e+01
-1.648000000000020009e+02 -5.270465413398778765e+01
-1.644000000000010004e+02 -5.228147356483896147e+01
-1.640000000000030127e+02 -5.186188831754043349e+01
-1.636000000000009891e+02 -5.144343269688761211e+01
-1.631999999999999886e+02 -5.103011499993590405e+01
-1.628000000000020009e+02 -5.061195331439012079e+01
-1.624000000000010004e+02 -5.019508157833843143e+01
-1.620000000000030127e+02 -4.978286676943753264e+01
-1.616000000000009891e+02 -4.937176457698660670e+01
-1.611999999999999886e+02 -4.896323256124014733e+01
-1.608000000000020009e+02 -4.856332691328498186e+01
-1.604000000000010004e+02 -4.814309062428583275e+01
-1.600000000000030127e+02 -4.772274701843707589e+01
-1.596000000000009891e+02 -4.729583020783684333e+01
-1.591999999999999886e+02 -4.692355277473689057e+01
-1.588000000000020009e+02 -4.649378398463522899e+01
-1.584000000000010004e+02 -4.610250470963728731e+01
-1.580000000000030127e+02 -4.568209836913956678e+01
-1.576000000000009891e+02 -4.529124665623749024e+01
-1.571999999999999886e+02 -4.487137961513872142e+01
-1.568000000000020009e+02 -4.447991572133832960e+01
-1.564000000000010004e+02 -4.407444945033785189e+01
-1.560000000000030127e+02 -4.370117601483434555e+01
-1.556000000000009891e+02 -4.328365565663625603e+01
-1.551999999999999886e+02 -4.288644894253593520e+01
-1.548000000000020009e+02 -4.249234684833572828e+01
-1.544000000000010004e+02 -4.210577552223912789e+01
-1.540000000000030127e+02 -4.171223216383441468e+01
-1.536000000000009891e+02 -4.131253786073648371e+01
-1.531999999999999886e+02 -4.096340429901101743e+01
-1.528000000000020009e+02 -4.056001749866481987e+01
-1.524000000000010004e+02 -4.018505813221418066e+01
-1.520000000000030127e+02 -3.978391840686163050e+01
-1.516000000000009891e+02 -3.940521552361315116e+01
-1.511999999999999886e+02 -3.902143786986198393e+01
-1.508000000000020009e+02 -3.862186260466478416e+01
-1.504000000000010004e+02 -3.823815783001555246e+01
-1.500000000000030127e+02 -3.785734146951290313e+01
-1.496000000000009891e+02 -3.747644494431369822e+01
-1.491999999999999886e+02 -3.709609257561169215e+01
-1.488000000000020009e+02 -3.671605358376473305e+01
-1.484000000000010004e+02 -3.634590661866604933e+01
-1.480000000000030127e+02 -3.597471992596183554e+01
-1.476000000000009891e+02 -3.558488607566323481e+01
-1.471999999999999886e+02 -3.518694827628860367e+01
-1.468000000000020009e+02 -3.480521607688933727e+01
-1.464000000000010004e+02 -3.443267141748947324e+01
-1.460000000000030127e+02 -3.406190498259093147e+01
-1.456000000000009891e+02 -3.368343287819152465e+01
-1.451999999999999886e+02 -3.331609173139077029e+01
-1.448000000000020009e+02 -3.293955332758923760e+01
-1.444000000000010004e+02 -3.257570549229058088e+01
-1.440000000000030127e+02 -3.221098310469096759e+01
-1.436000000000009891e+02 -3.183014973498939071e+01
-1.431999999999999886e+02 -3.147142768279081793e+01
-1.428000000000020009e+02 -3.110821144859073684e+01
-1.424000000000010004e+02 -3.072828177769042668e+01
-1.420000000000030127e+02 -3.036244192699086852e+01
-1.416000000000009891e+02 -3.002114266379066976e+01
-1.411999999999999886e+02 -2.963749133338933461e+01
-1.408000000000020009e+02 -2.928390476989079616e+01
-1.404000000000010004e+02 -2.895937704194147955e+01
-1.400000000000030127e+02 -2.860081531609102967e+01
-1.396000000000009891e+02 -2.822736938988964539e+01
-1.391999999999999886e+02 -2.786878822899234365e+01
-1.388000000000020009e+02 -2.751303232318969094e+01
-1.384000000000010004e+02 -2.715311748749081744e+01
-1.380000000000030127e+02 -2.679532098633717396e+01
-1.376000000000009891e+02 -2.644435076169247623e+01
-1.371999999999999886e+02 -2.607415521099028410e+01
-1.368000000000020009e+02 -2.572113710518897278e+01
-1.364000000000010004e+02 -2.537042195218964480e+01
-1.360000000000030127e+02 -2.501673579139242065e+01
-1.356000000000009891e+02 -2.465335437358953641e+01
-1.351999999999999886e+02 -2.430462637413802440e+01
-1.348000000000020009e+02 -2.395870662199013168e+01
-1.344000000000010004e+02 -2.356118148419045610e+01
-1.340000000000030127e+02 -2.320496158659079811e+01
-1.336000000000009891e+02 -2.284540385309082922e+01
-1.331999999999999886e+02 -2.250112143958904198e+01
-1.328000000000020009e+02 -2.215941406878846465e+01
-1.324000000000010004e+02 -2.180224674448982114e+01
-1.320000000000030127e+02 -2.145747847679012921e+01
-1.316000000000009891e+02 -2.109043856598873390e+01
-1.311999999999999886e+02 -2.076609568429194042e+01
-1.308000000000020009e+02 -2.042106990699176094e+01
-1.304000000000010004e+02 -2.005809661059174687e+01
-1.300000000000030127e+02 -1.971979508508957224e+01
-1.296000000000009891e+02 -1.937364698659075657e+01
-1.291999999999999886e+02 -1.901290376498945989e+01
-1.288000000000020009e+02 -1.866064845059008803e+01
-1.284000000000010004e+02 -1.833017892449061037e+01
-1.280000000000030127e+02 -1.798679048279154813e+01
-1.276000000000010033e+02 -1.763515124104014831e+01
-1.272000000000000028e+02 -1.730283788888846175e+01
-1.268000000000020009e+02 -1.695340540074175806e+01
-1.264000000000010004e+02 -1.660696577768976567e+01
-1.260000000000029985e+02 -1.627288148209117935e+01
-1.256000000000010033e+02 -1.592758605649214587e+01
-1.252000000000000028e+02 -1.558570862753913389e+01
-1.248000000000020009e+02 -1.525451517013789271e+01
-1.244000000000010004e+02 -1.491400300013992819e+01
-1.240000000000029985e+02 -1.458023450758992112e+01
-1.236000000000010033e+02 -1.423768659653796931e+01
-1.232000000000000028e+02 -1.389844250998794450e+01
-1.228000000000020009e+02 -1.356893983279223903e+01
-1.224000000000010004e+02 -1.323258172548958100e+01
-1.220000000000029985e+02 -1.289752328959002625e+01
-1.216000000000010033e+02 -1.256200228938905639e+01
-1.212000000000000028e+02 -1.223321867979029776e+01
-1.208000000000020009e+02 -1.190438162998907501e+01
-1.204000000000010004e+02 -1.157917877488944214e+01
-1.200000000000029985e+02 -1.124693100979129667e+01
-1.196000000000010033e+02 -1.092340435918958974e+01
-1.192000000000000028e+02 -1.059875052628922276e+01
-1.188000000000020009e+02 -1.026397631799045485e+01
-1.184000000000010004e+02 -9.945419968989881454e+00
-1.180000000000029985e+02 -9.620751561687939102e+00
-1.176000000000010033e+02 -9.302005741188622778e+00
-1.172000000000000028e+02 -8.986179907089535845e+00
-1.168000000000020009e+02 -8.644224736890464555e+00
-1.164000000000010004e+02 -8.327908195489726495e+00
-1.160000000000029985e+02 -7.998779620287677972e+00
-1.156000000000010033e+02 -7.691465992687881226e+00
-1.152000000000000028e+02 -7.390647699638066115e+00
-1.148000000000020009e+02 -7.069117921088036383e+00
-1.144000000000010004e+02 -6.742491508037346648e+00
-1.140000000000029985e+02 -6.423670375941583188e+00
-1.136000000000010033e+02 -6.097165424191189231e+00
-1.132000000000000028e+02 -5.774112483191856882e+00
-1.128000000000020009e+02 -5.446424474939703941e+00
-1.124000000000010004e+02 -5.129685234689532081e+00
-1.120000000000029985e+02 -4.809139310640603071e+00
-1.116000000000010033e+02 -4.480263385241414653e+00
-1.112000000000000028e+02 -4.158954666090721730e+00
-1.108000000000020009e+02 -3.838457326786738122e+00
-1.104000000000010004e+02 -3.524489895291480934e+00
-1.100000000000029985e+02 -3.206902831389015773e+00
-1.096000000000010033e+02 -2.893433403489325428e+00
-1.092000000000000028e+02 -2.565684660639817594e+00
-1.088000000000020009e+02 -2.216261309389665257e+00
-1.084000000000010004e+02 -1.889970138290664181e+00
-1.080000000000029985e+02 -1.568965081787609961e+00
-1.076000000000010033e+02 -1.247537320989067666e+00
-1.072000000000000028e+02 -9.273727924883132800e-01
-1.068000000000020009e+02 -6.141365720905014314e-01
-1.064000000000010004e+02 -2.924853303884447087e-01
-1.060000000000029985e+02 2.939913281079498120e-02
-1.056000000000010033e+02 3.458468627104593907e-01
-1.052000000000000028e+02 6.744069796113763005e-01
-1.048000000000020009e+02 9.677279619099863339e-01
-1.044000000000010004e+02 1.296331810612173285e+00
-1.040000000000029985e+02 1.614441172809165437e+00
-1.036000000000010033e+02 1.920102897009201115e+00
-1.032000000000000028e+02 2.240918475410580868e+00
-1.028000000000020009e+02 2.548261266510962741e+00
-1.024000000000010004e+02 2.874494135012355400e+00
-1.020000000000029985e+02 3.088302310159633635e+00
-1.016000000000010033e+02 3.418395310309279012e+00
-1.012000000000000028e+02 3.737918505761626875e+00
-1.008000000000020009e+02 4.062939170613390161e+00
-1.004000000000010004e+02 4.395002312008728040e+00
-1.000000000000029985e+02 4.712477623459562892e+00
-9.960000000000150067e+01 5.052766313161555445e+00
-9.920000000000000284e+01 5.361525370961317094e+00
-9.880000000000219984e+01 5.693192543261829996e+00
-9.840000000000070202e+01 6.006317016963294009e+00
-9.800000000000289901e+01 6.331864828756806673e+00
-9.760000000000150067e+01 6.652376745161745930e+00
-9.720000000000000284e+01 6.973296778862277279e+00
-9.680000000000219984e+01 7.280350482960784575e+00
-9.640000000000070202e+01 7.595279911711259047e+00
-9.600000000000289901e+01 8.034090438111888943e+00
-9.560000000000150067e+01 8.364540541209862567e+00
-9.520000000000000284e+01 8.694655400711781112e+00
-9.480000000000219984e+01 9.010903926307946676e+00
-9.440000000000070202e+01 9.338754700907884398e+00
-9.400000000000289901e+01 9.658350777510349872e+00
-9.360000000000150067e+01 9.988562810009170789e+00
-9.320000000000000284e+01 1.031736586030820035e+01
-9.280000000000219984e+01 1.063899281371050165e+01
-9.240000000000070202e+01 1.096751892201064038e+01
-9.200000000000289901e+01 1.128266455851189676e+01
-9.160000000000150067e+01 1.161226926961171557e+01
-9.120000000000000284e+01 1.192206077260925667e+01
-9.080000000000219984e+01 1.224572346630884567e+01
-9.040000000000070202e+01 1.256823953651110060e+01
-9.000000000000289901e+01 1.287487783361211768e+01
-8.960000000000150067e+01 1.320920506460970500e+01
-8.920000000000000284e+01 1.356860998588308576e+01
-8.880000000000219984e+01 1.387526285963758710e+01
-8.840000000000070202e+01 1.418576856918298290e+01
-8.800000000000289901e+01 1.449252104208790115e+01
-8.760000000000150067e+01 1.481069599103284418e+01
-8.720000000000000284e+01 1.511363692353552324e+01
-8.680000000000219984e+01 1.541953671543524251e+01
-8.640000000000070202e+01 1.572071156183301355e+01
-8.600000000000289901e+01 1.603198249923661933e+01
-8.560000000000150067e+01 1.633803290928699425e+01
-8.520000000000000284e+01 1.663856399798532948e+01
-8.480000000000219984e+01 1.694261754118269891e+01
-8.440000000000070202e+01 1.724854649108237936e+01
-8.400000000000289901e+01 1.755580668218681240e+01
-8.360000000000150067e+01 1.785685763518267777e+01
-8.320000000000000284e+01 1.809955022006033687e+01
-8.280000000000219984e+01 1.840518765315937344e+01
-8.240000000000070202e+01 1.868715904016062268e+01
-8.200000000000289901e+01 1.898316194415747304e+01
-8.160000000000150067e+01 1.926919023086156812e+01
-8.120000000000000284e+01 1.955631169095795485e+01
-8.080000000000219984e+01 1.986196370045945514e+01
-8.040000000000070202e+01 2.014943497645799653e+01
-8.000000000000289901e+01 2.043916062555945246e+01
-7.960000000000150067e+01 2.073972086196226883e+01
-7.920000000000000284e+01 2.102082256535868510e+01
-7.880000000000219984e+01 2.130342556035975576e+01
-7.840000000000070202e+01 2.159167906835864414e+01
-7.800000000000289901e+01 2.188156018886002130e+01
-7.760000000000150067e+01 2.216829782005879679e+01
-7.720000000000000284e+01 2.245385482486017281e+01
-7.680000000000219984e+01 2.272277611305980827e+01
-7.640000000000070202e+01 2.301504414098599227e+01
-7.600000000000289901e+01 2.328691700853596558e+01
-7.560000000000150067e+01 2.356102481563357287e+01
-7.520000000000000284e+01 2.384439303598264814e+01
-7.480000000000219984e+01 2.411306410928591504e+01
-7.440000000000070202e+01 2.439804537613599678e+01
-7.400000000000289901e+01 2.466204737363659660e+01
-7.360000000000150067e+01 2.494420338828422246e+01
-7.320000000000000284e+01 2.521338461043342249e+01
-7.280000000000219984e+01 2.548933380953531014e+01
-7.240000000000070202e+01 2.575003927678699256e+01
-7.200000000000289901e+01 2.601669405068605556e+01
-7.160000000000150067e+01 2.629453565638686996e+01
-7.120000000000000284e+01 2.654645441643879167e+01
-7.080000000000219984e+01 2.682019297253646073e+01
-7.040000000000070202e+01 2.708231124700978398e+01
-7.000000000000289901e+01 2.735201962571227341e+01
-6.960000000000150067e+01 2.761599976931029232e+01
-6.920000000000000284e+01 2.788202536361131934e+01
-6.880000000000219984e+01 2.815833652900982997e+01
-6.840000000000070202e+01 2.841723947311038501e+01
-6.800000000000289901e+01 2.867406781281169970e+01
-6.760000000000150067e+01 2.893581301551239449e+01
-6.720000000000000284e+01 2.919728613791085081e+01
-6.680000000000219984e+01 2.945924025900967536e+01
-6.640000000000070202e+01 2.972268110231016180e+01
-6.600000000000289901e+01 2.997582665451045614e+01
-6.560000000000150067e+01 3.022471124560979661e+01
-6.520000000000000284e+01 3.048797231771095539e+01
-6.480000000000219984e+01 3.074940657260958687e+01
-6.440000000000070202e+01 3.099319939350971254e+01
-6.400000000000289901e+01 3.125805893650976941e+01
-6.360000000000150067e+01 3.146454855463525746e+01
-6.320000000000000284e+01 3.172209353423750144e+01
-6.280000000000219984e+01 3.197928869443785516e+01
-6.240000000000070202e+01 3.223335008503272547e+01
-6.200000000000289901e+01 3.247457515998394229e+01
-6.160000000000150067e+01 3.272841062688530656e+01
-6.120000000000000284e+01 3.297464487598699634e+01
-6.080000000000219984e+01 3.322300474623261834e+01
-6.040000000000070202e+01 3.346448732323551667e+01
-6.000000000000289901e+01 3.370178910963659291e+01
-5.960000000000150067e+01 3.395187134053776390e+01
-5.920000000000000284e+01 3.419512486158419051e+01
-5.880000000000219984e+01 3.443441137033732957e+01
-5.840000000000070202e+01 3.466841905518595013e+01
-5.800000000000289901e+01 3.490071895368600963e+01
-5.760000000000150067e+01 3.517208736105749267e+01
-5.720000000000000284e+01 3.540965151285854517e+01
-5.680000000000219984e+01 3.563681348206227995e+01
-5.640000000000070202e+01 3.588047513065976091e+01
-5.600000000000289901e+01 3.611621246266076923e+01
-5.560000000000150067e+01 3.634480771026210277e+01
-5.520000000000000284e+01 3.656288417565883719e+01
-5.480000000000219984e+01 3.679887900936228107e+01
-5.440000000000070202e+01 3.702094435556136887e+01
-5.400000000000289901e+01 3.724498227236108505e+01
-5.360000000000150067e+01 3.746717393626022385e+01
-5.320000000000000284e+01 3.769365085486060707e+01
-5.280000000000219984e+01 3.789821080446199630e+01
-5.240000000000070202e+01 3.810616689105881960e+01
-5.200000000000289901e+01 3.832811076825964847e+01
-5.160000000000150067e+01 3.853768961456080433e+01
-5.120000000000000284e+01 3.875603391388722230e+01
-5.080000000000219984e+01 3.895496522393659689e+01
-5.040000000000070202e+01 3.916052846603633952e+01
-5.000000000000289901e+01 3.936081531698800973e+01
-4.960000000000150067e+01 3.955582576703454833e+01
-4.920000000000000284e+01 3.975172290368573158e+01
-4.880000000000219984e+01 3.994272747208742658e+01
-4.840000000000070202e+01 4.013587223773720325e+01
-4.800000000000289901e+01 4.032140849538336624e+01
-4.760000000000150067e+01 4.051067127198621165e+01
-4.720000000000000284e+01 4.068595839793488267e+01
-4.680000000000219984e+01 4.086618910973629681e+01
-4.640000000000070202e+01 4.103793434828548925e+01
-4.600000000000289901e+01 4.121485152228342486e+01
-4.560000000000150067e+01 4.138693928718566895e+01
-4.520000000000000284e+01 4.155024520748338546e+01
-4.480000000000219984e+01 4.171660775850978098e+01
-4.440000000000070202e+01 4.187767873690972920e+01
-4.400000000000289901e+01 4.203616982321182149e+01
-4.360000000000150067e+01 4.219180893441080116e+01
-4.320000000000000284e+01 4.235072756721274345e+01
-4.280000000000219984e+01 4.248597530241022469e+01
-4.240000000000070202e+01 4.262714076001066132e+01
-4.200000000000289901e+01 4.277246028781155474e+01
-4.160000000000150067e+01 4.291884869901332422e+01
-4.120000000000000284e+01 4.305144851491058944e+01
-4.080000000000219984e+01 4.317911203781113727e+01
-4.040000000000070202e+01 4.330466694070855738e+01
-4.000000000000289901e+01 4.343249079541055835e+01
-3.960000000000150067e+01 4.354934887851050007e+01
-3.920000000000000284e+01 4.366677055431136978e+01
-3.880000000000219984e+01 4.378313792511107749e+01
-3.840000000000070202e+01 4.387862320150816231e+01
-3.800000000000289901e+01 4.399672670416111941e+01
-3.760000000000150067e+01 4.409739363826156477e+01
-3.720000000000000284e+01 4.418843333430777420e+01
-3.680000000000219984e+01 4.428761111780841020e+01
-3.640000000000070202e+01 4.437782971781052765e+01
-3.600000000000289901e+01 4.446001468991016736e+01
-3.560000000000150067e+01 4.453949830041165114e+01
-3.520000000000000284e+01 4.461389500080986181e+01
-3.480000000000219984e+01 4.469170969831247930e+01
-3.440000000000070202e+01 4.475719336926340475e+01
-3.400000000000289901e+01 4.482016030660815886e+01
-3.360000000000150067e+01 4.487913350866074325e+01
-3.320000000000000284e+01 4.493215254316237406e+01
-3.280000000000219984e+01 4.497868297121021897e+01
-3.240000000000070202e+01 4.501235521891067037e+01
-3.200000000000289901e+01 4.505675439260812709e+01
-3.160000000000150067e+01 4.508925816020928323e+01
-3.119999999999999929e+01 4.511404653661156772e+01
-3.080000000000219984e+01 4.513212038121127989e+01
-3.040000000000069846e+01 4.513698865560945706e+01
-3.000000000000289901e+01 4.515248746580982697e+01
-2.960000000000150067e+01 4.515536859400890535e+01
-2.919999999999999929e+01 4.513694979060892365e+01
-2.880000000000219984e+01 4.512940445190906757e+01
-2.840000000000069846e+01 4.511460528201132547e+01
-2.800000000000289901e+01 4.508853424981134594e+01
-2.760000000000150067e+01 4.506806514070922276e+01
-2.719999999999999929e+01 4.501866330320990528e+01
-2.680000000000219984e+01 4.497347869900841033e+01
-2.640000000000069846e+01 4.492341123961159610e+01
-2.600000000000289901e+01 4.484511068560823333e+01
-2.560000000000150067e+01 4.478430581450811587e+01
-2.519999999999999929e+01 4.470808381018650834e+01
-2.480000000000219984e+01 4.462943344393352163e+01
-2.440000000000069846e+01 4.453492473318692646e+01
-2.400000000000289901e+01 4.443998847348484560e+01
-2.360000000000150067e+01 4.432734519023506436e+01
-2.319999999999999929e+01 4.421371318938690820e+01
-2.280000000000219984e+01 4.408910570278749219e+01
-2.240000000000069846e+01 4.394832406763816834e+01
-2.200000000000289901e+01 4.380672133843472693e+01
-2.160000000000150067e+01 4.365276814868775546e+01
-2.119999999999999929e+01 4.348801195278429077e+01
-2.080000000000219984e+01 4.331160249653476058e+01
-2.040000000000069846e+01 4.314037712983554229e+01
-2.000000000000289901e+01 4.294395283833364374e+01
-1.960000000000150067e+01 4.273243300163449021e+01
-1.919999999999999929e+01 4.253805566065784660e+01
-1.880000000000219984e+01 4.229634229826115188e+01
-1.840000000000069846e+01 4.205604763896189979e+01
-1.800000000000289901e+01 4.179935533945899806e+01
-1.760000000000150067e+01 4.152549288735826849e+01
-1.719999999999999929e+01 4.125267016916041030e+01
-1.680000000000219984e+01 4.093458510035998188e+01
-1.640000000000069846e+01 4.063437468176198308e+01
-1.600000000000289901e+01 4.031150393476127647e+01
-1.560000000000150067e+01 3.996630810365968500e+01
-1.519999999999999929e+01 3.961767727846017806e+01
-1.480000000000219984e+01 3.924189195505823591e+01
-1.440000000000070024e+01 3.885499996495855157e+01
-1.400000000000290079e+01 3.845756975905896979e+01
-1.360000000000150067e+01 3.802332623966140090e+01
-1.319999999999999929e+01 3.757695089796106913e+01
-1.280000000000219984e+01 3.711717565406070207e+01
-1.240000000000070024e+01 3.664484944383002585e+01
-1.200000000000290079e+01 3.614398049268129398e+01
-1.160000000000150067e+01 3.561979531763063278e+01
-1.119999999999999929e+01 3.507343324517933070e+01
-1.080000000000219984e+01 3.449225715302964090e+01
-1.040000000000070024e+01 3.389960514498307020e+01
-1.000000000000290079e+01 3.327728676878177794e+01
-9.600000000001449152e+00 3.263744842922824319e+01
-9.199999999999999289e+00 3.195262953617930179e+01
-8.800000000002180300e+00 3.125139600457987399e+01
-8.400000000000730438e+00 3.051393461758198100e+01
-8.000000000002909673e+00 2.972911927332825144e+01
-7.600000000001459810e+00 2.892075692348225857e+01
-7.200000000000000178e+00 2.807652868277727976e+01
-6.800000000002180300e+00 2.719030304377884022e+01
-6.400000000000730438e+00 2.623946452229938586e+01
-6.000000000002909673e+00 2.526389482860031421e+01
-5.600000000001459810e+00 2.422870088669878896e+01
-5.200000000000000178e+00 2.315543040389820817e+01
-4.800000000002180300e+00 2.201169622629822697e+01
-4.400000000000730438e+00 2.084162380989801022e+01
-4.000000000002909673e+00 1.959266781239784905e+01
-3.600000000001459810e+00 1.826027574970066780e+01
-3.200000000000000178e+00 1.682422144019801635e+01
-2.800000000002179856e+00 1.529397423949922086e+01
-2.400000000000729994e+00 1.368977490609904635e+01
-2.000000000002910117e+00 1.193308479749975959e+01
-1.600000000001460032e+00 1.010220449879852822e+01
-1.199999999999999956e+00 8.124236162300803699e+00
-8.000000000021829649e-01 5.900541319701005705e+00
-4.000000000007279954e-01 3.200921321698842803e+00
-2.910387209009709878e-12 0.000000000000000000e+00
