-2.208000000000020009e+02 2.828163590725691484e-02
-2.204000000000010004e+02 3.081506893635521660e-02
-2.200000000000030127e+02 3.189882368071391555e-02
-2.196000000000009891e+02 3.069354129212071430e-02
-2.191999999999999886e+02 4.008980736947147239e-02
-2.188000000000020009e+02 4.001760501908937367e-02
-2.184000000000010004e+02 3.774114285026862470e-02
-2.180000000000030127e+02 4.053048070216916376e-02
-2.176000000000009891e+02 3.490187684014881692e-02
-2.171999999999999886e+02 3.505466354273441970e-02
-2.168000000000020009e+02 3.398455316060897125e-02
-2.164000000000010004e+02 3.358492594391877112e-02
-2.160000000000030127e+02 3.230167186715592054e-02
-2.156000000000009891e+02 3.177392667297192219e-02
-2.151999999999999886e+02 3.135223659331132229e-02
-2.148000000000020009e+02 3.149792440758811957e-02
-2.144000000000010004e+02 3.120875979785886836e-02
-2.140000000000030127e+02 3.116343667467572076e-02
-2.136000000000009891e+02 3.103999290591982069e-02
-2.131999999999999886e+02 3.103218236729381879e-02
-2.128000000000020009e+02 3.111274003603892169e-02
-2.124000000000010004e+02 3.111661918187982184e-02
-2.120000000000030127e+02 3.124346673189616966e-02
-2.116000000000009891e+02 3.116585467739651713e-02
-2.111999999999999886e+02 3.111383842448081638e-02
-2.108000000000020009e+02 3.114053132164961921e-02
-2.104000000000010004e+02 3.109299151765961694e-02
-2.100000000000030127e+02 3.101980705351316953e-02
-2.096000000000009891e+02 3.095065923744461794e-02
-2.091999999999999886e+02 3.094403008596212021e-02
-2.088000000000020009e+02 3.096241393462927094e-02
-2.084000000000010004e+02 3.096154920895761997e-02
-2.080000000000030127e+02 3.096587071817157033e-02
-2.076000000000009891e+02 3.096437635642126929e-02
-2.071999999999999886e+02 2.889153055314842150e-02
-2.068000000000020009e+02 2.889467452824772548e-02
-2.064000000000010004e+02 2.889868931407092376e-02
-2.060000000000030127e+02 2.890669589627232333e-02
-2.056000000000009891e+02 2.909257277095992147e-02
-2.051999999999999886e+02 2.895701283993577096e-02
-2.048000000000020009e+02 2.901091280181097160e-02
-2.044000000000010004e+02 2.895203659287837183e-02
-2.040000000000030127e+02 2.900462845421922231e-02
-2.036000000000009891e+02 2.893985941854371885e-02
-2.031999999999999886e+02 2.895427341312876990e-02
-2.028000000000020009e+02 2.890670577952952208e-02
-2.024000000000010004e+02 2.895375783008002218e-02
-2.020000000000030127e+02 2.891035983744207061e-02
-2.016000000000009891e+02 2.896804280852207161e-02
-2.011999999999999886e+02 2.891484555462417450e-02
-2.008000000000020009e+02 2.891113998100412058e-02
-2.004000000000010004e+02 2.887872962647101971e-02
-2.000000000000030127e+02 2.890761756721982323e-02
-1.996000000000009891e+02 2.888855025037297131e-02
-1.991999999999999886e+02 2.889981430555467468e-02
-1.988000000000020009e+02 2.887049362298697158e-02
-1.984000000000010004e+02 2.887034092562242027e-02
-1.980000000000030127e+02 2.886027196861277316e-02
-1.976000000000009891e+02 2.886243667216402409e-02
-1.971999999999999886e+02 2.886500460175862176e-02
-1.968000000000020009e+02 2.870768013098601995e-02
-1.964000000000010004e+02 2.873575611776071903e-02
-1.960000000000030127e+02 2.871526041170531854e-02
-1.956000000000009891e+02 2.874240608125652047e-02
-1.951999999999999886e+02 2.867842878697982045e-02
-1.948000000000020009e+02 2.869599948140022158e-02
-1.944000000000010004e+02 2.863155886999472002e-02
-1.940000000000030127e+02 2.864236051835052088e-02
-1.936000000000009891e+02 2.862669882799822110e-02
-1.931999999999999886e+02 2.860413796011431961e-02
-1.928000000000020009e+02 2.842140170622987211e-02
-1.924000000000010004e+02 2.841173169120132097e-02
-1.920000000000030127e+02 2.840072527179372114e-02
-1.916000000000009891e+02 2.836291024075877215e-02
-1.911999999999999886e+02 2.835342786623057040e-02
-1.908000000000020009e+02 2.835410838082182139e-02
-1.904000000000010004e+02 2.832279199438107048e-02
-1.900000000000030127e+02 2.827624503883916993e-02
-1.896000000000009891e+02 2.828360061687666682e-02
-1.891999999999999886e+02 2.823857152826422107e-02
-1.888000000000020009e+02 2.824540515428326792e-02
-1.884000000000010004e+02 2.820466520810667108e-02
-1.880000000000030127e+02 2.818750190487922039e-02
-1.876000000000009891e+02 2.816583419159751980e-02
-1.871999999999999886e+02 2.813526056321066782e-02
-1.868000000000020009e+02 2.812168706285141789e-02
-1.864000000000010004e+02 2.809578075042107326e-02
-1.860000000000030127e+02 2.808140641930201992e-02
-1.856000000000009891e+02 2.805109640100061918e-02
-1.851999999999999886e+02 2.804808177579527079e-02
-1.848000000000020009e+02 2.819699036033352160e-02
-1.844000000000010004e+02 2.818028488676891860e-02
-1.840000000000030127e+02 2.818482575173272137e-02
-1.836000000000009891e+02 2.817064892668991877e-02
-1.831999999999999886e+02 2.816952560197712174e-02
-1.828000000000020009e+02 2.816400920700751903e-02
-1.824000000000010004e+02 2.816039460714711909e-02
-1.820000000000030127e+02 2.812864507637961864e-02
-1.816000000000009891e+02 2.813351550655222161e-02
-1.811999999999999886e+02 2.811379298241682007e-02
-1.808000000000020009e+02 2.811612159844721973e-02
-1.804000000000010004e+02 2.810112043568512019e-02
-1.800000000000030127e+02 2.810845538506692026e-02
-1.796000000000009891e+02 2.809148405090862097e-02
-1.791999999999999886e+02 2.808567705882021939e-02
-1.788000000000020009e+02 2.802125218547112107e-02
-1.784000000000010004e+02 2.810793291282191741e-02
-1.780000000000030127e+02 2.805999504228851721e-02
-1.776000000000009891e+02 2.798971524407507100e-02
-1.771999999999999886e+02 2.802021224216461742e-02
-1.768000000000020009e+02 2.801237314774796677e-02
-1.764000000000010004e+02 2.798329936638536963e-02
-1.760000000000030127e+02 2.797129500382411829e-02
-1.756000000000009891e+02 2.794323901958641748e-02
-1.751999999999999886e+02 2.793790752491911999e-02
-1.748000000000020009e+02 2.789967820340972030e-02
-1.744000000000010004e+02 2.786654189934657105e-02
-1.740000000000030127e+02 2.786661788498501907e-02
-1.736000000000009891e+02 2.784067403728331808e-02
-1.731999999999999886e+02 2.783886973691651959e-02
-1.728000000000020009e+02 2.778631794564486931e-02
-1.724000000000010004e+02 2.781082799679306800e-02
-1.720000000000030127e+02 2.775996284195941799e-02
-1.716000000000009891e+02 2.777155687010591720e-02
-1.711999999999999886e+02 2.773569435268101804e-02
-1.708000000000020009e+02 2.769233166591291914e-02
-1.704000000000010004e+02 2.767889238918882014e-02
-1.700000000000030127e+02 2.765199288188861793e-02
-1.696000000000009891e+02 2.763338324222281914e-02
-1.691999999999999886e+02 2.760941596456461741e-02
-1.688000000000020009e+02 2.759468671633651810e-02
-1.684000000000010004e+02 2.765632901960391951e-02
-1.680000000000030127e+02 2.759202426753702003e-02
-1.676000000000009891e+02 2.756557133920421732e-02
-1.671999999999999886e+02 2.755872204888391852e-02
-1.668000000000020009e+02 2.757946636220591843e-02
-1.664000000000010004e+02 2.748437516332251709e-02
-1.660000000000030127e+02 2.743177047853812001e-02
-1.656000000000009891e+02 2.739500164010531813e-02
-1.651999999999999886e+02 2.738324562076176888e-02
-1.648000000000020009e+02 2.744193656473021756e-02
-1.644000000000010004e+02 2.741798015327506777e-02
-1.640000000000030127e+02 2.741769709438756850e-02
-1.636000000000009891e+02 2.738878713007046606e-02
-1.631999999999999886e+02 2.740927348890331849e-02
-1.628000000000020009e+02 2.741617743789472039e-02
-1.624000000000010004e+02 2.742168083820726784e-02
-1.620000000000030127e+02 2.738129452656996865e-02
-1.616000000000009891e+02 2.736124088176856983e-02
-1.611999999999999886e+02 2.736813085428441844e-02
-1.608000000000020009e+02 2.735749366968856858e-02
-1.604000000000010004e+02 2.730710569630801637e-02
-1.600000000000030127e+02 2.743558892579021566e-02
-1.596000000000009891e+02 2.743917554285281793e-02
-1.591999999999999886e+02 2.747951367147221866e-02
-1.588000000000020009e+02 2.746422616587561663e-02
-1.584000000000010004e+02 2.750463739603981744e-02
-1.580000000000030127e+02 2.748081789585861759e-02
-1.576000000000009891e+02 2.748600230382871809e-02
-1.571999999999999886e+02 2.750587664127531612e-02
-1.568000000000020009e+02 2.749340528566601716e-02
-1.564000000000010004e+02 2.748841233412281648e-02
-1.560000000000030127e+02 2.758663412245291810e-02
-1.556000000000009891e+02 2.752146351510301875e-02
-1.551999999999999886e+02 2.758348031294921565e-02
-1.548000000000020009e+02 2.755454950634261824e-02
-1.544000000000010004e+02 2.758698802675701653e-02
-1.540000000000030127e+02 2.762845052675581836e-02
-1.536000000000009891e+02 2.761117883637211751e-02
-1.531999999999999886e+02 2.782477159483296575e-02
-1.528000000000020009e+02 2.779476734507391883e-02
-1.524000000000010004e+02 2.782800256644476708e-02
-1.520000000000030127e+02 2.780443137624411670e-02
-1.516000000000009891e+02 2.781305915780541566e-02
-1.511999999999999886e+02 2.777623550309236966e-02
-1.508000000000020009e+02 2.780499479979051808e-02
-1.504000000000010004e+02 2.781811287564946861e-02
-1.500000000000030127e+02 2.781864442475756941e-02
-1.496000000000009891e+02 2.780943198715181766e-02
-1.491999999999999886e+02 2.782231303512021706e-02
-1.488000000000020009e+02 2.779547649243941862e-02
-1.484000000000010004e+02 2.781740620584861878e-02
-1.480000000000030127e+02 2.783894756848642044e-02
-1.476000000000009891e+02 2.782366164206941800e-02
-1.471999999999999886e+02 2.769322519338661762e-02
-1.468000000000020009e+02 2.765568187882951751e-02
-1.464000000000010004e+02 2.766017183943611860e-02
-1.460000000000030127e+02 2.762844236816791935e-02
-1.456000000000009891e+02 2.760770674341962022e-02
-1.451999999999999886e+02 2.760509020170311828e-02
-1.448000000000020009e+02 2.760997670264141862e-02
-1.444000000000010004e+02 2.763761743718201949e-02
-1.440000000000030127e+02 2.756476486009422008e-02
-1.436000000000009891e+02 2.757993330837421944e-02
-1.431999999999999886e+02 2.759344221975401981e-02
-1.428000000000020009e+02 2.756522384772231923e-02
-1.424000000000010004e+02 2.760657020262621830e-02
-1.420000000000030127e+02 2.757217735416931867e-02
-1.416000000000009891e+02 2.759634289666881846e-02
-1.411999999999999886e+02 2.758556605450371985e-02
-1.408000000000020009e+02 2.758259668556291982e-02
-1.404000000000010004e+02 2.752634417253486954e-02
-1.400000000000030127e+02 2.754351265340456573e-02
-1.396000000000009891e+02 2.755128224441976900e-02
-1.391999999999999886e+02 2.753496734985256753e-02
-1.388000000000020009e+02 2.755226250115126729e-02
-1.384000000000010004e+02 2.754464839833161566e-02
-1.380000000000030127e+02 2.753706364212681751e-02
-1.376000000000009891e+02 2.754220701762391879e-02
-1.371999999999999886e+02 2.754969079495941942e-02
-1.368000000000020009e+02 2.754139417874681972e-02
-1.364000000000010004e+02 2.754684382891266908e-02
-1.360000000000030127e+02 2.754672905374486863e-02
-1.356000000000009891e+02 2.754559266807256671e-02
-1.351999999999999886e+02 2.754606863130121958e-02
-1.348000000000020009e+02 2.753557724062821732e-02
-1.344000000000010004e+02 2.752028458366931676e-02
-1.340000000000030127e+02 2.752254613249591891e-02
-1.336000000000009891e+02 2.753530728196881827e-02
-1.331999999999999886e+02 2.750298937335641722e-02
-1.328000000000020009e+02 2.755631118177011632e-02
-1.324000000000010004e+02 2.753688911321171620e-02
-1.320000000000030127e+02 2.755066044204281667e-02
-1.316000000000009891e+02 2.756201673743161745e-02
-1.311999999999999886e+02 2.750273252155061715e-02
-1.308000000000020009e+02 2.753750461784391576e-02
-1.304000000000010004e+02 2.752511308438421872e-02
-1.300000000000030127e+02 2.757457741720241787e-02
-1.296000000000009891e+02 2.754494235702491592e-02
-1.291999999999999886e+02 2.754640359321271909e-02
-1.288000000000020009e+02 2.752856648823641741e-02
-1.284000000000010004e+02 2.755082645601481667e-02
-1.280000000000030127e+02 2.755969724033181800e-02
-1.276000000000010033e+02 2.765666120248181856e-02
-1.272000000000000028e+02 2.764924530864691643e-02
-1.268000000000020009e+02 2.763454830754846769e-02
-1.264000000000010004e+02 2.762868289751961581e-02
-1.260000000000029985e+02 2.765562922814196814e-02
-1.256000000000010033e+02 2.764468597367476799e-02
-1.252000000000000028e+02 2.765320989669126789e-02
-1.248000000000020009e+02 2.768192201138766628e-02
-1.244000000000010004e+02 2.764326596294206656e-02
-1.240000000000029985e+02 2.767627664286771705e-02
-1.236000000000010033e+02 2.765594745359381892e-02
-1.232000000000000028e+02 2.765930162968016637e-02
-1.228000000000020009e+02 2.767087065705471638e-02
-1.224000000000010004e+02 2.770949911797601639e-02
-1.220000000000029985e+02 2.769453101152136859e-02
-1.216000000000010033e+02 2.757926592394861764e-02
-1.212000000000000028e+02 2.761471509217131720e-02
-1.208000000000020009e+02 2.759325518446811842e-02
-1.204000000000010004e+02 2.759127439036051718e-02
-1.200000000000029985e+02 2.761971796740751717e-02
-1.196000000000010033e+02 2.762912556503471784e-02
-1.192000000000000028e+02 2.762383770598231952e-02
-1.188000000000020009e+02 2.762743758396911734e-02
-1.184000000000010004e+02 2.763042991403991816e-02
-1.180000000000029985e+02 2.761880194799811936e-02
-1.176000000000010033e+02 2.767772000324422027e-02
-1.172000000000000028e+02 2.763077439997171925e-02
-1.168000000000020009e+02 2.763230579652291991e-02
-1.164000000000010004e+02 2.766293999092681727e-02
-1.160000000000029985e+02 2.765232042915781799e-02
-1.156000000000010033e+02 2.767136736949361853e-02
-1.152000000000000028e+02 2.768816298093101924e-02
-1.148000000000020009e+02 2.769417060847426809e-02
-1.144000000000010004e+02 2.770721694344516900e-02
-1.140000000000029985e+02 2.770394632213031560e-02
-1.136000000000010033e+02 2.771705672447881755e-02
-1.132000000000000028e+02 2.770539073945026826e-02
-1.128000000000020009e+02 2.772374331240206810e-02
-1.124000000000010004e+02 2.770644091949136731e-02
-1.120000000000029985e+02 2.771431835729396692e-02
-1.116000000000010033e+02 2.773877479083126929e-02
-1.112000000000000028e+02 2.773957956065626826e-02
-1.108000000000020009e+02 2.775384353959872014e-02
-1.104000000000010004e+02 2.776158755214747087e-02
-1.100000000000029985e+02 2.776872267661267130e-02
-1.096000000000010033e+02 2.777502745541866880e-02
-1.092000000000000028e+02 2.776771213460436927e-02
-1.088000000000020009e+02 2.778282004138131825e-02
-1.084000000000010004e+02 2.777860524918801879e-02
-1.080000000000029985e+02 2.779466651743491695e-02
-1.076000000000010033e+02 2.781046338335051854e-02
-1.072000000000000028e+02 2.778211601150501822e-02
-1.068000000000020009e+02 2.782341909758711748e-02
-1.064000000000010004e+02 2.782276826107911785e-02
-1.060000000000029985e+02 2.783671900420771686e-02
-1.056000000000010033e+02 2.782321571117831946e-02
-1.052000000000000028e+02 2.784116534400481874e-02
-1.048000000000020009e+02 2.787169990199971775e-02
-1.044000000000010004e+02 2.788301131534721977e-02
-1.040000000000029985e+02 2.788823678154091906e-02
-1.036000000000010033e+02 2.792333345313481943e-02
-1.032000000000000028e+02 2.792074575221141844e-02
-1.028000000000020009e+02 2.793823072531951765e-02
-1.024000000000010004e+02 2.793228714865181664e-02
-1.020000000000029985e+02 2.800708251708496771e-02
-1.016000000000010033e+02 2.799843442234681984e-02
-1.012000000000000028e+02 2.798536533242936691e-02
-1.008000000000020009e+02 2.799712442967147025e-02
-1.004000000000010004e+02 2.800374165664316906e-02
-1.000000000000029985e+02 2.800188946424051611e-02
-9.960000000000150067e+01 2.800914163747546953e-02
-9.920000000000000284e+01 2.799554098682586686e-02
-9.880000000000219984e+01 2.800472182483026984e-02
-9.840000000000070202e+01 2.800458534421216769e-02
-9.800000000000289901e+01 2.800813572246051847e-02
-9.760000000000150067e+01 2.800029300894426795e-02
-9.720000000000000284e+01 2.801303803050656654e-02
-9.680000000000219984e+01 2.800425385300836859e-02
-9.640000000000070202e+01 2.802625816180981735e-02
-9.600000000000289901e+01 2.794034775021031827e-02
-9.560000000000150067e+01 2.792627324608591699e-02
-9.520000000000000284e+01 2.790938864882381784e-02
-9.480000000000219984e+01 2.793141626941201758e-02
-9.440000000000070202e+01 2.791008335961671707e-02
-9.400000000000289901e+01 2.791592349757911901e-02
-9.360000000000150067e+01 2.789726726760321726e-02
-9.320000000000000284e+01 2.789991510129971944e-02
-9.280000000000219984e+01 2.791652445847251848e-02
-9.240000000000070202e+01 2.789104251466891643e-02
-9.200000000000289901e+01 2.788373843597001869e-02
-9.160000000000150067e+01 2.786543196523411786e-02
-9.120000000000000284e+01 2.786559422467531702e-02
-9.080000000000219984e+01 2.785488389963241759e-02
-9.040000000000070202e+01 2.784960025145731891e-02
-9.000000000000289901e+01 2.780817120938541831e-02
-8.960000000000150067e+01 2.778561354128921898e-02
-8.920000000000000284e+01 2.771688089444212036e-02
-8.880000000000219984e+01 2.772092481625296895e-02
-8.840000000000070202e+01 2.770894036732896720e-02
-8.800000000000289901e+01 2.770097088201386656e-02
-8.760000000000150067e+01 2.768563779485611748e-02
-8.720000000000000284e+01 2.768557085472246604e-02
-8.680000000000219984e+01 2.767893261658396775e-02
-8.640000000000070202e+01 2.768007315347411831e-02
-8.600000000000289901e+01 2.766397094573756765e-02
-8.560000000000150067e+01 2.766346339604286789e-02
-8.520000000000000284e+01 2.764940697737606687e-02
-8.480000000000219984e+01 2.764927473185482126e-02
-8.440000000000070202e+01 2.763528095713891838e-02
-8.400000000000289901e+01 2.764022947141466999e-02
-8.360000000000150067e+01 2.762168931246881953e-02
-8.320000000000000284e+01 2.766212505240012165e-02
-8.280000000000219984e+01 2.764479619201691551e-02
-8.240000000000070202e+01 2.767178724995001532e-02
-8.200000000000289901e+01 2.767483933175731575e-02
-8.160000000000150067e+01 2.769688396359212129e-02
-8.120000000000000284e+01 2.770434378129081610e-02
-8.080000000000219984e+01 2.768744498021631639e-02
-8.040000000000070202e+01 2.771682591790682049e-02
-8.000000000000289901e+01 2.771882294071782021e-02
-7.960000000000150067e+01 2.772596281810031649e-02
-7.920000000000000284e+01 2.773997173966721852e-02
-7.880000000000219984e+01 2.774163840550061821e-02
-7.840000000000070202e+01 2.777897172016732114e-02
-7.800000000000289901e+01 2.776187797871412094e-02
-7.760000000000150067e+01 2.777786011358021612e-02
-7.720000000000000284e+01 2.780146278035031809e-02
-7.680000000000219984e+01 2.779168748761891988e-02
-7.640000000000070202e+01 2.777002650615021523e-02
-7.600000000000289901e+01 2.779342930830046646e-02
-7.560000000000150067e+01 2.782463112102846747e-02
-7.520000000000000284e+01 2.784947505101752208e-02
-7.480000000000219984e+01 2.787329628391281913e-02
-7.440000000000070202e+01 2.790333728928636597e-02
-7.400000000000289901e+01 2.792641569074551938e-02
-7.360000000000150067e+01 2.795189215164496643e-02
-7.320000000000000284e+01 2.798317292453341917e-02
-7.280000000000219984e+01 2.801705116963406489e-02
-7.240000000000070202e+01 2.805595545613292011e-02
-7.200000000000289901e+01 2.806866350383172004e-02
-7.160000000000150067e+01 2.809537676294456693e-02
-7.120000000000000284e+01 2.815076913649441903e-02
-7.080000000000219984e+01 2.817119714404951736e-02
-7.040000000000070202e+01 2.830960909108492032e-02
-7.000000000000289901e+01 2.834500361509931926e-02
-6.960000000000150067e+01 2.841572365272551984e-02
-6.920000000000000284e+01 2.846703093390361844e-02
-6.880000000000219984e+01 2.847944890011501820e-02
-6.840000000000070202e+01 2.852996711895441906e-02
-6.800000000000289901e+01 2.858008429620911839e-02
-6.760000000000150067e+01 2.861061293580152015e-02
-6.720000000000000284e+01 2.864720537623772004e-02
-6.680000000000219984e+01 2.865456084348411842e-02
-6.640000000000070202e+01 2.871938895523142021e-02
-6.600000000000289901e+01 2.874193582562221960e-02
-6.560000000000150067e+01 2.879157123214211994e-02
-6.520000000000000284e+01 2.884006210764591960e-02
-6.480000000000219984e+01 2.884959595986361786e-02
-6.440000000000070202e+01 2.891409334251191995e-02
-6.400000000000289901e+01 2.892336677811621973e-02
-6.360000000000150067e+01 2.921709806749141908e-02
-6.320000000000000284e+01 2.922080835324596809e-02
-6.280000000000219984e+01 2.924168399996316878e-02
-6.240000000000070202e+01 2.926470456825641664e-02
-6.200000000000289901e+01 2.929820950933931939e-02
-6.160000000000150067e+01 2.930757799702806560e-02
-6.120000000000000284e+01 2.933040976321351842e-02
-6.080000000000219984e+01 2.936188801199366913e-02
-6.040000000000070202e+01 2.940344060767061812e-02
-6.000000000000289901e+01 2.943426651278222006e-02
-5.960000000000150067e+01 2.944699046859462072e-02
-5.920000000000000284e+01 2.948331702363631707e-02
-5.880000000000219984e+01 2.950986363277281754e-02
-5.840000000000070202e+01 2.953150620648841915e-02
-5.800000000000289901e+01 2.956408562693521938e-02
-5.760000000000150067e+01 2.935860334661812010e-02
-5.720000000000000284e+01 2.937315959350222244e-02
-5.680000000000219984e+01 2.935733459688971703e-02
-5.640000000000070202e+01 2.936630490746951899e-02
-5.600000000000289901e+01 2.934969709852462000e-02
-5.560000000000150067e+01 2.937025490662401733e-02
-5.520000000000000284e+01 2.935617522213791741e-02
-5.480000000000219984e+01 2.935792365926361697e-02
-5.440000000000070202e+01 2.935102209824101693e-02
-5.400000000000289901e+01 2.935891740905091640e-02
-5.360000000000150067e+01 2.934031897553211754e-02
-5.320000000000000284e+01 2.934475178708322030e-02
-5.280000000000219984e+01 2.933508460165262094e-02
-5.240000000000070202e+01 2.933472366422992111e-02
-5.200000000000289901e+01 2.933683147627871857e-02
-5.160000000000150067e+01 2.934440022465852060e-02
-5.120000000000000284e+01 2.926531496775851976e-02
-5.080000000000219984e+01 2.926609153125887125e-02
-5.040000000000070202e+01 2.926933841731806790e-02
-5.000000000000289901e+01 2.925789232957742153e-02
-4.960000000000150067e+01 2.925905405541751741e-02
-4.920000000000000284e+01 2.926880562163956812e-02
-4.880000000000219984e+01 2.927264781567797194e-02
-4.840000000000070202e+01 2.927633609874841919e-02
-4.800000000000289901e+01 2.928126109888212064e-02
-4.760000000000150067e+01 2.926462203956287089e-02
-4.720000000000000284e+01 2.927456189271886861e-02
-4.680000000000219984e+01 2.927157439018861912e-02
-4.640000000000070202e+01 2.928420799656891726e-02
-4.600000000000289901e+01 2.928403064966127178e-02
-4.560000000000150067e+01 2.926233846500771868e-02
-4.520000000000000284e+01 2.927801659719056829e-02
-4.480000000000219984e+01 2.933427512483541971e-02
-4.440000000000070202e+01 2.933865481566121786e-02
-4.400000000000289901e+01 2.934859388570872085e-02
-4.360000000000150067e+01 2.937015952708511846e-02
-4.320000000000000284e+01 2.936819546309361872e-02
-4.280000000000219984e+01 2.941369393514401895e-02
-4.240000000000070202e+01 2.941822675108611909e-02
-4.200000000000289901e+01 2.941345018495892041e-02
-4.160000000000150067e+01 2.943496270129502060e-02
-4.120000000000000284e+01 2.942116425331681856e-02
-4.080000000000219984e+01 2.944733458568991880e-02
-4.040000000000070202e+01 2.944079239322192065e-02
-4.000000000000289901e+01 2.947345491802502021e-02
-3.960000000000150067e+01 2.948497523927331998e-02
-3.920000000000000284e+01 2.949352680826711898e-02
-3.880000000000219984e+01 2.950919557016561806e-02
-3.840000000000070202e+01 2.953652059091551804e-02
-3.800000000000289901e+01 2.960501217694656850e-02
-3.760000000000150067e+01 2.960525046188342002e-02
-3.720000000000000284e+01 2.960899811830962000e-02
-3.680000000000219984e+01 2.960193639842852165e-02
-3.640000000000070202e+01 2.961109656077026697e-02
-3.600000000000289901e+01 2.961427703380696899e-02
-3.560000000000150067e+01 2.960630671820736748e-02
-3.520000000000000284e+01 2.961060672182187076e-02
-3.480000000000219984e+01 2.960393953443801740e-02
-3.440000000000070202e+01 2.960529187804662038e-02
-3.400000000000289901e+01 2.960959109957736826e-02
-3.360000000000150067e+01 2.960150906413432093e-02
-3.320000000000000284e+01 2.960075515951696851e-02
-3.280000000000219984e+01 2.958854421532727125e-02
-3.240000000000070202e+01 2.961822861065601872e-02
-3.200000000000289901e+01 2.956313027755971823e-02
-3.160000000000150067e+01 2.955042558396551999e-02
-3.119999999999999929e+01 2.955405683570731801e-02
-3.080000000000219984e+01 2.955861152539211723e-02
-3.040000000000069846e+01 2.955594277411201926e-02
-3.000000000000289901e+01 2.955295214767741929e-02
-2.960000000000150067e+01 2.955932715073541703e-02
-2.919999999999999929e+01 2.956859590518151962e-02
-2.880000000000219984e+01 2.959207560394441772e-02
-2.840000000000069846e+01 2.955044120897291904e-02
-2.800000000000289901e+01 2.955366308551841958e-02
-2.760000000000150067e+01 2.956245683973671851e-02
-2.719999999999999929e+01 2.957809434723781758e-02
-2.680000000000219984e+01 2.957099434383201816e-02
-2.640000000000069846e+01 2.959005685297612029e-02
-2.600000000000289901e+01 2.960558186042321765e-02
-2.560000000000150067e+01 2.961315217655461837e-02
-2.519999999999999929e+01 2.963322093316196962e-02
-2.480000000000219984e+01 2.963507980120481944e-02
-2.440000000000069846e+01 2.965682353417101874e-02
-2.400000000000289901e+01 2.966130205845646933e-02
-2.360000000000150067e+01 2.966260613924956782e-02
-2.319999999999999929e+01 2.967918767310231964e-02
-2.280000000000219984e+01 2.968759374772182019e-02
-2.240000000000069846e+01 2.969819002563426832e-02
-2.200000000000289901e+01 2.971987381803596964e-02
-2.160000000000150067e+01 2.971847942053401637e-02
-2.119999999999999929e+01 2.973355583847141909e-02
-2.080000000000219984e+01 2.974199263728456721e-02
-2.040000000000069846e+01 2.975161554863146873e-02
-2.000000000000289901e+01 2.976992573100632061e-02
-1.960000000000150067e+01 2.977483621902302091e-02
-1.919999999999999929e+01 2.976438087016012105e-02
-1.880000000000219984e+01 2.981094842395502070e-02
-1.840000000000069846e+01 2.979959708977981958e-02
-1.800000000000289901e+01 2.984130446300091791e-02
-1.760000000000150067e+01 2.982472687218911886e-02
-1.719999999999999929e+01 2.984017796064502084e-02
-1.680000000000219984e+01 2.987902369049721951e-02
-1.640000000000069846e+01 2.988281540516402046e-02
-1.600000000000289901e+01 2.986493720264931859e-02
-1.560000000000150067e+01 2.987946417226381920e-02
-1.519999999999999929e+01 2.990452847765371833e-02
-1.480000000000219984e+01 2.993279371642221937e-02
-1.440000000000070024e+01 2.993043505561102102e-02
-1.400000000000290079e+01 2.994216139453351883e-02
-1.360000000000150067e+01 2.997340137334082028e-02
-1.319999999999999929e+01 2.997945055706172091e-02
-1.280000000000219984e+01 2.999923205748021918e-02
-1.240000000000070024e+01 3.016419714385890766e-02
-1.200000000000290079e+01 3.015253080762751031e-02
-1.160000000000150067e+01 3.015202438687050734e-02
-1.119999999999999929e+01 3.019191253544056125e-02
-1.080000000000219984e+01 3.020533327198261092e-02
-1.040000000000070024e+01 3.020483887392531180e-02
-1.000000000000290079e+01 3.019187981207106103e-02
-9.600000000001449152e+00 3.016130547126670905e-02
-9.199999999999999289e+00 3.018083764161610949e-02
-8.800000000002180300e+00 3.016077211546026177e-02
-8.400000000000730438e+00 3.015549709069851106e-02
-8.000000000002909673e+00 3.018966814772995957e-02
-7.600000000001459810e+00 3.015275122691320892e-02
-7.200000000000000178e+00 3.021111950492746251e-02
-6.800000000002180300e+00 3.024932924327401046e-02
-6.400000000000730438e+00 3.018414156189460143e-02
-6.000000000002909673e+00 3.026211444342909868e-02
-5.600000000001459810e+00 3.021850328728619903e-02
-5.200000000000000178e+00 3.034094796075529829e-02
-4.800000000002180300e+00 3.033018881135250006e-02
-4.400000000000730438e+00 3.028598266258809846e-02
-4.000000000002909673e+00 3.024901378770989899e-02
-3.600000000001459810e+00 3.035775560080680030e-02
-3.200000000000000178e+00 3.035023705768139998e-02
-2.800000000002179856e+00 3.041465131947910031e-02
-2.400000000000729994e+00 3.040604856757690017e-02
-2.000000000002910117e+00 3.056644054823509996e-02
-1.600000000001460032e+00 3.071321380889169977e-02
-1.199999999999999956e+00 3.068784909313930151e-02
-8.000000000021829649e-01 3.048984756878020050e-02
-4.000000000007279954e-01 3.045154446802359957e-02
-2.910387209009709878e-12 3.026532740358479912e-02
