-2.128000000000020009e+02 -1.448554045611148467e+03
-2.124000000000010004e+02 -1.475860167387159890e+03
-2.120000000000030127e+02 -1.464657524444162846e+03
-2.116000000000009891e+02 -1.405870808923136792e+03
-2.111999999999999886e+02 -1.354174675987640512e+03
-2.108000000000020009e+02 -1.352953788514118060e+03
-2.104000000000010004e+02 -1.352088918195106089e+03
-2.100000000000030127e+02 -1.350877608683105791e+03
-2.096000000000009891e+02 -5.975781544831552310e+02
-2.091999999999999886e+02 -5.967696123206260381e+02
-2.088000000000020009e+02 -5.964148985351203009e+02
-2.084000000000010004e+02 -5.954075049446255434e+02
-2.080000000000030127e+02 -5.914202987861499423e+02
-2.076000000000009891e+02 -5.809072378586133709e+02
-2.184000000000010004e+02 -1.833649382960592629e+04
-2.180000000000030127e+02 -1.833391078600293258e+04
-2.176000000000009891e+02 -7.345998089100932702e+03
-2.171999999999999886e+02 -1.833316264552992652e+04
-2.168000000000020009e+02 -7.330710183685936499e+03
-2.164000000000010004e+02 -7.330369695814937586e+03
-2.160000000000030127e+02 -7.329589994137932081e+03
-2.156000000000009891e+02 -7.329540397958946414e+03
-2.151999999999999886e+02 -7.327401698801928433e+03
-2.148000000000020009e+02 -7.326981141864933306e+03
-2.144000000000010004e+02 -4.385629247439937899e+03
-2.140000000000030127e+02 -4.385685062574950280e+03
-2.136000000000009891e+02 -1.847269313392927870e+03
-2.131999999999999886e+02 -1.855794569979945663e+03
-2.071999999999999886e+02 -1.167942773079266772e+02
-2.068000000000020009e+02 -1.158217908439401072e+02
-2.064000000000010004e+02 -1.143890988099446986e+02
-2.060000000000030127e+02 -1.123679380339453928e+02
-2.056000000000009891e+02 -1.146964339820297027e+02
-2.051999999999999886e+02 -1.136703063466302410e+02
-2.048000000000020009e+02 -1.129718397975921107e+02
-2.044000000000010004e+02 -1.120026930574895232e+02
-2.040000000000030127e+02 -1.084807425690414675e+02
-2.036000000000009891e+02 -1.077497819074378640e+02
-2.031999999999999886e+02 -1.072679676396874129e+02
-2.028000000000020009e+02 -1.062393521643825807e+02
-2.024000000000010004e+02 -1.052844313523819437e+02
-2.020000000000030127e+02 -1.046674330977330101e+02
-2.016000000000009891e+02 -1.038788694052418577e+02
-2.011999999999999886e+02 -1.032762525085345260e+02
-2.008000000000020009e+02 -1.025935664599273878e+02
-2.004000000000010004e+02 -1.020597467842926562e+02
-2.000000000000030127e+02 -1.014052015946908796e+02
-1.996000000000009891e+02 -1.007263247579940071e+02
-1.991999999999999886e+02 -1.000392855239879282e+02
-1.988000000000020009e+02 -9.944265434013141203e+01
-1.984000000000010004e+02 -9.879518322373769479e+01
-1.980000000000030127e+02 -9.841092941653187154e+01
-1.976000000000009891e+02 -9.777037687083793571e+01
-1.971999999999999886e+02 -9.706335924448649166e+01
-1.968000000000020009e+02 -9.484672746853175340e+01
-1.964000000000010004e+02 -9.472670160263078287e+01
-1.960000000000030127e+02 -9.398928880793391727e+01
-1.956000000000009891e+02 -9.360962148313410580e+01
-1.951999999999999886e+02 -9.276259957713045878e+01
-1.948000000000020009e+02 -9.229866539703652961e+01
-1.944000000000010004e+02 -9.159234738603117876e+01
-1.940000000000030127e+02 -9.105114266863529338e+01
-1.936000000000009891e+02 -9.023987975803174777e+01
-1.931999999999999886e+02 -8.990156851223582635e+01
-1.928000000000020009e+02 -9.054904384925612248e+01
-1.924000000000010004e+02 -8.976405604200044763e+01
-1.920000000000030127e+02 -8.910336932220161543e+01
-1.916000000000009891e+02 -8.833968140725846752e+01
-1.911999999999999886e+02 -8.766041585935090552e+01
-1.908000000000020009e+02 -8.702095158500378602e+01
-1.904000000000010004e+02 -8.645020683990151156e+01
-1.900000000000030127e+02 -8.581688379541083123e+01
-1.896000000000009891e+02 -8.504946452251169831e+01
-1.891999999999999886e+02 -8.464888598695324617e+01
-1.888000000000020009e+02 -8.400164803825464332e+01
-1.884000000000010004e+02 -8.353833575430326164e+01
-1.880000000000030127e+02 -8.270002038620077656e+01
-1.876000000000009891e+02 -8.228195099170625326e+01
-1.871999999999999886e+02 -8.160999273641209584e+01
-1.868000000000020009e+02 -8.114046148950728821e+01
-1.864000000000010004e+02 -8.049159105275248294e+01
-1.860000000000030127e+02 -8.011518871095904615e+01
-1.856000000000009891e+02 -7.934450447060225997e+01
-1.851999999999999886e+02 -7.897548713655123720e+01
-1.848000000000020009e+02 -7.739369925067876466e+01
-1.844000000000010004e+02 -7.712706148266443051e+01
-1.840000000000030127e+02 -7.637767717966926284e+01
-1.836000000000009891e+02 -7.578812002067570575e+01
-1.831999999999999886e+02 -7.526401748668286018e+01
-1.828000000000020009e+02 -7.465673633269034326e+01
-1.824000000000010004e+02 -7.428857408466865309e+01
-1.820000000000030127e+02 -7.380442826868966222e+01
-1.816000000000009891e+02 -7.329058698567678221e+01
-1.811999999999999886e+02 -7.281219370267353952e+01
-1.808000000000020009e+02 -7.229415459468145855e+01
-1.804000000000010004e+02 -7.182586713368073106e+01
-1.800000000000030127e+02 -7.126165226768353023e+01
-1.796000000000009891e+02 -7.082912379768094979e+01
-1.791999999999999886e+02 -7.067322810737823602e+01
-1.788000000000020009e+02 -7.009401001737569459e+01
-1.784000000000010004e+02 -6.968596870587498415e+01
-1.780000000000030127e+02 -6.912167610787946614e+01
-1.776000000000009891e+02 -6.869458925123763038e+01
-1.771999999999999886e+02 -6.816224653897734242e+01
-1.768000000000020009e+02 -6.761536703983438201e+01
-1.764000000000010004e+02 -6.729796701558370842e+01
-1.760000000000030127e+02 -6.678451440428034402e+01
-1.756000000000009891e+02 -6.624400931548007065e+01
-1.751999999999999886e+02 -6.577269014353805687e+01
-1.748000000000020009e+02 -6.533479785038070986e+01
-1.744000000000010004e+02 -6.489915992013629875e+01
-1.740000000000030127e+02 -6.444299943422811339e+01
-1.736000000000009891e+02 -6.404972815813016496e+01
-1.731999999999999886e+02 -6.351295444638526533e+01
-1.728000000000020009e+02 -6.308695590892602922e+01
-1.724000000000010004e+02 -6.256984966183517827e+01
-1.720000000000030127e+02 -6.190050135918863816e+01
-1.716000000000009891e+02 -6.150513118208618835e+01
-1.711999999999999886e+02 -6.098724755608782289e+01
-1.708000000000020009e+02 -6.057244313998671714e+01
-1.704000000000010004e+02 -6.004616392248863121e+01
-1.700000000000030127e+02 -5.965265943208942190e+01
-1.696000000000009891e+02 -5.916944648968637921e+01
-1.691999999999999886e+02 -5.871577359239017824e+01
-1.688000000000020009e+02 -5.827391671258737915e+01
-1.684000000000010004e+02 -5.762730068318705889e+01
-1.680000000000030127e+02 -5.733718634788965574e+01
-1.676000000000009891e+02 -5.675027230278647039e+01
-1.671999999999999886e+02 -5.634541821598759270e+01
-1.668000000000020009e+02 -5.585054473018681165e+01
-1.664000000000010004e+02 -5.527062701048998861e+01
-1.660000000000030127e+02 -5.481606141681186273e+01
-1.656000000000009891e+02 -5.433836779966077302e+01
-1.651999999999999886e+02 -5.386292855386273004e+01
-1.648000000000020009e+02 -5.358525213351458660e+01
-1.644000000000010004e+02 -5.295744844731234480e+01
-1.640000000000030127e+02 -5.260094674971333006e+01
-1.636000000000009891e+02 -5.220689810071053216e+01
-1.631999999999999886e+02 -5.167883093341151834e+01
-1.628000000000020009e+02 -5.128695891866300371e+01
-1.624000000000010004e+02 -5.089532011541450629e+01
-1.620000000000030127e+02 -5.046613436131156050e+01
-1.616000000000009891e+02 -5.000865235246237717e+01
-1.611999999999999886e+02 -4.958762897906126454e+01
-1.608000000000020009e+02 -4.925639179271092871e+01
-1.604000000000010004e+02 -4.891100648086285219e+01
-1.600000000000030127e+02 -4.837481707993720192e+01
-1.596000000000009891e+02 -4.807723999733570963e+01
-1.591999999999999886e+02 -4.763413932693583774e+01
-1.588000000000020009e+02 -4.721778017063479638e+01
-1.584000000000010004e+02 -4.692797678453644039e+01
-1.580000000000030127e+02 -4.640092019743678975e+01
-1.576000000000009891e+02 -4.594351592693419661e+01
-1.571999999999999886e+02 -4.562541628793405835e+01
-1.568000000000020009e+02 -4.519024478753635776e+01
-1.564000000000010004e+02 -4.480202641063806368e+01
-1.560000000000030127e+02 -4.438457893603481352e+01
-1.556000000000009891e+02 -4.403072029533723253e+01
-1.551999999999999886e+02 -4.373547532323573250e+01
-1.548000000000020009e+02 -4.331414100133406464e+01
-1.544000000000010004e+02 -4.294706707683508284e+01
-1.540000000000030127e+02 -4.254330130833841395e+01
-1.536000000000009891e+02 -4.219535067603646894e+01
-1.531999999999999886e+02 -4.177079085358855082e+01
-1.528000000000020009e+02 -4.136640318888748880e+01
-1.524000000000010004e+02 -4.099987342288659420e+01
-1.520000000000030127e+02 -4.064803594313707436e+01
-1.516000000000009891e+02 -4.023742932213644963e+01
-1.511999999999999886e+02 -3.986421417803649092e+01
-1.508000000000020009e+02 -3.947521843158756383e+01
-1.504000000000010004e+02 -3.909181974573584739e+01
-1.500000000000030127e+02 -3.876773436013900209e+01
-1.496000000000009891e+02 -3.835953758473624475e+01
-1.491999999999999886e+02 -3.796354551224067109e+01
-1.488000000000020009e+02 -3.762873242593923351e+01
-1.484000000000010004e+02 -3.723382867093823734e+01
-1.480000000000030127e+02 -3.692008230108694988e+01
-1.476000000000009891e+02 -3.650823188863432733e+01
-1.471999999999999886e+02 -3.612588323393720202e+01
-1.468000000000020009e+02 -3.575212393153924495e+01
-1.464000000000010004e+02 -3.540541709133685799e+01
-1.460000000000030127e+02 -3.506492920723758289e+01
-1.456000000000009891e+02 -3.474216535013692919e+01
-1.451999999999999886e+02 -3.442406571023821016e+01
-1.448000000000020009e+02 -3.404502029513969319e+01
-1.444000000000010004e+02 -3.367328215343877673e+01
-1.440000000000030127e+02 -3.324479603154031793e+01
-1.436000000000009891e+02 -3.291830080063664354e+01
-1.431999999999999886e+02 -3.251608976983698085e+01
-1.428000000000020009e+02 -3.221602510573575273e+01
-1.424000000000010004e+02 -3.181599071093660314e+01
-1.420000000000030127e+02 -3.149944581073941663e+01
-1.416000000000009891e+02 -3.110827342863922240e+01
-1.411999999999999886e+02 -3.082873132114036707e+01
-1.408000000000020009e+02 -3.033370236153859878e+01
-1.404000000000010004e+02 -3.030311644401444937e+01
-1.400000000000030127e+02 -2.987393068926394335e+01
-1.396000000000009891e+02 -2.958816962506534765e+01
-1.391999999999999886e+02 -2.924534963211408467e+01
-1.388000000000020009e+02 -2.880613580956560327e+01
-1.384000000000010004e+02 -2.844372610311256722e+01
-1.380000000000030127e+02 -2.812453814541368047e+01
-1.376000000000009891e+02 -2.768268126646580640e+01
-1.371999999999999886e+02 -2.736629183986224234e+01
-1.368000000000020009e+02 -2.712429668371260050e+01
-1.364000000000010004e+02 -2.669542187651313725e+01
-1.360000000000030127e+02 -2.637452370671235258e+01
-1.356000000000009891e+02 -2.598195205986485234e+01
-1.351999999999999886e+02 -2.563027005395997548e+01
-1.348000000000020009e+02 -2.526218554961451446e+01
-1.344000000000010004e+02 -2.468510880428948440e+01
-1.340000000000030127e+02 -2.437524928228958743e+01
-1.336000000000009891e+02 -2.398703090498747770e+01
-1.331999999999999886e+02 -2.352698357668850804e+01
-1.328000000000020009e+02 -2.315571185768931173e+01
-1.324000000000010004e+02 -2.282144293008605018e+01
-1.320000000000030127e+02 -2.257610508478683187e+01
-1.316000000000009891e+02 -2.208511844698659843e+01
-1.311999999999999886e+02 -2.172675106278620660e+01
-1.308000000000020009e+02 -2.141751343668875052e+01
-1.304000000000010004e+02 -2.097923245768834022e+01
-1.300000000000030127e+02 -2.060018704218964558e+01
-1.296000000000009891e+02 -2.019051326398766832e+01
-1.291999999999999886e+02 -1.986945961998571875e+01
-1.288000000000020009e+02 -1.946491648148730746e+01
-1.284000000000010004e+02 -1.917853352128804545e+01
-1.280000000000030127e+02 -1.887396011298551457e+01
-1.276000000000010033e+02 -1.858770632998857764e+01
-1.272000000000000028e+02 -1.820819449253758648e+01
-1.268000000000020009e+02 -1.781142505018942757e+01
-1.264000000000010004e+02 -1.755800256063957931e+01
-1.260000000000029985e+02 -1.715548058318745461e+01
-1.256000000000010033e+02 -1.678265412393739098e+01
-1.252000000000000028e+02 -1.648437740888766712e+01
-1.248000000000020009e+02 -1.606047776723789866e+01
-1.244000000000010004e+02 -1.569293742173613282e+01
-1.240000000000029985e+02 -1.538494358693787945e+01
-1.236000000000010033e+02 -1.496796253473803517e+01
-1.232000000000000028e+02 -1.466984129378761281e+01
-1.228000000000020009e+02 -1.435516208058834309e+01
-1.224000000000010004e+02 -1.398528962593991309e+01
-1.220000000000029985e+02 -1.359061908113653772e+01
-1.216000000000010033e+02 -1.313723083398872404e+01
-1.212000000000000028e+02 -1.270205933288889355e+01
-1.208000000000020009e+02 -1.238520348488600575e+01
-1.204000000000010004e+02 -1.203087842268723762e+01
-1.200000000000029985e+02 -1.161001052258870914e+01
-1.196000000000010033e+02 -1.128988972168735927e+01
-1.192000000000000028e+02 -1.087570720028816140e+01
-1.188000000000020009e+02 -1.050536832358557149e+01
-1.184000000000010004e+02 -1.015601842618707451e+01
-1.180000000000029985e+02 -9.819883811986073852e+00
-1.176000000000010033e+02 -9.391708637187548447e+00
-1.172000000000000028e+02 -9.022613552588154562e+00
-1.168000000000020009e+02 -8.770434854388440726e+00
-1.164000000000010004e+02 -8.240735210787534015e+00
-1.160000000000029985e+02 -7.945645711388351629e+00
-1.156000000000010033e+02 -7.579038209089048905e+00
-1.152000000000000028e+02 -7.131051869735529181e+00
-1.148000000000020009e+02 -6.795383677737845574e+00
-1.144000000000010004e+02 -6.452485947738750838e+00
-1.140000000000029985e+02 -6.123736344939970877e+00
-1.136000000000010033e+02 -5.834088432937278412e+00
-1.132000000000000028e+02 -5.476031996535311919e+00
-1.128000000000020009e+02 -5.183196868536469992e+00
-1.124000000000010004e+02 -4.833069601787428837e+00
-1.120000000000029985e+02 -4.457055927341571078e+00
-1.116000000000010033e+02 -4.185909411789907608e+00
-1.112000000000000028e+02 -3.876827260035497602e+00
-1.108000000000020009e+02 -3.466609323339071125e+00
-1.104000000000010004e+02 -3.163823864939331543e+00
-1.100000000000029985e+02 -2.820459713788295630e+00
-1.096000000000010033e+02 -2.477406510384753346e+00
-1.092000000000000028e+02 -2.192034131090622395e+00
-1.088000000000020009e+02 -1.926185487689508591e+00
-1.084000000000010004e+02 -1.623322292391094379e+00
-1.080000000000029985e+02 -1.310664239888865268e+00
-1.076000000000010033e+02 -1.051800163586449344e+00
-1.072000000000000028e+02 -7.100684879878826905e-01
-1.068000000000020009e+02 -4.291271152906119823e-01
-1.064000000000010004e+02 -9.843408858796465211e-02
-1.060000000000029985e+02 1.703803182099363767e-01
-1.056000000000010033e+02 6.207882632115797605e-01
-1.052000000000000028e+02 9.426192759128753096e-01
-1.048000000000020009e+02 1.195730818111769622e+00
-1.044000000000010004e+02 1.443245297810790362e+00
-1.040000000000029985e+02 1.747507758809661027e+00
-1.036000000000010033e+02 2.105408721210551448e+00
-1.032000000000000028e+02 2.337375809409422800e+00
-1.028000000000020009e+02 2.587066924410464708e+00
-1.024000000000010004e+02 2.972020348810474388e+00
-1.020000000000029985e+02 3.099760130658978596e+00
-1.016000000000010033e+02 3.330017005711852107e+00
-1.012000000000000028e+02 3.685274911709711887e+00
-1.008000000000020009e+02 4.002597181512101088e+00
-1.004000000000010004e+02 4.285637452310766093e+00
-1.000000000000029985e+02 4.663905498913663905e+00
-9.960000000000150067e+01 4.984881405711348634e+00
-9.920000000000000284e+01 5.290543131559388712e+00
-9.880000000000219984e+01 5.577392513609083835e+00
-9.840000000000070202e+01 5.886085980662755901e+00
-9.800000000000289901e+01 6.186461593610147247e+00
-9.760000000000150067e+01 6.513267772410472389e+00
-9.720000000000000284e+01 6.801982840810524067e+00
-9.680000000000219984e+01 7.081136263463122305e+00
-9.640000000000070202e+01 7.407942442612693412e+00
-9.600000000000289901e+01 7.846008167711261194e+00
-9.560000000000150067e+01 8.203598181513370946e+00
-9.520000000000000284e+01 8.463861523512605345e+00
-9.480000000000219984e+01 8.815232581309828674e+00
-9.440000000000070202e+01 9.106435232610238018e+00
-9.400000000000289901e+01 9.357370138612168375e+00
-9.360000000000150067e+01 9.703610557611682452e+00
-9.320000000000000284e+01 1.006788595090984018e+01
-9.280000000000219984e+01 1.043091755321074743e+01
-9.240000000000070202e+01 1.066101895411338774e+01
-9.200000000000289901e+01 1.101503306951053673e+01
-9.160000000000150067e+01 1.128478031951090088e+01
-9.120000000000000284e+01 1.151736930321203545e+01
-9.080000000000219984e+01 1.186423161821221584e+01
-9.040000000000070202e+01 1.228556593981193146e+01
-9.000000000000289901e+01 1.253308041941272677e+01
-8.960000000000150067e+01 1.286797124231088674e+01
-8.920000000000000284e+01 1.303638753431005171e+01
-8.880000000000219984e+01 1.334368173641269095e+01
-8.840000000000070202e+01 1.365882737121137325e+01
-8.800000000000289901e+01 1.391769144736099406e+01
-8.760000000000150067e+01 1.423237066050933208e+01
-8.720000000000000284e+01 1.455031482585764024e+01
-8.680000000000219984e+01 1.488722680920909625e+01
-8.640000000000070202e+01 1.521978552306245547e+01
-8.600000000000289901e+01 1.550865606571096578e+01
-8.560000000000150067e+01 1.576915261766407639e+01
-8.520000000000000284e+01 1.607489208001061343e+01
-8.480000000000219984e+01 1.637861038186019869e+01
-8.440000000000070202e+01 1.668295057971045026e+01
-8.400000000000289901e+01 1.703828622241053381e+01
-8.360000000000150067e+01 1.732218159946205560e+01
-8.320000000000000284e+01 1.768151986421071342e+01
-8.280000000000219984e+01 1.805294705830965540e+01
-8.240000000000070202e+01 1.830310459450993221e+01
-8.200000000000289901e+01 1.871744258951002848e+01
-8.160000000000150067e+01 1.897273076590863639e+01
-8.120000000000000284e+01 1.928725450491037918e+01
-8.080000000000219984e+01 1.957705789111059858e+01
-8.040000000000070202e+01 1.987230286431076820e+01
-8.000000000000289901e+01 2.020797105661040405e+01
-7.960000000000150067e+01 2.053633197390809073e+01
-7.920000000000000284e+01 2.085583087860868545e+01
-7.880000000000219984e+01 2.112884308171123848e+01
-7.840000000000070202e+01 2.142844132490790798e+01
-7.800000000000289901e+01 2.170285279240852105e+01
-7.760000000000150067e+01 2.203696624530857662e+01
-7.720000000000000284e+01 2.231246603031104314e+01
-7.680000000000219984e+01 2.264611306200822582e+01
-7.640000000000070202e+01 2.302548015870706877e+01
-7.600000000000289901e+01 2.331652733626106055e+01
-7.560000000000150067e+01 2.356023270486184629e+01
-7.520000000000000284e+01 2.387281301986149629e+01
-7.480000000000219984e+01 2.416160582541124313e+01
-7.440000000000070202e+01 2.444783331135840854e+01
-7.400000000000289901e+01 2.469192736500917817e+01
-7.360000000000150067e+01 2.503544699015765218e+01
-7.320000000000000284e+01 2.528513810460935929e+01
-7.280000000000219984e+01 2.558318160846101819e+01
-7.240000000000070202e+01 2.581149505926077836e+01
-7.200000000000289901e+01 2.611692357400897890e+01
-7.160000000000150067e+01 2.638807008921139641e+01
-7.120000000000000284e+01 2.666100455506239086e+01
-7.080000000000219984e+01 2.694645467090958846e+01
-7.040000000000070202e+01 2.719017077301032259e+01
-7.000000000000289901e+01 2.745338811851252103e+01
-6.960000000000150067e+01 2.771893757321231533e+01
-6.920000000000000284e+01 2.800438768941239687e+01
-6.880000000000219984e+01 2.826931524801329942e+01
-6.840000000000070202e+01 2.847594008700980339e+01
-6.800000000000289901e+01 2.869624663121066988e+01
-6.760000000000150067e+01 2.902336375760933151e+01
-6.720000000000000284e+01 2.925284326271139435e+01
-6.680000000000219984e+01 2.948947456831228919e+01
-6.640000000000070202e+01 2.978254290651238989e+01
-6.600000000000289901e+01 2.999709691540920176e+01
-6.560000000000150067e+01 3.025596099121321458e+01
-6.520000000000000284e+01 3.047160331781196874e+01
-6.480000000000219984e+01 3.076342786430905107e+01
-6.440000000000070202e+01 3.100192485671141185e+01
-6.400000000000289901e+01 3.124057732371147722e+01
-6.360000000000150067e+01 3.149843842066184152e+01
-6.320000000000000284e+01 3.175326017466068151e+01
-6.280000000000219984e+01 3.195032336765871150e+01
-6.240000000000070202e+01 3.221330750246124808e+01
-6.200000000000289901e+01 3.244853954306017840e+01
-6.160000000000150067e+01 3.264381478600989794e+01
-6.120000000000000284e+01 3.289443874436256010e+01
-6.080000000000219984e+01 3.313425726536297589e+01
-6.040000000000070202e+01 3.333520730596137582e+01
-6.000000000000289901e+01 3.357588093346203095e+01
-5.960000000000150067e+01 3.376897954161177040e+01
-5.920000000000000284e+01 3.398205654826233513e+01
-5.880000000000219984e+01 3.422708344551210757e+01
-5.840000000000070202e+01 3.445998337670971523e+01
-5.800000000000289901e+01 3.466653047846193658e+01
-5.760000000000150067e+01 3.488054793251285446e+01
-5.720000000000000284e+01 3.514065580031092395e+01
-5.680000000000219984e+01 3.530918952891079243e+01
-5.640000000000070202e+01 3.549109401511304895e+01
-5.600000000000289901e+01 3.573969681241214857e+01
-5.560000000000150067e+01 3.590885243691081996e+01
-5.520000000000000284e+01 3.614392900341408676e+01
-5.480000000000219984e+01 3.628167889601172647e+01
-5.440000000000070202e+01 3.647275634321340476e+01
-5.400000000000289901e+01 3.671840513581264531e+01
-5.360000000000150067e+01 3.690388552171134506e+01
-5.320000000000000284e+01 3.711066583471256308e+01
-5.280000000000219984e+01 3.735926863181157387e+01
-5.240000000000070202e+01 3.748084923691203585e+01
-5.200000000000289901e+01 3.769493682401298429e+01
-5.160000000000150067e+01 3.783875019951301510e+01
-5.120000000000000284e+01 3.778716488720965572e+01
-5.080000000000219984e+01 3.797326716876341379e+01
-5.040000000000070202e+01 3.823166482316446491e+01
-5.000000000000289901e+01 3.841193683261008118e+01
-4.960000000000150067e+01 3.861475256091216579e+01
-4.920000000000000284e+01 3.881679091911064461e+01
-4.880000000000219984e+01 3.898960018076468259e+01
-4.840000000000070202e+01 3.920228850276180310e+01
-4.800000000000289901e+01 3.938473714706196915e+01
-4.760000000000150067e+01 3.953360342511223280e+01
-4.720000000000000284e+01 3.973665236396118416e+01
-4.680000000000219984e+01 3.994094509401475079e+01
-4.640000000000070202e+01 4.006524649311177200e+01
-4.600000000000289901e+01 4.019467853106107214e+01
-4.560000000000150067e+01 4.038116949736286188e+01
-4.520000000000000284e+01 4.053827589316279045e+01
-4.480000000000219984e+01 4.095979771751080989e+01
-4.440000000000070202e+01 4.115398464300960768e+01
-4.400000000000289901e+01 4.129562138381152181e+01
-4.360000000000150067e+01 4.146228942591187661e+01
-4.320000000000000284e+01 4.158573571740998887e+01
-4.280000000000219984e+01 4.179282697831149562e+01
-4.240000000000070202e+01 4.198063947311311495e+01
-4.200000000000289901e+01 4.214124403180903755e+01
-4.160000000000150067e+01 4.229718437301198719e+01
-4.120000000000000284e+01 4.246711736691213446e+01
-4.080000000000219984e+01 4.261512853830936365e+01
-4.040000000000070202e+01 4.276764845351135591e+01
-4.000000000000289901e+01 4.290602024161125883e+01
-3.960000000000150067e+01 4.302169283791226917e+01
-3.920000000000000284e+01 4.314949239981069695e+01
-3.880000000000219984e+01 4.318540687530912692e+01
-3.840000000000070202e+01 4.334461216871204670e+01
-3.800000000000289901e+01 4.355089511478581699e+01
-3.760000000000150067e+01 4.365148674038937315e+01
-3.720000000000000284e+01 4.379840959423745517e+01
-3.680000000000219984e+01 4.389363736993618659e+01
-3.640000000000070202e+01 4.394369997188914567e+01
-3.600000000000289901e+01 4.406481415543385083e+01
-3.560000000000150067e+01 4.418250791238824604e+01
-3.520000000000000284e+01 4.429297213218524121e+01
-3.480000000000219984e+01 4.438812217058875831e+01
-3.440000000000070202e+01 4.443663003393885447e+01
-3.400000000000289901e+01 4.453792129228531849e+01
-3.360000000000150067e+01 4.455688911073957570e+01
-3.320000000000000284e+01 4.463610307258568355e+01
-3.280000000000219984e+01 4.472277978258716757e+01
-3.240000000000070202e+01 4.474353555088600842e+01
-3.200000000000289901e+01 4.480398396016244078e+01
-3.160000000000150067e+01 4.488249828956031706e+01
-3.119999999999999929e+01 4.490690769486172940e+01
-3.080000000000219984e+01 4.490519748156293645e+01
-3.040000000000069846e+01 4.492229961226257728e+01
-3.000000000000289901e+01 4.497158484526153188e+01
-2.960000000000150067e+01 4.502600071666165604e+01
-2.919999999999999929e+01 4.497329505836387398e+01
-2.880000000000219984e+01 4.499475045886356384e+01
-2.840000000000069846e+01 4.495183965746400645e+01
-2.800000000000289901e+01 4.491281570386490785e+01
-2.760000000000150067e+01 4.490053326446286519e+01
-2.719999999999999929e+01 4.486135383666260168e+01
-2.680000000000219984e+01 4.481890945686245686e+01
-2.640000000000069846e+01 4.475423230606247671e+01
-2.600000000000289901e+01 4.462907580136379693e+01
-2.560000000000150067e+01 4.461492767476011068e+01
-2.519999999999999929e+01 4.453088148293682025e+01
-2.480000000000219984e+01 4.445345547113538487e+01
-2.440000000000069846e+01 4.436444665234012064e+01
-2.400000000000289901e+01 4.430591072143579368e+01
-2.360000000000150067e+01 4.420096582588666934e+01
-2.319999999999999929e+01 4.409368882153648883e+01
-2.280000000000219984e+01 4.397000931883667363e+01
-2.240000000000069846e+01 4.384259844168627751e+01
-2.200000000000289901e+01 4.368813510303516523e+01
-2.160000000000150067e+01 4.351929042623669375e+01
-2.119999999999999929e+01 4.330706852663934114e+01
-2.080000000000219984e+01 4.315229423968412448e+01
-2.040000000000069846e+01 4.293556359593640082e+01
-2.000000000000289901e+01 4.271587894773620064e+01
-1.960000000000150067e+01 4.249619429943413706e+01
-1.919999999999999929e+01 4.227035589361184975e+01
-1.880000000000219984e+01 4.205891136351419846e+01
-1.840000000000069846e+01 4.179693780920933932e+01
-1.800000000000289901e+01 4.151848401921233744e+01
-1.760000000000150067e+01 4.129553441841198946e+01
-1.719999999999999929e+01 4.100806314131114050e+01
-1.680000000000219984e+01 4.063306004731202847e+01
-1.640000000000069846e+01 4.035289604421268450e+01
-1.600000000000289901e+01 3.996763167171229725e+01
-1.560000000000150067e+01 3.964346854931136477e+01
-1.519999999999999929e+01 3.925991438991331961e+01
-1.480000000000219984e+01 3.883376037651032675e+01
-1.440000000000070024e+01 3.851457241991010960e+01
-1.400000000000290079e+01 3.811111759891355177e+01
-1.360000000000150067e+01 3.764111994011182105e+01
-1.319999999999999929e+01 3.723502206221019151e+01
-1.280000000000219984e+01 3.673906025931137265e+01
-1.240000000000070024e+01 3.589035255480848718e+01
-1.200000000000290079e+01 3.540643997990991920e+01
-1.160000000000150067e+01 3.490254900750733213e+01
-1.119999999999999929e+01 3.440339998935451149e+01
-1.080000000000219984e+01 3.377155397970636841e+01
-1.040000000000070024e+01 3.317072501835355069e+01
-1.000000000000290079e+01 3.260347842310875421e+01
-9.600000000001449152e+00 3.200933484015695285e+01
-9.199999999999999289e+00 3.134165209260390839e+01
-8.800000000002180300e+00 3.060944766820466612e+01
-8.400000000000730438e+00 2.989488953445834341e+01
-8.000000000002909673e+00 2.919712258405706962e+01
-7.600000000001459810e+00 2.845442367065697908e+01
-7.200000000000000178e+00 2.760017222115857294e+01
-6.800000000002180300e+00 2.679302936705789762e+01
-6.400000000000730438e+00 2.638952123170020059e+01
-6.000000000002909673e+00 2.554902922550172661e+01
-5.600000000001459810e+00 2.458882229670052766e+01
-5.200000000000000178e+00 2.372221067090140423e+01
-4.800000000002180300e+00 2.273370749019886716e+01
-4.400000000000730438e+00 2.163854920330049936e+01
-4.000000000002909673e+00 2.051742676700087031e+01
-3.600000000001459810e+00 1.929959955790036474e+01
-3.200000000000000178e+00 1.796361216379955295e+01
-2.800000000002179856e+00 1.676117687009900692e+01
-2.400000000000729994e+00 1.533159417890055920e+01
-2.000000000002910117e+00 1.383018254080161569e+01
-1.600000000001460032e+00 1.177326258999892161e+01
-1.199999999999999956e+00 9.580458425502001774e+00
-8.000000000021829649e-01 7.487623990400606999e+00
-4.000000000007279954e-01 4.781134003402257804e+00
-2.910387209009709878e-12 0.000000000000000000e+00
