# N            cv(T)    epsilon
32.000     42.639     -0.800
32.000     55.677     -0.320
32.000     46.149     -0.680
32.000     0.008     -0.010
32.000     86.883     -0.380
32.000     82.296     -0.360
32.000     76.869     -0.440
32.000     44.776     -0.740
32.000     1.875     -0.120
32.000     71.108     -0.460
32.000     0.695     -0.080
32.000     81.263     -0.420
32.000     4.108     -0.160
32.000     0.035     -0.020
32.000     57.583     -0.540
32.000     11.514     -0.220
32.000     15.746     -0.240
32.000     42.906     -0.780
32.000     51.115     -0.600
32.000     0.362     -0.060
32.000     22.092     -0.260
32.000     49.066     -0.660
32.000     2.791     -0.140
32.000     67.247     -0.480
32.000     51.387     -0.620
32.000     8.127     -0.200
32.000     1.181     -0.100
32.000     61.041     -0.520
32.000     70.571     -0.340
32.000     52.864     -1.000
32.000     86.728     -0.400
32.000     45.834     -0.720
32.000     46.080     -0.700
32.000     0.150     -0.040
32.000     50.161     -0.640
32.000     30.820     -0.280
32.000     63.785     -0.500
32.000     5.817     -0.180
32.000     42.546     -0.300
32.000     55.719     -0.560
32.000     53.279     -0.580
32.000     44.384     -0.760
64.000     62.704     -0.260
64.000     1.464     -0.080
64.000     6.076     -0.140
64.000     95.283     -0.560
64.000     2.544     -0.100
64.000     355.878     -1.000
64.000     4.035     -0.120
64.000     124.444     -0.740
64.000     85.165     -0.620
64.000     12.925     -0.180
64.000     151.433     -0.420
64.000     206.575     -0.320
64.000     93.244     -0.580
64.000     18.846     -0.200
64.000     135.160     -0.440
64.000     41.315     -0.240
64.000     0.017     -0.010
64.000     109.486     -0.760
64.000     0.312     -0.040
64.000     9.027     -0.160
64.000     192.445     -0.780
64.000     88.811     -0.660
64.000     186.284     -0.800
64.000     127.383     -0.460
64.000     168.009     -0.400
64.000     117.076     -0.480
64.000     207.965     -0.360
64.000     108.401     -0.500
64.000     189.228     -0.380
64.000     227.862     -0.340
64.000     88.681     -0.600
64.000     103.434     -0.520
64.000     112.210     -0.720
64.000     100.975     -0.540
64.000     0.073     -0.020
64.000     152.146     -0.300
64.000     82.858     -0.700
64.000     0.766     -0.060
64.000     27.476     -0.220
64.000     99.015     -0.280
64.000     88.287     -0.640
64.000     83.536     -0.680
96.000     369.350     -0.800
96.000     159.066     -0.480
96.000     69.317     -0.240
96.000     9.383     -0.140
96.000     0.026     -0.010
96.000     269.422     -0.380
96.000     158.120     -0.520
96.000     212.243     -0.420
96.000     148.499     -0.500
96.000     203.265     -0.280
96.000     124.063     -0.660
96.000     193.404     -0.440
96.000     44.613     -0.220
96.000     13.962     -0.160
96.000     0.110     -0.020
96.000     2.262     -0.080
96.000     195.726     -0.700
96.000     236.017     -0.400
96.000     162.446     -0.540
96.000     152.133     -0.560
96.000     205.023     -0.640
96.000     384.367     -0.760
96.000     391.648     -0.320
96.000     115.343     -0.260
96.000     20.411     -0.180
96.000     135.187     -0.580
96.000     6.195     -0.120
96.000     3.845     -0.100
96.000     939.857     -0.780
96.000     790.880     -1.000
96.000     306.770     -0.360
96.000     177.403     -0.460
96.000     135.598     -0.620
96.000     198.293     -0.720
96.000     1.156     -0.060
96.000     138.251     -0.680
96.000     339.577     -0.300
96.000     29.882     -0.200
96.000     0.475     -0.040
96.000     277.347     -0.740
96.000     366.841     -0.340
96.000     135.085     -0.600
128.000     18.946     -0.160
128.000     1.561     -0.060
128.000     138.862     -0.640
128.000     241.123     -0.440
128.000     290.645     -0.780
128.000     259.799     -0.760
128.000     12.798     -0.140
128.000     481.518     -0.340
128.000     194.236     -0.480
128.000     0.636     -0.040
128.000     208.810     -0.720
128.000     559.836     -0.300
128.000     171.461     -0.520
128.000     5.217     -0.100
128.000     159.566     -0.540
128.000     227.168     -0.800
128.000     8.307     -0.120
128.000     265.471     -0.420
128.000     399.888     -0.360
128.000     181.993     -0.500
128.000     168.114     -0.660
128.000     143.021     -0.580
128.000     3.025     -0.080
128.000     98.748     -0.240
128.000     350.080     -1.000
128.000     145.140     -0.620
128.000     348.152     -0.380
128.000     41.005     -0.200
128.000     173.632     -0.740
128.000     342.906     -0.280
128.000     215.074     -0.460
128.000     177.132     -0.260
128.000     160.176     -0.700
128.000     169.581     -0.680
128.000     0.035     -0.010
128.000     302.195     -0.400
128.000     62.430     -0.220
128.000     154.366     -0.600
128.000     27.925     -0.180
128.000     0.148     -0.020
128.000     152.345     -0.560
128.000     573.933     -0.320
256.000     988.000     -0.340
256.000     0.300     -0.020
256.000     376.091     -0.480
256.000     26.210     -0.140
256.000     746.453     -0.360
256.000     136.892     -0.220
256.000     58.744     -0.180
256.000     1840.650     -0.700
256.000     231.656     -0.240
256.000     596.432     -0.380
256.000     467.140     -0.540
256.000     1.291     -0.040
256.000     440.688     -0.420
256.000     383.957     -0.440
256.000     1292.190     -0.280
256.000     466.895     -0.580
256.000     1180.120     -0.740
256.000     1345.020     -0.300
256.000     2287.710     -0.800
256.000     6.193     -0.080
256.000     1190.800     -0.320
256.000     406.154     -0.460
256.000     370.361     -0.520
256.000     39.134     -0.160
256.000     824.413     -0.640
256.000     1854.770     -1.000
256.000     3.111     -0.060
256.000     1462.300     -0.620
256.000     764.714     -0.560
256.000     2971.220     -0.600
256.000     10.608     -0.100
256.000     2440.860     -0.680
256.000     1533.780     -0.760
256.000     87.067     -0.200
256.000     511.407     -0.400
256.000     378.323     -0.500
256.000     17.057     -0.120
256.000     1543.750     -0.780
256.000     0.072     -0.010
256.000     2028.560     -0.720
256.000     1820.070     -0.660
256.000     497.429     -0.260
512.000     280.894     -0.220
512.000     1538.220     -0.260
512.000     6025.310     -0.700
512.000     1645.690     -0.340
512.000     0.596     -0.020
512.000     3331.270     -0.440
512.000     3698.490     -0.660
512.000     4737.140     -0.480
512.000     178.775     -0.200
512.000     4817.840     -0.680
512.000     3881.110     -0.720
512.000     2.587     -0.040
512.000     0.144     -0.010
512.000     117.853     -0.180
512.000     34.249     -0.120
512.000     1439.430     -0.360
512.000     3789.800     -0.800
512.000     5823.960     -0.420
512.000     5664.180     -0.760
512.000     9828.290     -0.500
512.000     3734.930     -0.740
512.000     9544.160     -0.560
512.000     524.854     -0.240
512.000     52.714     -0.140
512.000     78.871     -0.160
512.000     6.370     -0.060
512.000     3532.870     -0.460
512.000     3392.150     -0.280
512.000     1297.840     -0.400
512.000     1080.840     -0.600
512.000     2320.770     -0.380
512.000     21.426     -0.100
512.000     1116.070     -0.580
512.000     4594.630     -0.780
512.000     7068.270     -0.540
512.000     12.438     -0.080
512.000     3167.840     -0.620
512.000     7514.250     -1.000
512.000     6946.270     -0.520
512.000     2829.940     -0.320
512.000     3703.200     -0.640
512.000     3465.900     -0.300
