0.01 29.436686
0.0119984 29.436686
0.013996799 29.436686
0.015995199 29.436686
0.017993599 29.436686
0.019991998 29.436686
0.021990398 29.436686
0.023988798 29.436686
0.025987197 29.436686
0.027985597 29.436687
0.029983997 29.436688
0.031982396 29.436691
0.033980796 29.436697
0.035979196 29.436706
0.037977596 29.436722
0.039975995 29.436747
0.041974395 29.436784
0.043972795 29.436837
0.045971194 29.43691
0.047969594 29.437008
0.049967994 29.437134
0.051966393 29.437295
0.053964793 29.437494
0.055963193 29.437737
0.057961592 29.438027
0.059959992 29.438368
0.061958392 29.438764
0.063956791 29.439218
0.065955191 29.439731
0.067953591 29.440306
0.06995199 29.440942
0.07195039 29.441641
0.07394879 29.442401
0.075947189 29.443222
0.077945589 29.444101
0.079943989 29.445036
0.081942388 29.446023
0.083940788 29.44706
0.085939188 29.448143
0.087937588 29.449267
0.089935987 29.450429
0.091934387 29.451624
0.093932787 29.452849
0.095931186 29.454098
0.097929586 29.45537
0.099927986 29.45666
0.10192639 29.457965
0.10392478 29.459283
0.10592318 29.460613
0.10792158 29.461954
0.10991998 29.463304
0.11191838 29.464664
0.11391678 29.466036
0.11591518 29.467419
0.11791358 29.468818
0.11991198 29.470233
0.12191038 29.471669
0.12390878 29.473126
0.12590718 29.474609
0.12790558 29.476119
0.12990398 29.477656
0.13190238 29.479221
0.13390078 29.48081
0.13589918 29.482415
0.13789758 29.484027
0.13989598 29.485627
0.14189438 29.48719
0.14389278 29.48868
0.14589118 29.49005
0.14788958 29.491237
0.14988798 29.492163
0.15188638 29.49273
0.15388478 29.492826
0.15588318 29.492327
0.15788158 29.491104
0.15987998 29.489042
0.16187838 29.486055
0.16387678 29.482109
0.16587518 29.477237
0.16787357 29.471539
0.16987197 29.465164
0.17187037 29.458283
0.17386877 29.451064
0.17586717 29.4437
0.17786557 29.436472
0.17986397 29.429801
0.18186237 29.424143
0.18386077 29.419768
0.18585917 29.416635
0.18785757 29.414479
0.18985597 29.41298
0.19185437 29.411856
0.19385277 29.410872
0.19585117 29.409784
0.19784957 29.408258
0.19984797 29.405748
0.20184637 29.401335
0.20384477 29.393571
0.20584317 29.380356
0.20784157 29.358958
0.20983997 29.326205
0.21183837 29.278856
0.21383677 29.214034
0.21583517 29.129604
0.21783357 29.0244
0.21983197 28.898316
0.22183037 28.752356
0.22382877 28.58882
0.22582717 28.411795
0.22782557 28.228029
0.22982396 28.047937
0.23182236 27.885922
0.23382076 27.758818
0.23581916 27.681822
0.23781756 27.663276
0.23981596 27.701423
0.24181436 27.785479
0.24381276 27.900113
0.24581116 28.030327
0.24780956 28.16442
0.24980796 28.294757
0.25180636 28.417172
0.25380476 28.529927
0.25580316 28.632761
0.25780156 28.726179
0.25979996 28.811014
0.26179836 28.888158
0.26379676 28.958433
0.26579516 29.022535
0.26779356 29.081024
0.26979196 29.134346
0.27179036 29.182864
0.27378876 29.226898
0.27578716 29.266767
0.27778556 29.302819
0.27978396 29.335453
0.28178236 29.365131
0.28378076 29.392378
0.28577916 29.417783
0.28777756 29.441987
0.28977596 29.465687
0.29177435 29.489631
0.29377275 29.514622
0.29577115 29.541515
0.29776955 29.571202
0.29976795 29.604561
0.30176635 29.642355
0.30376475 29.685022
0.30576315 29.732313
0.30776155 29.782718
0.30975995 29.83267
0.31175835 29.87563
0.31375675 29.901441
0.31575515 29.896673
0.31775355 29.8468
0.31975195 29.740356
0.32175035 29.573622
0.32374875 29.353073
0.32574715 29.093693
0.32774555 28.814127
0.32974395 28.53161
0.33174235 28.258996
0.33374075 28.004189
0.33573915 27.771042
0.33773755 27.560687
0.33973595 27.372695
0.34173435 27.205884
0.34373275 27.058805
0.34573115 26.929991
0.34772955 26.818065
0.34972795 26.721771
0.35172635 26.639957
0.35372474 26.571555
0.35572314 26.515548
0.35772154 26.470952
0.35971994 26.436799
0.36171834 26.412133
0.36371674 26.396012
0.36571514 26.387513
0.36771354 26.385743
0.36971194 26.38985
0.37171034 26.399031
0.37370874 26.412539
0.37570714 26.429689
0.37770554 26.449856
0.37970394 26.472477
0.38170234 26.497049
0.38370074 26.523119
0.38569914 26.550284
0.38769754 26.578178
0.38969594 26.606476
0.39169434 26.634877
0.39369274 26.663108
0.39569114 26.690916
0.39768954 26.718067
0.39968794 26.744342
0.40168634 26.769538
0.40368474 26.793469
0.40568314 26.815966
0.40768154 26.836877
0.40967994 26.856073
0.41167834 26.873448
0.41367674 26.888919
0.41567514 26.902433
0.41767353 26.913961
0.41967193 26.923504
0.42167033 26.93109
0.42366873 26.93677
0.42566713 26.940619
0.42766553 26.942733
0.42966393 26.943222
0.43166233 26.94221
0.43366073 26.939828
0.43565913 26.936213
0.43765753 26.931502
0.43965593 26.925831
0.44165433 26.919332
0.44365273 26.912131
0.44565113 26.904345
0.44764953 26.896085
0.44964793 26.887449
0.45164633 26.878529
0.45364473 26.869406
0.45564313 26.860152
0.45764153 26.850831
0.45963993 26.841498
0.46163833 26.832203
0.46363673 26.822986
0.46563513 26.813884
0.46763353 26.804929
0.46963193 26.796147
0.47163033 26.78756
0.47362873 26.779189
0.47562713 26.771049
0.47762553 26.763157
0.47962392 26.755524
0.48162232 26.748163
0.48362072 26.741084
0.48561912 26.734299
0.48761752 26.727819
0.48961592 26.721657
0.49161432 26.715826
0.49361272 26.710345
0.49561112 26.705233
0.49760952 26.700517
0.49960792 26.696231
0.50160632 26.692417
0.50360472 26.689129
0.50560312 26.686435
0.50760152 26.684419
0.50959992 26.683189
0.51159832 26.682876
0.51359672 26.683641
0.51559512 26.685676
0.51759352 26.689213
0.51959192 26.694518
0.52159032 26.701898
0.52358872 26.711689
0.52558712 26.724255
0.52758552 26.739965
0.52958392 26.75917
0.53158232 26.782174
0.53358072 26.809193
0.53557912 26.840315
0.53757752 26.87546
0.53957592 26.914352
0.54157431 26.95651
0.54357271 27.001262
0.54557111 27.047785
0.54756951 27.095165
0.54956791 27.142473
0.55156631 27.188836
0.55356471 27.233496
0.55556311 27.275853
0.55756151 27.31548
0.55955991 27.352123
0.56155831 27.385679
0.56355671 27.416173
0.56555511 27.443719
0.56755351 27.468502
0.56955191 27.490741
0.57155031 27.510676
0.57354871 27.528552
0.57554711 27.544604
0.57754551 27.559057
0.57954391 27.572117
0.58154231 27.583973
0.58354071 27.594797
0.58553911 27.604742
0.58753751 27.613949
0.58953591 27.622544
0.59153431 27.630641
0.59353271 27.638349
0.59553111 27.645766
0.59752951 27.652988
0.59952791 27.660106
0.60152631 27.667212
0.6035247 27.674394
0.6055231 27.681746
0.6075215 27.689361
0.6095199 27.69734
0.6115183 27.705787
0.6135167 27.714814
0.6155151 27.724542
0.6175135 27.735102
0.6195119 27.746638
0.6215103 27.759305
0.6235087 27.773276
0.6255071 27.788741
0.6275055 27.805911
0.6295039 27.825019
0.6315023 27.846324
0.6335007 27.870114
0.6354991 27.89671
0.6374975 27.926465
0.6394959 27.959774
0.6414943 27.997072
0.6434927 28.038835
0.6454911 28.085587
0.6474895 28.137893
0.6494879 28.196357
0.6514863 28.261619
0.6534847 28.334347
0.6554831 28.415218
0.6574815 28.504911
0.6594799 28.604083
0.6614783 28.713356
0.6634767 28.833302
0.6654751 28.964435
0.66747349 29.107221
0.66947189 29.262102
0.67147029 29.429551
0.67346869 29.610158
0.67546709 29.804754
0.67746549 30.014589
0.67946389 30.241554
0.68146229 30.488491
0.68346069 30.759577
0.68545909 31.060844
0.68745749 31.400859
0.68945589 31.791624
0.69145429 32.249751
0.69345269 32.797937
0.69545109 33.466703
0.69744949 34.296189
0.69944789 35.337544
0.70144629 36.653054
0.70344469 38.313701
0.70544309 40.392721
0.70744149 42.954246
0.70943989 46.037886
0.71143829 49.642915
0.71343669 53.718109
0.71543509 58.163021
0.71743349 62.842322
0.71943189 67.608766
0.72143029 72.326525
0.72342869 76.887592
0.72542709 81.218352
0.72742549 85.277811
0.72942388 89.051083
0.73142228 92.541526
0.73342068 95.763691
0.73541908 98.737956
0.73741748 101.48688
0.73941588 104.03299
0.74141428 106.39754
0.74341268 108.59997
0.74541108 110.65769
0.74740948 112.58615
0.74940788 114.39897
0.75140628 116.10813
0.75340468 117.72413
0.75540308 119.25624
0.75740148 120.71261
0.75939988 122.10044
0.76139828 123.42609
0.76339668 124.69521
0.76539508 125.9128
0.76739348 127.08334
0.76939188 128.2108
0.77139028 129.29872
0.77338868 130.35029
0.77538708 131.36835
0.77738548 132.35543
0.77938388 133.31381
0.78138228 134.24555
0.78338068 135.15247
0.78537908 136.03621
0.78737748 136.89825
0.78937588 137.73991
0.79137427 138.56237
0.79337267 139.36669
0.79537107 140.15382
0.79736947 140.92462
0.79936787 141.67984
0.80136627 142.42016
0.80336467 143.14619
0.80536307 143.85848
0.80736147 144.55751
0.80935987 145.24371
0.81135827 145.91748
0.81335667 146.57916
0.81535507 147.22906
0.81735347 147.86746
0.81935187 148.49462
0.82135027 149.11076
0.82334867 149.71609
0.82534707 150.31079
0.82734547 150.89505
0.82934387 151.46901
0.83134227 152.03282
0.83334067 152.58663
0.83533907 153.13056
0.83733747 153.66473
0.83933587 154.18927
0.84133427 154.70428
0.84333267 155.20988
0.84533107 155.70617
0.84732947 156.19327
0.84932787 156.67128
0.85132627 157.14031
0.85332466 157.60046
0.85532306 158.05184
0.85732146 158.49455
0.85931986 158.92872
0.86131826 159.35444
0.86331666 159.77182
0.86531506 160.18099
0.86731346 160.58205
0.86931186 160.97511
0.87131026 161.3603
0.87330866 161.73773
0.87530706 162.10752
0.87730546 162.46979
0.87930386 162.82466
0.88130226 163.17225
0.88330066 163.51268
0.88529906 163.84608
0.88729746 164.17256
0.88929586 164.49224
0.89129426 164.80526
0.89329266 165.11173
0.89529106 165.41178
0.89728946 165.70552
0.89928786 165.99308
0.90128626 166.27457
0.90328466 166.55012
0.90528306 166.81985
0.90728146 167.08386
0.90927986 167.34229
0.91127826 167.59523
0.91327666 167.84282
0.91527506 168.08515
0.91727345 168.32234
0.91927185 168.55449
0.92127025 168.78172
0.92326865 169.00414
0.92526705 169.22183
0.92726545 169.43491
0.92926385 169.64348
0.93126225 169.84764
0.93326065 170.04748
0.93525905 170.24309
0.93725745 170.43458
0.93925585 170.62202
0.94125425 170.80551
0.94325265 170.98515
0.94525105 171.161
0.94724945 171.33316
0.94924785 171.5017
0.95124625 171.66672
0.95324465 171.82827
0.95524305 171.98645
0.95724145 172.14133
0.95923985 172.29297
0.96123825 172.44145
0.96323665 172.58683
0.96523505 172.72919
0.96723345 172.86859
0.96923185 173.0051
0.97123025 173.13877
0.97322865 173.26966
0.97522705 173.39785
0.97722545 173.52337
0.97922384 173.6463
0.98122224 173.76668
0.98322064 173.88457
0.98521904 174.00003
0.98721744 174.11309
0.98921584 174.22381
0.99121424 174.33224
0.99321264 174.43843
0.99521104 174.54242
0.99720944 174.64425
0.99920784 174.74397
1.0012062 174.84163
1.0032046 174.93725
1.005203 175.03089
1.0072014 175.12259
1.0091998 175.21237
1.0111982 175.30028
1.0131966 175.38635
1.015195 175.47062
1.0171934 175.55313
1.0191918 175.6339
1.0211902 175.71297
1.0231886 175.79038
1.025187 175.86614
1.0271854 175.9403
1.0291838 176.01289
1.0311822 176.08393
1.0331806 176.15345
1.035179 176.22147
1.0371774 176.28804
1.0391758 176.35316
1.0411742 176.41688
1.0431726 176.47921
1.045171 176.54018
1.0471694 176.59981
1.0491678 176.65812
1.0511662 176.71515
1.0531646 176.77091
1.055163 176.82543
1.0571614 176.87872
1.0591598 176.9308
1.0611582 176.98171
1.0631566 177.03146
1.065155 177.08006
1.0671534 177.12755
1.0691518 177.17393
1.0711502 177.21923
1.0731486 177.26346
1.075147 177.30665
1.0771454 177.34881
1.0791438 177.38996
1.0811422 177.43011
1.0831406 177.46929
1.085139 177.50751
1.0871374 177.54478
1.0891358 177.58112
1.0911342 177.61655
1.0931326 177.65109
1.095131 177.68474
1.0971294 177.71752
1.0991278 177.74945
1.1011262 177.78054
1.1031246 177.81081
1.105123 177.84026
1.1071214 177.86892
1.1091198 177.8968
1.1111182 177.9239
1.1131166 177.95025
1.115115 177.97585
1.1171134 178.00072
1.1191118 178.02487
1.1211102 178.04831
1.1231086 178.07106
1.125107 178.09312
1.1271054 178.1145
1.1291038 178.13523
1.1311022 178.15531
1.1331006 178.17474
1.135099 178.19355
1.1370974 178.21175
1.1390958 178.22933
1.1410942 178.24632
1.1430926 178.26272
1.145091 178.27854
1.1470894 178.2938
1.1490878 178.3085
1.1510862 178.32266
1.1530846 178.33627
1.155083 178.34936
1.1570814 178.36193
1.1590798 178.37399
1.1610782 178.38554
1.1630766 178.39661
1.165075 178.40718
1.1670734 178.41729
1.1690718 178.42692
1.1710702 178.4361
1.1730686 178.44483
1.175067 178.45311
1.1770654 178.46096
1.1790638 178.46838
1.1810622 178.47538
1.1830606 178.48197
1.185059 178.48815
1.1870574 178.49394
1.1890558 178.49934
1.1910542 178.50435
1.1930526 178.50898
1.195051 178.51325
1.1970494 178.51715
1.1990478 178.5207
1.2010462 178.5239
1.2030446 178.52676
1.205043 178.52927
1.2070414 178.53146
1.2090398 178.53332
1.2110382 178.53487
1.2130366 178.5361
1.215035 178.53703
1.2170334 178.53765
1.2190318 178.53798
1.2210302 178.53802
1.2230286 178.53778
1.225027 178.53726
1.2270254 178.53646
1.2290238 178.5354
1.2310222 178.53407
1.2330206 178.53249
1.235019 178.53065
1.2370174 178.52857
1.2390158 178.52624
1.2410142 178.52368
1.2430126 178.52088
1.245011 178.51785
1.2470094 178.5146
1.2490078 178.51113
1.2510062 178.50744
1.2530046 178.50354
1.255003 178.49944
1.2570014 178.49513
1.2589998 178.49063
1.2609982 178.48593
1.2629966 178.48103
1.264995 178.47596
1.2669934 178.4707
1.2689918 178.46526
1.2709902 178.45964
1.2729886 178.45386
1.274987 178.4479
1.2769854 178.44178
1.2789838 178.43551
1.2809822 178.42907
1.2829806 178.42248
1.284979 178.41574
1.2869774 178.40885
1.2889758 178.40181
1.2909742 178.39464
1.2929726 178.38733
1.294971 178.37988
1.2969694 178.3723
1.2989678 178.36459
1.3009662 178.35675
1.3029646 178.3488
1.304963 178.34072
1.3069614 178.33252
1.3089598 178.32421
1.3109582 178.31578
1.3129566 178.30725
1.314955 178.2986
1.3169534 178.28985
1.3189518 178.281
1.3209502 178.27205
1.3229486 178.26301
1.324947 178.25386
1.3269454 178.24463
1.3289438 178.2353
1.3309422 178.22588
1.3329406 178.21638
1.334939 178.20679
1.3369374 178.19712
1.3389358 178.18737
1.3409342 178.17754
1.3429326 178.16764
1.344931 178.15766
1.3469294 178.14761
1.3489278 178.13749
1.3509262 178.1273
1.3529246 178.11704
1.354923 178.10672
1.3569214 178.09633
1.3589198 178.08589
1.3609182 178.07538
1.3629166 178.06481
1.364915 178.05419
1.3669134 178.04351
1.3689118 178.03278
1.3709102 178.022
1.3729086 178.01117
1.374907 178.00028
1.3769054 177.98935
1.3789038 177.97838
1.3809022 177.96735
1.3829006 177.95629
1.384899 177.94518
1.3868974 177.93403
1.3888958 177.92284
1.3908942 177.91161
1.3928926 177.90035
1.394891 177.88905
1.3968894 177.87772
1.3988878 177.86635
1.4008862 177.85495
1.4028846 177.84351
1.404883 177.83205
1.4068814 177.82056
1.4088798 177.80904
1.4108782 177.79749
1.4128766 177.78592
1.414875 177.77432
1.4168734 177.7627
1.4188718 177.75105
1.4208702 177.73938
1.4228686 177.72769
1.424867 177.71598
1.4268654 177.70425
1.4288638 177.6925
1.4308622 177.68074
1.4328606 177.66895
1.434859 177.65715
1.4368574 177.64534
1.4388558 177.63351
1.4408542 177.62166
1.4428526 177.60981
1.444851 177.59794
1.4468494 177.58606
1.4488478 177.57416
1.4508462 177.56226
1.4528446 177.55035
1.454843 177.53843
1.4568414 177.5265
1.4588398 177.51456
1.4608382 177.50262
1.4628366 177.49066
1.464835 177.47871
1.4668334 177.46675
1.4688318 177.45478
1.4708302 177.44281
1.4728286 177.43083
1.474827 177.41885
1.4768254 177.40687
1.4788238 177.39489
1.4808222 177.3829
1.4828206 177.37092
1.484819 177.35893
1.4868174 177.34694
1.4888158 177.33496
1.4908142 177.32297
1.4928126 177.31099
1.494811 177.299
1.4968094 177.28702
1.4988078 177.27504
1.5008062 177.26307
1.5028046 177.2511
1.504803 177.23913
1.5068014 177.22716
1.5087998 177.2152
1.5107982 177.20324
1.5127966 177.19129
1.514795 177.17935
1.5167934 177.16741
1.5187918 177.15547
1.5207902 177.14355
1.5227886 177.13163
1.524787 177.11971
1.5267854 177.10781
1.5287838 177.09591
1.5307822 177.08402
1.5327806 177.07213
1.534779 177.06026
1.5367774 177.04839
1.5387758 177.03653
1.5407742 177.02469
1.5427726 177.01285
1.544771 177.00102
1.5467694 176.9892
1.5487678 176.97739
1.5507662 176.96559
1.5527646 176.95381
1.554763 176.94203
1.5567614 176.93026
1.5587598 176.91851
1.5607582 176.90677
1.5627566 176.89503
1.564755 176.88331
1.5667534 176.87161
1.5687518 176.85991
1.5707502 176.84823
1.5727485 176.83656
1.5747469 176.8249
1.5767453 176.81325
1.5787437 176.80162
1.5807421 176.79
1.5827405 176.7784
1.5847389 176.7668
1.5867373 176.75523
1.5887357 176.74366
1.5907341 176.73211
1.5927325 176.72057
1.5947309 176.70905
1.5967293 176.69754
1.5987277 176.68605
1.6007261 176.67457
1.6027245 176.6631
1.6047229 176.65165
1.6067213 176.64022
1.6087197 176.6288
1.6107181 176.61739
1.6127165 176.606
1.6147149 176.59463
1.6167133 176.58327
1.6187117 176.57192
1.6207101 176.5606
1.6227085 176.54928
1.6247069 176.53799
1.6267053 176.5267
1.6287037 176.51544
1.6307021 176.50419
1.6327005 176.49296
1.6346989 176.48174
1.6366973 176.47054
1.6386957 176.45935
1.6406941 176.44818
1.6426925 176.43703
1.6446909 176.42589
1.6466893 176.41477
1.6486877 176.40367
1.6506861 176.39259
1.6526845 176.38152
1.6546829 176.37046
1.6566813 176.35943
1.6586797 176.34841
1.6606781 176.3374
1.6626765 176.32642
1.6646749 176.31545
1.6666733 176.3045
1.6686717 176.29356
1.6706701 176.28265
1.6726685 176.27174
1.6746669 176.26086
1.6766653 176.24999
1.6786637 176.23915
1.6806621 176.22831
1.6826605 176.2175
1.6846589 176.2067
1.6866573 176.19592
1.6886557 176.18516
1.6906541 176.17441
1.6926525 176.16369
1.6946509 176.15297
1.6966493 176.14228
1.6986477 176.13161
1.7006461 176.12095
1.7026445 176.11031
1.7046429 176.09968
1.7066413 176.08908
1.7086397 176.07849
1.7106381 176.06792
1.7126365 176.05736
1.7146349 176.04683
1.7166333 176.03631
1.7186317 176.02581
1.7206301 176.01533
1.7226285 176.00486
1.7246269 175.99441
1.7266253 175.98398
1.7286237 175.97357
1.7306221 175.96317
1.7326205 175.9528
1.7346189 175.94244
1.7366173 175.93209
1.7386157 175.92177
1.7406141 175.91146
1.7426125 175.90117
1.7446109 175.8909
1.7466093 175.88065
1.7486077 175.87041
1.7506061 175.86019
1.7526045 175.84999
1.7546029 175.83981
1.7566013 175.82964
1.7585997 175.81949
1.7605981 175.80936
1.7625965 175.79925
1.7645949 175.78915
1.7665933 175.77907
1.7685917 175.76901
1.7705901 175.75897
1.7725885 175.74894
1.7745869 175.73893
1.7765853 175.72894
1.7785837 175.71897
1.7805821 175.70901
1.7825805 175.69907
1.7845789 175.68915
1.7865773 175.67925
1.7885757 175.66936
1.7905741 175.6595
1.7925725 175.64964
1.7945709 175.63981
1.7965693 175.62999
1.7985677 175.62019
1.8005661 175.61041
1.8025645 175.60065
1.8045629 175.5909
1.8065613 175.58117
1.8085597 175.57146
1.8105581 175.56176
1.8125565 175.55208
1.8145549 175.54242
1.8165533 175.53278
1.8185517 175.52315
1.8205501 175.51354
1.8225485 175.50395
1.8245469 175.49438
1.8265453 175.48482
1.8285437 175.47528
1.8305421 175.46575
1.8325405 175.45625
1.8345389 175.44676
1.8365373 175.43728
1.8385357 175.42783
1.8405341 175.41839
1.8425325 175.40897
1.8445309 175.39956
1.8465293 175.39017
1.8485277 175.3808
1.8505261 175.37145
1.8525245 175.36211
1.8545229 175.35279
1.8565213 175.34349
1.8585197 175.3342
1.8605181 175.32493
1.8625165 175.31567
1.8645149 175.30644
1.8665133 175.29722
1.8685117 175.28801
1.8705101 175.27883
1.8725085 175.26966
1.8745069 175.2605
1.8765053 175.25136
1.8785037 175.24224
1.8805021 175.23314
1.8825005 175.22405
1.8844989 175.21498
1.8864973 175.20592
1.8884957 175.19689
1.8904941 175.18786
1.8924925 175.17886
1.8944909 175.16987
1.8964893 175.16089
1.8984877 175.15194
1.9004861 175.143
1.9024845 175.13407
1.9044829 175.12516
1.9064813 175.11627
1.9084797 175.10739
1.9104781 175.09853
1.9124765 175.08969
1.9144749 175.08086
1.9164733 175.07205
1.9184717 175.06326
1.9204701 175.05448
1.9224685 175.04571
1.9244669 175.03696
1.9264653 175.02823
1.9284637 175.01952
1.9304621 175.01081
1.9324605 175.00213
1.9344589 174.99346
1.9364573 174.98481
1.9384557 174.97617
1.9404541 174.96755
1.9424525 174.95894
1.9444509 174.95035
1.9464493 174.94178
1.9484477 174.93322
1.9504461 174.92468
1.9524445 174.91615
1.9544429 174.90764
1.9564413 174.89914
1.9584397 174.89066
1.9604381 174.88219
1.9624365 174.87374
1.9644349 174.86531
1.9664333 174.85689
1.9684317 174.84848
1.9704301 174.8401
1.9724285 174.83172
1.9744269 174.82336
1.9764253 174.81502
1.9784237 174.80669
1.9804221 174.79838
1.9824205 174.79008
1.9844189 174.7818
1.9864173 174.77353
1.9884157 174.76528
1.9904141 174.75704
1.9924125 174.74882
1.9944109 174.74061
1.9964093 174.73242
1.9984077 174.72424
2.0004061 174.71608
2.0024045 174.70793
2.0044029 174.6998
2.0064013 174.69168
2.0083997 174.68358
2.0103981 174.67549
2.0123965 174.66741
2.0143949 174.65935
2.0163933 174.65131
2.0183917 174.64328
2.0203901 174.63526
2.0223885 174.62726
2.0243869 174.61928
2.0263853 174.61131
2.0283837 174.60335
2.0303821 174.59541
2.0323805 174.58748
2.0343789 174.57956
2.0363773 174.57166
2.0383757 174.56378
2.0403741 174.55591
2.0423725 174.54805
2.0443709 174.54021
2.0463693 174.53238
2.0483677 174.52457
2.0503661 174.51677
2.0523645 174.50898
2.0543629 174.50121
2.0563613 174.49346
2.0583597 174.48571
2.0603581 174.47799
2.0623565 174.47027
2.0643549 174.46257
2.0663533 174.45488
2.0683517 174.44721
2.0703501 174.43955
2.0723485 174.43191
2.0743469 174.42428
2.0763453 174.41666
2.0783437 174.40906
2.0803421 174.40147
2.0823405 174.39389
2.0843389 174.38633
2.0863373 174.37878
2.0883357 174.37125
2.0903341 174.36373
2.0923325 174.35622
2.0943309 174.34872
2.0963293 174.34124
2.0983277 174.33378
2.1003261 174.32632
2.1023245 174.31889
2.1043229 174.31146
2.1063213 174.30405
2.1083197 174.29665
2.1103181 174.28926
2.1123165 174.28189
2.1143149 174.27453
2.1163133 174.26718
2.1183117 174.25985
2.1203101 174.25253
2.1223085 174.24523
2.1243069 174.23793
2.1263053 174.23065
2.1283037 174.22339
2.1303021 174.21614
2.1323005 174.2089
2.1342989 174.20167
2.1362973 174.19445
2.1382957 174.18725
2.1402941 174.18007
2.1422925 174.17289
2.1442909 174.16573
2.1462893 174.15858
2.1482877 174.15144
2.1502861 174.14432
2.1522845 174.13721
2.1542829 174.13011
2.1562813 174.12303
2.1582797 174.11595
2.1602781 174.1089
2.1622765 174.10185
2.1642749 174.09481
2.1662733 174.08779
2.1682717 174.08078
2.1702701 174.07379
2.1722685 174.06681
2.1742669 174.05983
2.1762653 174.05288
2.1782637 174.04593
2.1802621 174.039
2.1822605 174.03208
2.1842589 174.02517
2.1862573 174.01827
2.1882557 174.01139
2.1902541 174.00452
2.1922525 173.99766
2.1942509 173.99081
2.1962492 173.98398
2.1982476 173.97716
2.200246 173.97035
2.2022444 173.96355
2.2042428 173.95676
2.2062412 173.94999
2.2082396 173.94323
2.210238 173.93648
2.2122364 173.92974
2.2142348 173.92302
2.2162332 173.9163
2.2182316 173.9096
2.22023 173.90291
2.2222284 173.89624
2.2242268 173.88957
2.2262252 173.88292
2.2282236 173.87628
2.230222 173.86965
2.2322204 173.86303
2.2342188 173.85643
2.2362172 173.84983
2.2382156 173.84325
2.240214 173.83668
2.2422124 173.83012
2.2442108 173.82358
2.2462092 173.81704
2.2482076 173.81052
2.250206 173.804
2.2522044 173.7975
2.2542028 173.79102
2.2562012 173.78454
2.2581996 173.77807
2.260198 173.77162
2.2621964 173.76518
2.2641948 173.75874
2.2661932 173.75233
2.2681916 173.74592
2.27019 173.73952
2.2721884 173.73313
2.2741868 173.72676
2.2761852 173.7204
2.2781836 173.71405
2.280182 173.7077
2.2821804 173.70138
2.2841788 173.69506
2.2861772 173.68875
2.2881756 173.68246
2.290174 173.67617
2.2921724 173.6699
2.2941708 173.66364
2.2961692 173.65738
2.2981676 173.65114
2.300166 173.64492
2.3021644 173.6387
2.3041628 173.63249
2.3061612 173.6263
2.3081596 173.62011
2.310158 173.61394
2.3121564 173.60777
2.3141548 173.60162
2.3161532 173.59548
2.3181516 173.58935
2.32015 173.58323
2.3221484 173.57712
2.3241468 173.57102
2.3261452 173.56493
2.3281436 173.55886
2.330142 173.55279
2.3321404 173.54674
2.3341388 173.54069
2.3361372 173.53466
2.3381356 173.52863
2.340134 173.52262
2.3421324 173.51662
2.3441308 173.51063
2.3461292 173.50465
2.3481276 173.49867
2.350126 173.49271
2.3521244 173.48676
2.3541228 173.48082
2.3561212 173.4749
2.3581196 173.46898
2.360118 173.46307
2.3621164 173.45717
2.3641148 173.45128
2.3661132 173.44541
2.3681116 173.43954
2.37011 173.43368
2.3721084 173.42784
2.3741068 173.422
2.3761052 173.41617
2.3781036 173.41036
2.380102 173.40455
2.3821004 173.39876
2.3840988 173.39297
2.3860972 173.3872
2.3880956 173.38143
2.390094 173.37567
2.3920924 173.36993
2.3940908 173.36419
2.3960892 173.35847
2.3980876 173.35275
2.400086 173.34705
2.4020844 173.34135
2.4040828 173.33567
2.4060812 173.32999
2.4080796 173.32433
2.410078 173.31867
2.4120764 173.31302
2.4140748 173.30739
2.4160732 173.30176
2.4180716 173.29614
2.42007 173.29054
2.4220684 173.28494
2.4240668 173.27935
2.4260652 173.27377
2.4280636 173.26821
2.430062 173.26265
2.4320604 173.2571
2.4340588 173.25156
2.4360572 173.24603
2.4380556 173.24051
2.440054 173.235
2.4420524 173.2295
2.4440508 173.22401
2.4460492 173.21852
2.4480476 173.21305
2.450046 173.20759
2.4520444 173.20213
2.4540428 173.19669
2.4560412 173.19125
2.4580396 173.18583
2.460038 173.18041
2.4620364 173.175
2.4640348 173.16961
2.4660332 173.16422
2.4680316 173.15884
2.47003 173.15347
2.4720284 173.14811
2.4740268 173.14275
2.4760252 173.13741
2.4780236 173.13208
2.480022 173.12675
2.4820204 173.12144
2.4840188 173.11613
2.4860172 173.11084
2.4880156 173.10555
2.490014 173.10027
2.4920124 173.095
2.4940108 173.08974
2.4960092 173.08449
2.4980076 173.07924
2.500006 173.07401
2.5020044 173.06879
2.5040028 173.06357
2.5060012 173.05836
2.5079996 173.05316
2.509998 173.04797
2.5119964 173.04279
2.5139948 173.03762
2.5159932 173.03246
2.5179916 173.02731
2.51999 173.02216
2.5219884 173.01702
2.5239868 173.0119
2.5259852 173.00678
2.5279836 173.00167
2.529982 172.99656
2.5319804 172.99147
2.5339788 172.98639
2.5359772 172.98131
2.5379756 172.97624
2.539974 172.97118
2.5419724 172.96613
2.5439708 172.96109
2.5459692 172.95606
2.5479676 172.95103
2.549966 172.94602
2.5519644 172.94101
2.5539628 172.93601
2.5559612 172.93102
2.5579596 172.92604
2.559958 172.92106
2.5619564 172.9161
2.5639548 172.91114
2.5659532 172.90619
2.5679516 172.90125
2.56995 172.89632
2.5719484 172.8914
2.5739468 172.88648
2.5759452 172.88157
2.5779436 172.87667
2.579942 172.87178
2.5819404 172.8669
2.5839388 172.86203
2.5859372 172.85716
2.5879356 172.8523
2.589934 172.84745
2.5919324 172.84261
2.5939308 172.83778
2.5959292 172.83295
2.5979276 172.82813
2.599926 172.82332
2.6019244 172.81852
2.6039228 172.81373
2.6059212 172.80894
2.6079196 172.80416
2.609918 172.7994
2.6119164 172.79463
2.6139148 172.78988
2.6159132 172.78513
2.6179116 172.7804
2.61991 172.77567
2.6219084 172.77094
2.6239068 172.76623
2.6259052 172.76152
2.6279036 172.75683
2.629902 172.75213
2.6319004 172.74745
2.6338988 172.74278
2.6358972 172.73811
2.6378956 172.73345
2.639894 172.7288
2.6418924 172.72415
2.6438908 172.71952
2.6458892 172.71489
2.6478876 172.71027
2.649886 172.70565
2.6518844 172.70105
2.6538828 172.69645
2.6558812 172.69186
2.6578796 172.68728
2.659878 172.6827
2.6618764 172.67813
2.6638748 172.67357
2.6658732 172.66902
2.6678716 172.66447
2.66987 172.65993
2.6718684 172.6554
2.6738668 172.65088
2.6758652 172.64636
2.6778636 172.64186
2.679862 172.63736
2.6818604 172.63286
2.6838588 172.62838
2.6858572 172.6239
2.6878556 172.61943
2.689854 172.61496
2.6918524 172.61051
2.6938508 172.60606
2.6958492 172.60161
2.6978476 172.59718
2.699846 172.59275
2.7018444 172.58833
2.7038428 172.58392
2.7058412 172.57951
2.7078396 172.57511
2.709838 172.57072
2.7118364 172.56634
2.7138348 172.56196
2.7158332 172.55759
2.7178316 172.55323
2.71983 172.54887
2.7218284 172.54452
2.7238268 172.54018
2.7258252 172.53585
2.7278236 172.53152
2.729822 172.5272
2.7318204 172.52288
2.7338188 172.51858
2.7358172 172.51428
2.7378156 172.50998
2.739814 172.5057
2.7418124 172.50142
2.7438108 172.49715
2.7458092 172.49288
2.7478076 172.48862
2.749806 172.48437
2.7518044 172.48013
2.7538028 172.47589
2.7558012 172.47166
2.7577996 172.46744
2.759798 172.46322
2.7617964 172.45901
2.7637948 172.45481
2.7657932 172.45061
2.7677916 172.44642
2.76979 172.44224
2.7717884 172.43806
2.7737868 172.43389
2.7757852 172.42973
2.7777836 172.42557
2.779782 172.42142
2.7817804 172.41728
2.7837788 172.41314
2.7857772 172.40901
2.7877756 172.40489
2.789774 172.40077
2.7917724 172.39666
2.7937708 172.39256
2.7957692 172.38846
2.7977676 172.38437
2.799766 172.38029
2.8017644 172.37621
2.8037628 172.37214
2.8057612 172.36808
2.8077596 172.36402
2.809758 172.35997
2.8117564 172.35592
2.8137548 172.35189
2.8157532 172.34785
2.8177516 172.34383
2.8197499 172.33981
2.8217483 172.3358
2.8237467 172.33179
2.8257451 172.32779
2.8277435 172.3238
2.8297419 172.31981
2.8317403 172.31583
2.8337387 172.31185
2.8357371 172.30789
2.8377355 172.30392
2.8397339 172.29997
2.8417323 172.29602
2.8437307 172.29207
2.8457291 172.28814
2.8477275 172.28421
2.8497259 172.28028
2.8517243 172.27636
2.8537227 172.27245
2.8557211 172.26854
2.8577195 172.26464
2.8597179 172.26075
2.8617163 172.25686
2.8637147 172.25298
2.8657131 172.24911
2.8677115 172.24524
2.8697099 172.24137
2.8717083 172.23752
2.8737067 172.23366
2.8757051 172.22982
2.8777035 172.22598
2.8797019 172.22215
2.8817003 172.21832
2.8836987 172.2145
2.8856971 172.21068
2.8876955 172.20687
2.8896939 172.20307
2.8916923 172.19927
2.8936907 172.19548
2.8956891 172.1917
2.8976875 172.18792
2.8996859 172.18414
2.9016843 172.18038
2.9036827 172.17661
2.9056811 172.17286
2.9076795 172.16911
2.9096779 172.16536
2.9116763 172.16162
2.9136747 172.15789
2.9156731 172.15416
2.9176715 172.15044
2.9196699 172.14673
2.9216683 172.14302
2.9236667 172.13931
2.9256651 172.13562
2.9276635 172.13192
2.9296619 172.12824
2.9316603 172.12456
2.9336587 172.12088
2.9356571 172.11721
2.9376555 172.11355
2.9396539 172.10989
2.9416523 172.10623
2.9436507 172.10259
2.9456491 172.09895
2.9476475 172.09531
2.9496459 172.09168
2.9516443 172.08806
2.9536427 172.08444
2.9556411 172.08082
2.9576395 172.07721
2.9596379 172.07361
2.9616363 172.07002
2.9636347 172.06642
2.9656331 172.06284
2.9676315 172.05926
2.9696299 172.05568
2.9716283 172.05211
2.9736267 172.04855
2.9756251 172.04499
2.9776235 172.04144
2.9796219 172.03789
2.9816203 172.03435
2.9836187 172.03081
2.9856171 172.02728
2.9876155 172.02375
2.9896139 172.02023
2.9916123 172.01672
2.9936107 172.01321
2.9956091 172.0097
2.9976075 172.0062
2.9996059 172.00271
3.0016043 171.99922
3.0036027 171.99574
3.0056011 171.99226
3.0075995 171.98879
3.0095979 171.98532
3.0115963 171.98186
3.0135947 171.9784
3.0155931 171.97495
3.0175915 171.9715
3.0195899 171.96806
3.0215883 171.96462
3.0235867 171.96119
3.0255851 171.95777
3.0275835 171.95435
3.0295819 171.95093
3.0315803 171.94752
3.0335787 171.94411
3.0355771 171.94071
3.0375755 171.93732
3.0395739 171.93393
3.0415723 171.93054
3.0435707 171.92717
3.0455691 171.92379
3.0475675 171.92042
3.0495659 171.91706
3.0515643 171.9137
3.0535627 171.91034
3.0555611 171.90699
3.0575595 171.90365
3.0595579 171.90031
3.0615563 171.89698
3.0635547 171.89365
3.0655531 171.89032
3.0675515 171.887
3.0695499 171.88369
3.0715483 171.88038
3.0735467 171.87707
3.0755451 171.87377
3.0775435 171.87048
3.0795419 171.86719
3.0815403 171.8639
3.0835387 171.86062
3.0855371 171.85735
3.0875355 171.85408
3.0895339 171.85081
3.0915323 171.84755
3.0935307 171.8443
3.0955291 171.84105
3.0975275 171.8378
3.0995259 171.83456
3.1015243 171.83132
3.1035227 171.82809
3.1055211 171.82486
3.1075195 171.82164
3.1095179 171.81842
3.1115163 171.81521
3.1135147 171.812
3.1155131 171.8088
3.1175115 171.8056
3.1195099 171.80241
3.1215083 171.79922
3.1235067 171.79604
3.1255051 171.79286
3.1275035 171.78968
3.1295019 171.78651
3.1315003 171.78335
3.1334987 171.78018
3.1354971 171.77703
3.1374955 171.77388
3.1394939 171.77073
3.1414923 171.76759
3.1434907 171.76445
3.1454891 171.76132
3.1474875 171.75819
3.1494859 171.75506
3.1514843 171.75194
3.1534827 171.74883
3.1554811 171.74572
3.1574795 171.74261
3.1594779 171.73951
3.1614763 171.73641
3.1634747 171.73332
3.1654731 171.73023
3.1674715 171.72715
3.1694699 171.72407
3.1714683 171.721
3.1734667 171.71793
3.1754651 171.71486
3.1774635 171.7118
3.1794619 171.70874
3.1814603 171.70569
3.1834587 171.70264
3.1854571 171.6996
3.1874555 171.69656
3.1894539 171.69353
3.1914523 171.6905
3.1934507 171.68747
3.1954491 171.68445
3.1974475 171.68143
3.1994459 171.67842
3.2014443 171.67541
3.2034427 171.67241
3.2054411 171.66941
3.2074395 171.66641
3.2094379 171.66342
3.2114363 171.66044
3.2134347 171.65746
3.2154331 171.65448
3.2174315 171.6515
3.2194299 171.64853
3.2214283 171.64557
3.2234267 171.64261
3.2254251 171.63965
3.2274235 171.6367
3.2294219 171.63375
3.2314203 171.63081
3.2334187 171.62787
3.2354171 171.62493
3.2374155 171.622
3.2394139 171.61907
3.2414123 171.61615
3.2434107 171.61323
3.2454091 171.61032
3.2474075 171.6074
3.2494059 171.6045
3.2514043 171.6016
3.2534027 171.5987
3.2554011 171.5958
3.2573995 171.59291
3.2593979 171.59003
3.2613963 171.58715
3.2633947 171.58427
3.2653931 171.5814
3.2673915 171.57853
3.2693899 171.57566
3.2713883 171.5728
3.2733867 171.56994
3.2753851 171.56709
3.2773835 171.56424
3.2793819 171.56139
3.2813803 171.55855
3.2833787 171.55572
3.2853771 171.55288
3.2873755 171.55005
3.2893739 171.54723
3.2913723 171.54441
3.2933707 171.54159
3.2953691 171.53878
3.2973675 171.53597
3.2993659 171.53316
3.3013643 171.53036
3.3033627 171.52756
3.3053611 171.52477
3.3073595 171.52198
3.3093579 171.5192
3.3113563 171.51641
3.3133547 171.51364
3.3153531 171.51086
3.3173515 171.50809
3.3193499 171.50533
3.3213483 171.50256
3.3233467 171.49981
3.3253451 171.49705
3.3273435 171.4943
3.3293419 171.49155
3.3313403 171.48881
3.3333387 171.48607
3.3353371 171.48334
3.3373355 171.4806
3.3393339 171.47788
3.3413323 171.47515
3.3433307 171.47243
3.3453291 171.46972
3.3473275 171.467
3.3493259 171.46429
3.3513243 171.46159
3.3533227 171.45889
3.3553211 171.45619
3.3573195 171.4535
3.3593179 171.45081
3.3613163 171.44812
3.3633147 171.44544
3.3653131 171.44276
3.3673115 171.44008
3.3693099 171.43741
3.3713083 171.43474
3.3733067 171.43208
3.3753051 171.42942
3.3773035 171.42676
3.3793019 171.42411
3.3813003 171.42146
3.3832987 171.41881
3.3852971 171.41617
3.3872955 171.41353
3.3892939 171.4109
3.3912923 171.40826
3.3932907 171.40564
3.3952891 171.40301
3.3972875 171.40039
3.3992859 171.39777
3.4012843 171.39516
3.4032827 171.39255
3.4052811 171.38994
3.4072795 171.38734
3.4092779 171.38474
3.4112763 171.38215
3.4132747 171.37955
3.4152731 171.37697
3.4172715 171.37438
3.4192699 171.3718
3.4212683 171.36922
3.4232667 171.36665
3.4252651 171.36408
3.4272635 171.36151
3.4292619 171.35895
3.4312603 171.35638
3.4332587 171.35383
3.4352571 171.35127
3.4372555 171.34872
3.4392539 171.34618
3.4412523 171.34363
3.4432507 171.34109
3.445249 171.33856
3.4472474 171.33603
3.4492458 171.3335
3.4512442 171.33097
3.4532426 171.32845
3.455241 171.32593
3.4572394 171.32341
3.4592378 171.3209
3.4612362 171.31839
3.4632346 171.31589
3.465233 171.31338
3.4672314 171.31088
3.4692298 171.30839
3.4712282 171.3059
3.4732266 171.30341
3.475225 171.30092
3.4772234 171.29844
3.4792218 171.29596
3.4812202 171.29349
3.4832186 171.29101
3.485217 171.28854
3.4872154 171.28608
3.4892138 171.28362
3.4912122 171.28116
3.4932106 171.2787
3.495209 171.27625
3.4972074 171.2738
3.4992058 171.27136
3.5012042 171.26891
3.5032026 171.26647
3.505201 171.26404
3.5071994 171.2616
3.5091978 171.25917
3.5111962 171.25675
3.5131946 171.25433
3.515193 171.25191
3.5171914 171.24949
3.5191898 171.24708
3.5211882 171.24467
3.5231866 171.24226
3.525185 171.23985
3.5271834 171.23745
3.5291818 171.23506
3.5311802 171.23266
3.5331786 171.23027
3.535177 171.22788
3.5371754 171.2255
3.5391738 171.22312
3.5411722 171.22074
3.5431706 171.21836
3.545169 171.21599
3.5471674 171.21362
3.5491658 171.21126
3.5511642 171.20889
3.5531626 171.20653
3.555161 171.20418
3.5571594 171.20182
3.5591578 171.19947
3.5611562 171.19712
3.5631546 171.19478
3.565153 171.19244
3.5671514 171.1901
3.5691498 171.18777
3.5711482 171.18543
3.5731466 171.1831
3.575145 171.18078
3.5771434 171.17846
3.5791418 171.17614
3.5811402 171.17382
3.5831386 171.17151
3.585137 171.16919
3.5871354 171.16689
3.5891338 171.16458
3.5911322 171.16228
3.5931306 171.15998
3.595129 171.15769
3.5971274 171.15539
3.5991258 171.1531
3.6011242 171.15082
3.6031226 171.14853
3.605121 171.14625
3.6071194 171.14397
3.6091178 171.1417
3.6111162 171.13943
3.6131146 171.13716
3.615113 171.13489
3.6171114 171.13263
3.6191098 171.13037
3.6211082 171.12811
3.6231066 171.12586
3.625105 171.12361
3.6271034 171.12136
3.6291018 171.11911
3.6311002 171.11687
3.6330986 171.11463
3.635097 171.11239
3.6370954 171.11016
3.6390938 171.10793
3.6410922 171.1057
3.6430906 171.10347
3.645089 171.10125
3.6470874 171.09903
3.6490858 171.09681
3.6510842 171.0946
3.6530826 171.09239
3.655081 171.09018
3.6570794 171.08797
3.6590778 171.08577
3.6610762 171.08357
3.6630746 171.08137
3.665073 171.07918
3.6670714 171.07699
3.6690698 171.0748
3.6710682 171.07261
3.6730666 171.07043
3.675065 171.06825
3.6770634 171.06607
3.6790618 171.0639
3.6810602 171.06173
3.6830586 171.05956
3.685057 171.05739
3.6870554 171.05523
3.6890538 171.05307
3.6910522 171.05091
3.6930506 171.04875
3.695049 171.0466
3.6970474 171.04445
3.6990458 171.0423
3.7010442 171.04016
3.7030426 171.03802
3.705041 171.03588
3.7070394 171.03374
3.7090378 171.03161
3.7110362 171.02947
3.7130346 171.02735
3.715033 171.02522
3.7170314 171.0231
3.7190298 171.02098
3.7210282 171.01886
3.7230266 171.01674
3.725025 171.01463
3.7270234 171.01252
3.7290218 171.01042
3.7310202 171.00831
3.7330186 171.00621
3.735017 171.00411
3.7370154 171.00201
3.7390138 170.99992
3.7410122 170.99783
3.7430106 170.99574
3.745009 170.99366
3.7470074 170.99157
3.7490058 170.98949
3.7510042 170.98741
3.7530026 170.98534
3.755001 170.98326
3.7569994 170.98119
3.7589978 170.97913
3.7609962 170.97706
3.7629946 170.975
3.764993 170.97294
3.7669914 170.97088
3.7689898 170.96883
3.7709882 170.96677
3.7729866 170.96472
3.774985 170.96268
3.7769834 170.96063
3.7789818 170.95859
3.7809802 170.95655
3.7829786 170.95451
3.784977 170.95248
3.7869754 170.95045
3.7889738 170.94842
3.7909722 170.94639
3.7929706 170.94437
3.794969 170.94234
3.7969674 170.94032
3.7989658 170.93831
3.8009642 170.93629
3.8029626 170.93428
3.804961 170.93227
3.8069594 170.93027
3.8089578 170.92826
3.8109562 170.92626
3.8129546 170.92426
3.814953 170.92226
3.8169514 170.92027
3.8189498 170.91827
3.8209482 170.91628
3.8229466 170.9143
3.824945 170.91231
3.8269434 170.91033
3.8289418 170.90835
3.8309402 170.90637
3.8329386 170.9044
3.834937 170.90242
3.8369354 170.90045
3.8389338 170.89849
3.8409322 170.89652
3.8429306 170.89456
3.844929 170.8926
3.8469274 170.89064
3.8489258 170.88868
3.8509242 170.88673
3.8529226 170.88478
3.854921 170.88283
3.8569194 170.88088
3.8589178 170.87894
3.8609162 170.877
3.8629146 170.87506
3.864913 170.87312
3.8669114 170.87119
3.8689098 170.86925
3.8709082 170.86732
3.8729066 170.8654
3.874905 170.86347
3.8769034 170.86155
3.8789018 170.85963
3.8809002 170.85771
3.8828986 170.85579
3.884897 170.85388
3.8868954 170.85197
3.8888938 170.85006
3.8908922 170.84815
3.8928906 170.84625
3.894889 170.84435
3.8968874 170.84245
3.8988858 170.84055
3.9008842 170.83865
3.9028826 170.83676
3.904881 170.83487
3.9068794 170.83298
3.9088778 170.83109
3.9108762 170.82921
3.9128746 170.82733
3.914873 170.82545
3.9168714 170.82357
3.9188698 170.8217
3.9208682 170.81983
3.9228666 170.81796
3.924865 170.81609
3.9268634 170.81422
3.9288618 170.81236
3.9308602 170.8105
3.9328586 170.80864
3.934857 170.80678
3.9368554 170.80493
3.9388538 170.80307
3.9408522 170.80122
3.9428506 170.79937
3.944849 170.79753
3.9468474 170.79568
3.9488458 170.79384
3.9508442 170.792
3.9528426 170.79017
3.954841 170.78833
3.9568394 170.7865
3.9588378 170.78467
3.9608362 170.78284
3.9628346 170.78101
3.964833 170.77919
3.9668314 170.77737
3.9688298 170.77555
3.9708282 170.77373
3.9728266 170.77191
3.974825 170.7701
3.9768234 170.76829
3.9788218 170.76648
3.9808202 170.76467
3.9828186 170.76287
3.984817 170.76107
3.9868154 170.75927
3.9888138 170.75747
3.9908122 170.75567
3.9928106 170.75388
3.994809 170.75208
3.9968074 170.75029
3.9988058 170.74851
4.0008042 170.74672
4.0028026 170.74494
4.004801 170.74316
4.0067994 170.74138
4.0087978 170.7396
4.0107962 170.73782
4.0127946 170.73605
4.014793 170.73428
4.0167914 170.73251
4.0187898 170.73074
4.0207882 170.72898
4.0227866 170.72721
4.024785 170.72545
4.0267834 170.7237
4.0287818 170.72194
4.0307802 170.72018
4.0327786 170.71843
4.034777 170.71668
4.0367754 170.71493
4.0387738 170.71319
4.0407722 170.71144
4.0427706 170.7097
4.044769 170.70796
4.0467674 170.70622
4.0487658 170.70448
4.0507642 170.70275
4.0527626 170.70102
4.054761 170.69929
4.0567594 170.69756
4.0587578 170.69583
4.0607562 170.69411
4.0627546 170.69238
4.064753 170.69066
4.0667514 170.68895
4.0687497 170.68723
4.0707481 170.68551
4.0727465 170.6838
4.0747449 170.68209
4.0767433 170.68038
4.0787417 170.67868
4.0807401 170.67697
4.0827385 170.67527
4.0847369 170.67357
4.0867353 170.67187
4.0887337 170.67017
4.0907321 170.66848
4.0927305 170.66679
4.0947289 170.6651
4.0967273 170.66341
4.0987257 170.66172
4.1007241 170.66003
4.1027225 170.65835
4.1047209 170.65667
4.1067193 170.65499
4.1087177 170.65331
4.1107161 170.65164
4.1127145 170.64996
4.1147129 170.64829
4.1167113 170.64662
4.1187097 170.64495
4.1207081 170.64329
4.1227065 170.64162
4.1247049 170.63996
4.1267033 170.6383
4.1287017 170.63664
4.1307001 170.63499
4.1326985 170.63333
4.1346969 170.63168
4.1366953 170.63003
4.1386937 170.62838
4.1406921 170.62673
4.1426905 170.62509
4.1446889 170.62344
4.1466873 170.6218
4.1486857 170.62016
4.1506841 170.61853
4.1526825 170.61689
4.1546809 170.61526
4.1566793 170.61362
4.1586777 170.61199
4.1606761 170.61036
4.1626745 170.60874
4.1646729 170.60711
4.1666713 170.60549
4.1686697 170.60387
4.1706681 170.60225
4.1726665 170.60063
4.1746649 170.59902
4.1766633 170.5974
4.1786617 170.59579
4.1806601 170.59418
4.1826585 170.59257
4.1846569 170.59096
4.1866553 170.58936
4.1886537 170.58776
4.1906521 170.58616
4.1926505 170.58456
4.1946489 170.58296
4.1966473 170.58136
4.1986457 170.57977
4.2006441 170.57818
4.2026425 170.57659
4.2046409 170.575
4.2066393 170.57341
4.2086377 170.57182
4.2106361 170.57024
4.2126345 170.56866
4.2146329 170.56708
4.2166313 170.5655
4.2186297 170.56393
4.2206281 170.56235
4.2226265 170.56078
4.2246249 170.55921
4.2266233 170.55764
4.2286217 170.55607
4.2306201 170.5545
4.2326185 170.55294
4.2346169 170.55138
4.2366153 170.54982
4.2386137 170.54826
4.2406121 170.5467
4.2426105 170.54514
4.2446089 170.54359
4.2466073 170.54204
4.2486057 170.54049
4.2506041 170.53894
4.2526025 170.53739
4.2546009 170.53585
4.2565993 170.5343
4.2585977 170.53276
4.2605961 170.53122
4.2625945 170.52968
4.2645929 170.52815
4.2665913 170.52661
4.2685897 170.52508
4.2705881 170.52355
4.2725865 170.52202
4.2745849 170.52049
4.2765833 170.51896
4.2785817 170.51744
4.2805801 170.51591
4.2825785 170.51439
4.2845769 170.51287
4.2865753 170.51135
4.2885737 170.50984
4.2905721 170.50832
4.2925705 170.50681
4.2945689 170.5053
4.2965673 170.50379
4.2985657 170.50228
4.3005641 170.50077
4.3025625 170.49927
4.3045609 170.49776
4.3065593 170.49626
4.3085577 170.49476
4.3105561 170.49326
4.3125545 170.49177
4.3145529 170.49027
4.3165513 170.48878
4.3185497 170.48729
4.3205481 170.4858
4.3225465 170.48431
4.3245449 170.48282
4.3265433 170.48133
4.3285417 170.47985
4.3305401 170.47837
4.3325385 170.47689
4.3345369 170.47541
4.3365353 170.47393
4.3385337 170.47245
4.3405321 170.47098
4.3425305 170.46951
4.3445289 170.46804
4.3465273 170.46657
4.3485257 170.4651
4.3505241 170.46363
4.3525225 170.46217
4.3545209 170.4607
4.3565193 170.45924
4.3585177 170.45778
4.3605161 170.45632
4.3625145 170.45487
4.3645129 170.45341
4.3665113 170.45196
4.3685097 170.45051
4.3705081 170.44906
4.3725065 170.44761
4.3745049 170.44616
4.3765033 170.44471
4.3785017 170.44327
4.3805001 170.44183
4.3824985 170.44038
4.3844969 170.43894
4.3864953 170.43751
4.3884937 170.43607
4.3904921 170.43463
4.3924905 170.4332
4.3944889 170.43177
4.3964873 170.43034
4.3984857 170.42891
4.4004841 170.42748
4.4024825 170.42606
4.4044809 170.42463
4.4064793 170.42321
4.4084777 170.42179
4.4104761 170.42037
4.4124745 170.41895
4.4144729 170.41753
4.4164713 170.41612
4.4184697 170.4147
4.4204681 170.41329
4.4224665 170.41188
4.4244649 170.41047
4.4264633 170.40906
4.4284617 170.40765
4.4304601 170.40625
4.4324585 170.40485
4.4344569 170.40344
4.4364553 170.40204
4.4384537 170.40064
4.4404521 170.39925
4.4424505 170.39785
4.4444489 170.39646
4.4464473 170.39506
4.4484457 170.39367
4.4504441 170.39228
4.4524425 170.39089
4.4544409 170.38951
4.4564393 170.38812
4.4584377 170.38674
4.4604361 170.38535
4.4624345 170.38397
4.4644329 170.38259
4.4664313 170.38121
4.4684297 170.37984
4.4704281 170.37846
4.4724265 170.37709
4.4744249 170.37571
4.4764233 170.37434
4.4784217 170.37297
4.4804201 170.3716
4.4824185 170.37024
4.4844169 170.36887
4.4864153 170.36751
4.4884137 170.36614
4.4904121 170.36478
4.4924105 170.36342
4.4944089 170.36206
4.4964073 170.36071
4.4984057 170.35935
4.5004041 170.358
4.5024025 170.35664
4.5044009 170.35529
4.5063993 170.35394
4.5083977 170.35259
4.5103961 170.35125
4.5123945 170.3499
4.5143929 170.34856
4.5163913 170.34721
4.5183897 170.34587
4.5203881 170.34453
4.5223865 170.34319
4.5243849 170.34186
4.5263833 170.34052
4.5283817 170.33919
4.5303801 170.33785
4.5323785 170.33652
4.5343769 170.33519
4.5363753 170.33386
4.5383737 170.33253
4.5403721 170.33121
4.5423705 170.32988
4.5443689 170.32856
4.5463673 170.32724
4.5483657 170.32591
4.5503641 170.32459
4.5523625 170.32328
4.5543609 170.32196
4.5563593 170.32064
4.5583577 170.31933
4.5603561 170.31802
4.5623545 170.31671
4.5643529 170.3154
4.5663513 170.31409
4.5683497 170.31278
4.5703481 170.31147
4.5723465 170.31017
4.5743449 170.30887
4.5763433 170.30756
4.5783417 170.30626
4.5803401 170.30496
4.5823385 170.30366
4.5843369 170.30237
4.5863353 170.30107
4.5883337 170.29978
4.5903321 170.29849
4.5923305 170.29719
4.5943289 170.2959
4.5963273 170.29461
4.5983257 170.29333
4.6003241 170.29204
4.6023225 170.29076
4.6043209 170.28947
4.6063193 170.28819
4.6083177 170.28691
4.6103161 170.28563
4.6123145 170.28435
4.6143129 170.28307
4.6163113 170.2818
4.6183097 170.28052
4.6203081 170.27925
4.6223065 170.27798
4.6243049 170.27671
4.6263033 170.27544
4.6283017 170.27417
4.6303001 170.2729
4.6322985 170.27164
4.6342969 170.27037
4.6362953 170.26911
4.6382937 170.26785
4.6402921 170.26659
4.6422905 170.26533
4.6442889 170.26407
4.6462873 170.26282
4.6482857 170.26156
4.6502841 170.26031
4.6522825 170.25905
4.6542809 170.2578
4.6562793 170.25655
4.6582777 170.2553
4.6602761 170.25405
4.6622745 170.25281
4.6642729 170.25156
4.6662713 170.25032
4.6682697 170.24908
4.6702681 170.24783
4.6722665 170.24659
4.6742649 170.24536
4.6762633 170.24412
4.6782617 170.24288
4.6802601 170.24165
4.6822585 170.24041
4.6842569 170.23918
4.6862553 170.23795
4.6882537 170.23672
4.6902521 170.23549
4.6922505 170.23426
4.6942488 170.23303
4.6962472 170.23181
4.6982456 170.23058
4.700244 170.22936
4.7022424 170.22814
4.7042408 170.22692
4.7062392 170.2257
4.7082376 170.22448
4.710236 170.22326
4.7122344 170.22205
4.7142328 170.22083
4.7162312 170.21962
4.7182296 170.21841
4.720228 170.2172
4.7222264 170.21599
4.7242248 170.21478
4.7262232 170.21357
4.7282216 170.21236
4.73022 170.21116
4.7322184 170.20995
4.7342168 170.20875
4.7362152 170.20755
4.7382136 170.20635
4.740212 170.20515
4.7422104 170.20395
4.7442088 170.20276
4.7462072 170.20156
4.7482056 170.20037
4.750204 170.19917
4.7522024 170.19798
4.7542008 170.19679
4.7561992 170.1956
4.7581976 170.19441
4.760196 170.19323
4.7621944 170.19204
4.7641928 170.19085
4.7661912 170.18967
4.7681896 170.18849
4.770188 170.18731
4.7721864 170.18613
4.7741848 170.18495
4.7761832 170.18377
4.7781816 170.18259
4.78018 170.18142
4.7821784 170.18024
4.7841768 170.17907
4.7861752 170.1779
4.7881736 170.17673
4.790172 170.17556
4.7921704 170.17439
4.7941688 170.17322
4.7961672 170.17205
4.7981656 170.17089
4.800164 170.16972
4.8021624 170.16856
4.8041608 170.1674
4.8061592 170.16624
4.8081576 170.16508
4.810156 170.16392
4.8121544 170.16276
4.8141528 170.1616
4.8161512 170.16045
4.8181496 170.15929
4.820148 170.15814
4.8221464 170.15699
4.8241448 170.15584
4.8261432 170.15469
4.8281416 170.15354
4.83014 170.15239
4.8321384 170.15125
4.8341368 170.1501
4.8361352 170.14896
4.8381336 170.14781
4.840132 170.14667
4.8421304 170.14553
4.8441288 170.14439
4.8461272 170.14325
4.8481256 170.14212
4.850124 170.14098
4.8521224 170.13984
4.8541208 170.13871
4.8561192 170.13758
4.8581176 170.13644
4.860116 170.13531
4.8621144 170.13418
4.8641128 170.13305
4.8661112 170.13193
4.8681096 170.1308
4.870108 170.12967
4.8721064 170.12855
4.8741048 170.12743
4.8761032 170.1263
4.8781016 170.12518
4.8801 170.12406
4.8820984 170.12294
4.8840968 170.12183
4.8860952 170.12071
4.8880936 170.11959
4.890092 170.11848
4.8920904 170.11736
4.8940888 170.11625
4.8960872 170.11514
4.8980856 170.11403
4.900084 170.11292
4.9020824 170.11181
4.9040808 170.1107
4.9060792 170.1096
4.9080776 170.10849
4.910076 170.10739
4.9120744 170.10628
4.9140728 170.10518
4.9160712 170.10408
4.9180696 170.10298
4.920068 170.10188
4.9220664 170.10078
4.9240648 170.09969
4.9260632 170.09859
4.9280616 170.0975
4.93006 170.0964
4.9320584 170.09531
4.9340568 170.09422
4.9360552 170.09313
4.9380536 170.09204
4.940052 170.09095
4.9420504 170.08986
4.9440488 170.08877
4.9460472 170.08769
4.9480456 170.0866
4.950044 170.08552
4.9520424 170.08444
4.9540408 170.08336
4.9560392 170.08228
4.9580376 170.0812
4.960036 170.08012
4.9620344 170.07904
4.9640328 170.07796
4.9660312 170.07689
4.9680296 170.07581
4.970028 170.07474
4.9720264 170.07367
4.9740248 170.0726
4.9760232 170.07153
4.9780216 170.07046
4.98002 170.06939
4.9820184 170.06832
4.9840168 170.06725
4.9860152 170.06619
4.9880136 170.06512
4.990012 170.06406
4.9920104 170.063
4.9940088 170.06194
4.9960072 170.06088
4.9980056 170.05982
5.000004 170.05876
5.0020024 170.0577
5.0040008 170.05664
5.0059992 170.05559
5.0079976 170.05453
5.009996 170.05348
5.0119944 170.05243
5.0139928 170.05138
5.0159912 170.05033
5.0179896 170.04928
5.019988 170.04823
5.0219864 170.04718
5.0239848 170.04613
5.0259832 170.04509
5.0279816 170.04404
5.02998 170.043
5.0319784 170.04196
5.0339768 170.04091
5.0359752 170.03987
5.0379736 170.03883
5.039972 170.03779
5.0419704 170.03676
5.0439688 170.03572
5.0459672 170.03468
5.0479656 170.03365
5.049964 170.03261
5.0519624 170.03158
5.0539608 170.03055
5.0559592 170.02952
5.0579576 170.02849
5.059956 170.02746
5.0619544 170.02643
5.0639528 170.0254
5.0659512 170.02437
5.0679496 170.02335
5.069948 170.02232
5.0719464 170.0213
5.0739448 170.02028
5.0759432 170.01926
5.0779416 170.01823
5.07994 170.01721
5.0819384 170.0162
5.0839368 170.01518
5.0859352 170.01416
5.0879336 170.01314
5.089932 170.01213
5.0919304 170.01111
5.0939288 170.0101
5.0959272 170.00909
5.0979256 170.00808
5.099924 170.00707
5.1019224 170.00606
5.1039208 170.00505
5.1059192 170.00404
5.1079176 170.00303
5.109916 170.00203
5.1119144 170.00102
5.1139128 170.00002
5.1159112 169.99901
5.1179096 169.99801
5.119908 169.99701
5.1219064 169.99601
5.1239048 169.99501
5.1259032 169.99401
5.1279016 169.99301
5.1299 169.99201
5.1318984 169.99102
5.1338968 169.99002
5.1358952 169.98903
5.1378936 169.98803
5.139892 169.98704
5.1418904 169.98605
5.1438888 169.98506
5.1458872 169.98407
5.1478856 169.98308
5.149884 169.98209
5.1518824 169.98111
5.1538808 169.98012
5.1558792 169.97913
5.1578776 169.97815
5.159876 169.97717
5.1618744 169.97618
5.1638728 169.9752
5.1658712 169.97422
5.1678696 169.97324
5.169868 169.97226
5.1718664 169.97128
5.1738648 169.97031
5.1758632 169.96933
5.1778616 169.96835
5.17986 169.96738
5.1818584 169.9664
5.1838568 169.96543
5.1858552 169.96446
5.1878536 169.96349
5.189852 169.96252
5.1918504 169.96155
5.1938488 169.96058
5.1958472 169.95961
5.1978456 169.95864
5.199844 169.95768
5.2018424 169.95671
5.2038408 169.95575
5.2058392 169.95479
5.2078376 169.95382
5.209836 169.95286
5.2118344 169.9519
5.2138328 169.95094
5.2158312 169.94998
5.2178296 169.94902
5.219828 169.94806
5.2218264 169.94711
5.2238248 169.94615
5.2258232 169.9452
5.2278216 169.94424
5.22982 169.94329
5.2318184 169.94234
5.2338168 169.94139
5.2358152 169.94044
5.2378136 169.93949
5.239812 169.93854
5.2418104 169.93759
5.2438088 169.93664
5.2458072 169.93569
5.2478056 169.93475
5.249804 169.9338
5.2518024 169.93286
5.2538008 169.93192
5.2557992 169.93097
5.2577976 169.93003
5.259796 169.92909
5.2617944 169.92815
5.2637928 169.92721
5.2657912 169.92627
5.2677896 169.92534
5.269788 169.9244
5.2717864 169.92347
5.2737848 169.92253
5.2757832 169.9216
5.2777816 169.92066
5.27978 169.91973
5.2817784 169.9188
5.2837768 169.91787
5.2857752 169.91694
5.2877736 169.91601
5.289772 169.91508
5.2917704 169.91415
5.2937688 169.91323
5.2957672 169.9123
5.2977656 169.91138
5.299764 169.91045
5.3017624 169.90953
5.3037608 169.90861
5.3057592 169.90768
5.3077576 169.90676
5.309756 169.90584
5.3117544 169.90492
5.3137528 169.904
5.3157512 169.90309
5.3177495 169.90217
5.3197479 169.90125
5.3217463 169.90034
5.3237447 169.89942
5.3257431 169.89851
5.3277415 169.8976
5.3297399 169.89668
5.3317383 169.89577
5.3337367 169.89486
5.3357351 169.89395
5.3377335 169.89304
5.3397319 169.89213
5.3417303 169.89123
5.3437287 169.89032
5.3457271 169.88941
5.3477255 169.88851
5.3497239 169.8876
5.3517223 169.8867
5.3537207 169.8858
5.3557191 169.8849
5.3577175 169.88399
5.3597159 169.88309
5.3617143 169.88219
5.3637127 169.8813
5.3657111 169.8804
5.3677095 169.8795
5.3697079 169.8786
5.3717063 169.87771
5.3737047 169.87681
5.3757031 169.87592
5.3777015 169.87503
5.3796999 169.87413
5.3816983 169.87324
5.3836967 169.87235
5.3856951 169.87146
5.3876935 169.87057
5.3896919 169.86968
5.3916903 169.86879
5.3936887 169.86791
5.3956871 169.86702
5.3976855 169.86613
5.3996839 169.86525
5.4016823 169.86436
5.4036807 169.86348
5.4056791 169.8626
5.4076775 169.86172
5.4096759 169.86083
5.4116743 169.85995
5.4136727 169.85907
5.4156711 169.85819
5.4176695 169.85732
5.4196679 169.85644
5.4216663 169.85556
5.4236647 169.85469
5.4256631 169.85381
5.4276615 169.85294
5.4296599 169.85206
5.4316583 169.85119
5.4336567 169.85032
5.4356551 169.84945
5.4376535 169.84857
5.4396519 169.8477
5.4416503 169.84684
5.4436487 169.84597
5.4456471 169.8451
5.4476455 169.84423
5.4496439 169.84337
5.4516423 169.8425
5.4536407 169.84164
5.4556391 169.84077
5.4576375 169.83991
5.4596359 169.83904
5.4616343 169.83818
5.4636327 169.83732
5.4656311 169.83646
5.4676295 169.8356
5.4696279 169.83474
5.4716263 169.83388
5.4736247 169.83303
5.4756231 169.83217
5.4776215 169.83131
5.4796199 169.83046
5.4816183 169.8296
5.4836167 169.82875
5.4856151 169.8279
5.4876135 169.82704
5.4896119 169.82619
5.4916103 169.82534
5.4936087 169.82449
5.4956071 169.82364
5.4976055 169.82279
5.4996039 169.82194
5.5016023 169.8211
5.5036007 169.82025
5.5055991 169.8194
5.5075975 169.81856
5.5095959 169.81771
5.5115943 169.81687
5.5135927 169.81603
5.5155911 169.81518
5.5175895 169.81434
5.5195879 169.8135
5.5215863 169.81266
5.5235847 169.81182
5.5255831 169.81098
5.5275815 169.81014
5.5295799 169.80931
5.5315783 169.80847
5.5335767 169.80763
5.5355751 169.8068
5.5375735 169.80596
5.5395719 169.80513
5.5415703 169.80429
5.5435687 169.80346
5.5455671 169.80263
5.5475655 169.8018
5.5495639 169.80097
5.5515623 169.80014
5.5535607 169.79931
5.5555591 169.79848
5.5575575 169.79765
5.5595559 169.79682
5.5615543 169.796
5.5635527 169.79517
5.5655511 169.79435
5.5675495 169.79352
5.5695479 169.7927
5.5715463 169.79188
5.5735447 169.79105
5.5755431 169.79023
5.5775415 169.78941
5.5795399 169.78859
5.5815383 169.78777
5.5835367 169.78695
5.5855351 169.78613
5.5875335 169.78532
5.5895319 169.7845
5.5915303 169.78368
5.5935287 169.78287
5.5955271 169.78205
5.5975255 169.78124
5.5995239 169.78042
5.6015223 169.77961
5.6035207 169.7788
5.6055191 169.77799
5.6075175 169.77718
5.6095159 169.77637
5.6115143 169.77556
5.6135127 169.77475
5.6155111 169.77394
5.6175095 169.77313
5.6195079 169.77232
5.6215063 169.77152
5.6235047 169.77071
5.6255031 169.76991
5.6275015 169.7691
5.6294999 169.7683
5.6314983 169.7675
5.6334967 169.76669
5.6354951 169.76589
5.6374935 169.76509
5.6394919 169.76429
5.6414903 169.76349
5.6434887 169.76269
5.6454871 169.76189
5.6474855 169.7611
5.6494839 169.7603
5.6514823 169.7595
5.6534807 169.75871
5.6554791 169.75791
5.6574775 169.75712
5.6594759 169.75632
5.6614743 169.75553
5.6634727 169.75474
5.6654711 169.75395
5.6674695 169.75316
5.6694679 169.75237
5.6714663 169.75158
5.6734647 169.75079
5.6754631 169.75
5.6774615 169.74921
5.6794599 169.74842
5.6814583 169.74764
5.6834567 169.74685
5.6854551 169.74606
5.6874535 169.74528
5.6894519 169.74449
5.6914503 169.74371
5.6934487 169.74293
5.6954471 169.74215
5.6974455 169.74136
5.6994439 169.74058
5.7014423 169.7398
5.7034407 169.73902
5.7054391 169.73824
5.7074375 169.73747
5.7094359 169.73669
5.7114343 169.73591
5.7134327 169.73513
5.7154311 169.73436
5.7174295 169.73358
5.7194279 169.73281
5.7214263 169.73203
5.7234247 169.73126
5.7254231 169.73049
5.7274215 169.72971
5.7294199 169.72894
5.7314183 169.72817
5.7334167 169.7274
5.7354151 169.72663
5.7374135 169.72586
5.7394119 169.72509
5.7414103 169.72433
5.7434087 169.72356
5.7454071 169.72279
5.7474055 169.72203
5.7494039 169.72126
5.7514023 169.7205
5.7534007 169.71973
5.7553991 169.71897
5.7573975 169.71821
5.7593959 169.71744
5.7613943 169.71668
5.7633927 169.71592
5.7653911 169.71516
5.7673895 169.7144
5.7693879 169.71364
5.7713863 169.71288
5.7733847 169.71212
5.7753831 169.71137
5.7773815 169.71061
5.7793799 169.70985
5.7813783 169.7091
5.7833767 169.70834
5.7853751 169.70759
5.7873735 169.70683
5.7893719 169.70608
5.7913703 169.70533
5.7933687 169.70458
5.7953671 169.70382
5.7973655 169.70307
5.7993639 169.70232
5.8013623 169.70157
5.8033607 169.70082
5.8053591 169.70008
5.8073575 169.69933
5.8093559 169.69858
5.8113543 169.69783
5.8133527 169.69709
5.8153511 169.69634
5.8173495 169.6956
5.8193479 169.69485
5.8213463 169.69411
5.8233447 169.69337
5.8253431 169.69262
5.8273415 169.69188
5.8293399 169.69114
5.8313383 169.6904
5.8333367 169.68966
5.8353351 169.68892
5.8373335 169.68818
5.8393319 169.68744
5.8413303 169.6867
5.8433287 169.68597
5.8453271 169.68523
5.8473255 169.68449
5.8493239 169.68376
5.8513223 169.68302
5.8533207 169.68229
5.8553191 169.68155
5.8573175 169.68082
5.8593159 169.68009
5.8613143 169.67936
5.8633127 169.67862
5.8653111 169.67789
5.8673095 169.67716
5.8693079 169.67643
5.8713063 169.6757
5.8733047 169.67497
5.8753031 169.67425
5.8773015 169.67352
5.8792999 169.67279
5.8812983 169.67207
5.8832967 169.67134
5.8852951 169.67061
5.8872935 169.66989
5.8892919 169.66917
5.8912903 169.66844
5.8932887 169.66772
5.8952871 169.667
5.8972855 169.66627
5.8992839 169.66555
5.9012823 169.66483
5.9032807 169.66411
5.9052791 169.66339
5.9072775 169.66267
5.9092759 169.66195
5.9112743 169.66124
5.9132727 169.66052
5.9152711 169.6598
5.9172695 169.65909
5.9192679 169.65837
5.9212663 169.65766
5.9232647 169.65694
5.9252631 169.65623
5.9272615 169.65551
5.9292599 169.6548
5.9312583 169.65409
5.9332567 169.65338
5.9352551 169.65266
5.9372535 169.65195
5.9392519 169.65124
5.9412503 169.65053
5.9432486 169.64982
5.945247 169.64912
5.9472454 169.64841
5.9492438 169.6477
5.9512422 169.64699
5.9532406 169.64629
5.955239 169.64558
5.9572374 169.64488
5.9592358 169.64417
5.9612342 169.64347
5.9632326 169.64276
5.965231 169.64206
5.9672294 169.64136
5.9692278 169.64066
5.9712262 169.63995
5.9732246 169.63925
5.975223 169.63855
5.9772214 169.63785
5.9792198 169.63715
5.9812182 169.63645
5.9832166 169.63576
5.985215 169.63506
5.9872134 169.63436
5.9892118 169.63366
5.9912102 169.63297
5.9932086 169.63227
5.995207 169.63158
5.9972054 169.63088
5.9992038 169.63019
6.0012022 169.6295
6.0032006 169.6288
6.005199 169.62811
6.0071974 169.62742
6.0091958 169.62673
6.0111942 169.62604
6.0131926 169.62535
6.015191 169.62466
6.0171894 169.62397
6.0191878 169.62328
6.0211862 169.62259
6.0231846 169.6219
6.025183 169.62122
6.0271814 169.62053
6.0291798 169.61984
6.0311782 169.61916
6.0331766 169.61847
6.035175 169.61779
6.0371734 169.6171
6.0391718 169.61642
6.0411702 169.61574
6.0431686 169.61505
6.045167 169.61437
6.0471654 169.61369
6.0491638 169.61301
6.0511622 169.61233
6.0531606 169.61165
6.055159 169.61097
6.0571574 169.61029
6.0591558 169.60961
6.0611542 169.60894
6.0631526 169.60826
6.065151 169.60758
6.0671494 169.60691
6.0691478 169.60623
6.0711462 169.60555
6.0731446 169.60488
6.075143 169.60421
6.0771414 169.60353
6.0791398 169.60286
6.0811382 169.60219
6.0831366 169.60151
6.085135 169.60084
6.0871334 169.60017
6.0891318 169.5995
6.0911302 169.59883
6.0931286 169.59816
6.095127 169.59749
6.0971254 169.59682
6.0991238 169.59615
6.1011222 169.59549
6.1031206 169.59482
6.105119 169.59415
6.1071174 169.59349
6.1091158 169.59282
6.1111142 169.59216
6.1131126 169.59149
6.115111 169.59083
6.1171094 169.59016
6.1191078 169.5895
6.1211062 169.58884
6.1231046 169.58818
6.125103 169.58751
6.1271014 169.58685
6.1290998 169.58619
6.1310982 169.58553
6.1330966 169.58487
6.135095 169.58421
6.1370934 169.58355
6.1390918 169.5829
6.1410902 169.58224
6.1430886 169.58158
6.145087 169.58092
6.1470854 169.58027
6.1490838 169.57961
6.1510822 169.57896
6.1530806 169.5783
6.155079 169.57765
6.1570774 169.57699
6.1590758 169.57634
6.1610742 169.57569
6.1630726 169.57504
6.165071 169.57438
6.1670694 169.57373
6.1690678 169.57308
6.1710662 169.57243
6.1730646 169.57178
6.175063 169.57113
6.1770614 169.57048
6.1790598 169.56983
6.1810582 169.56919
6.1830566 169.56854
6.185055 169.56789
6.1870534 169.56724
6.1890518 169.5666
6.1910502 169.56595
6.1930486 169.56531
6.195047 169.56466
6.1970454 169.56402
6.1990438 169.56338
6.2010422 169.56273
6.2030406 169.56209
6.205039 169.56145
6.2070374 169.56081
6.2090358 169.56016
6.2110342 169.55952
6.2130326 169.55888
6.215031 169.55824
6.2170294 169.5576
6.2190278 169.55696
6.2210262 169.55633
6.2230246 169.55569
6.225023 169.55505
6.2270214 169.55441
6.2290198 169.55378
6.2310182 169.55314
6.2330166 169.5525
6.235015 169.55187
6.2370134 169.55123
6.2390118 169.5506
6.2410102 169.54997
6.2430086 169.54933
6.245007 169.5487
6.2470054 169.54807
6.2490038 169.54744
6.2510022 169.5468
6.2530006 169.54617
6.254999 169.54554
6.2569974 169.54491
6.2589958 169.54428
6.2609942 169.54365
6.2629926 169.54302
6.264991 169.5424
6.2669894 169.54177
6.2689878 169.54114
6.2709862 169.54051
6.2729846 169.53989
6.274983 169.53926
6.2769814 169.53864
6.2789798 169.53801
6.2809782 169.53739
6.2829766 169.53676
6.284975 169.53614
6.2869734 169.53552
6.2889718 169.53489
6.2909702 169.53427
6.2929686 169.53365
6.294967 169.53303
6.2969654 169.53241
6.2989638 169.53179
6.3009622 169.53117
6.3029606 169.53055
6.304959 169.52993
6.3069574 169.52931
6.3089558 169.52869
6.3109542 169.52807
6.3129526 169.52745
6.314951 169.52684
6.3169494 169.52622
6.3189478 169.5256
6.3209462 169.52499
6.3229446 169.52437
6.324943 169.52376
6.3269414 169.52314
6.3289398 169.52253
6.3309382 169.52192
6.3329366 169.5213
6.334935 169.52069
6.3369334 169.52008
6.3389318 169.51947
6.3409302 169.51886
6.3429286 169.51825
6.344927 169.51764
6.3469254 169.51703
6.3489238 169.51642
6.3509222 169.51581
6.3529206 169.5152
6.354919 169.51459
6.3569174 169.51398
6.3589158 169.51338
6.3609142 169.51277
6.3629126 169.51216
6.364911 169.51156
6.3669094 169.51095
6.3689078 169.51035
6.3709062 169.50974
6.3729046 169.50914
6.374903 169.50853
6.3769014 169.50793
6.3788998 169.50733
6.3808982 169.50672
6.3828966 169.50612
6.384895 169.50552
6.3868934 169.50492
6.3888918 169.50432
6.3908902 169.50372
6.3928886 169.50312
6.394887 169.50252
6.3968854 169.50192
6.3988838 169.50132
6.4008822 169.50072
6.4028806 169.50013
6.404879 169.49953
6.4068774 169.49893
6.4088758 169.49833
6.4108742 169.49774
6.4128726 169.49714
6.414871 169.49655
6.4168694 169.49595
6.4188678 169.49536
6.4208662 169.49476
6.4228646 169.49417
6.424863 169.49358
6.4268614 169.49299
6.4288598 169.49239
6.4308582 169.4918
6.4328566 169.49121
6.434855 169.49062
6.4368534 169.49003
6.4388518 169.48944
6.4408502 169.48885
6.4428486 169.48826
6.444847 169.48767
6.4468454 169.48708
6.4488438 169.48649
6.4508422 169.48591
6.4528406 169.48532
6.454839 169.48473
6.4568374 169.48415
6.4588358 169.48356
6.4608342 169.48297
6.4628326 169.48239
6.464831 169.4818
6.4668294 169.48122
6.4688278 169.48064
6.4708262 169.48005
6.4728246 169.47947
6.474823 169.47889
6.4768214 169.4783
6.4788198 169.47772
6.4808182 169.47714
6.4828166 169.47656
6.484815 169.47598
6.4868134 169.4754
6.4888118 169.47482
6.4908102 169.47424
6.4928086 169.47366
6.494807 169.47308
6.4968054 169.4725
6.4988038 169.47193
6.5008022 169.47135
6.5028006 169.47077
6.504799 169.47019
6.5067974 169.46962
6.5087958 169.46904
6.5107942 169.46847
6.5127926 169.46789
6.514791 169.46732
6.5167894 169.46674
6.5187878 169.46617
6.5207862 169.4656
6.5227846 169.46502
6.524783 169.46445
6.5267814 169.46388
6.5287798 169.46331
6.5307782 169.46274
6.5327766 169.46216
6.534775 169.46159
6.5367734 169.46102
6.5387718 169.46045
6.5407702 169.45988
6.5427686 169.45932
6.544767 169.45875
6.5467654 169.45818
6.5487638 169.45761
6.5507622 169.45704
6.5527606 169.45648
6.554759 169.45591
6.5567574 169.45534
6.5587558 169.45478
6.5607542 169.45421
6.5627526 169.45365
6.564751 169.45308
6.5667493 169.45252
6.5687477 169.45195
6.5707461 169.45139
6.5727445 169.45083
6.5747429 169.45027
6.5767413 169.4497
6.5787397 169.44914
6.5807381 169.44858
6.5827365 169.44802
6.5847349 169.44746
6.5867333 169.4469
6.5887317 169.44634
6.5907301 169.44578
6.5927285 169.44522
6.5947269 169.44466
6.5967253 169.4441
6.5987237 169.44354
6.6007221 169.44299
6.6027205 169.44243
6.6047189 169.44187
6.6067173 169.44131
6.6087157 169.44076
6.6107141 169.4402
6.6127125 169.43965
6.6147109 169.43909
6.6167093 169.43854
6.6187077 169.43798
6.6207061 169.43743
6.6227045 169.43688
6.6247029 169.43632
6.6267013 169.43577
6.6286997 169.43522
6.6306981 169.43467
6.6326965 169.43411
6.6346949 169.43356
6.6366933 169.43301
6.6386917 169.43246
6.6406901 169.43191
6.6426885 169.43136
6.6446869 169.43081
6.6466853 169.43026
6.6486837 169.42972
6.6506821 169.42917
6.6526805 169.42862
6.6546789 169.42807
6.6566773 169.42753
6.6586757 169.42698
6.6606741 169.42643
6.6626725 169.42589
6.6646709 169.42534
6.6666693 169.4248
6.6686677 169.42425
6.6706661 169.42371
6.6726645 169.42316
6.6746629 169.42262
6.6766613 169.42208
6.6786597 169.42153
6.6806581 169.42099
6.6826565 169.42045
6.6846549 169.41991
6.6866533 169.41936
6.6886517 169.41882
6.6906501 169.41828
6.6926485 169.41774
6.6946469 169.4172
6.6966453 169.41666
6.6986437 169.41612
6.7006421 169.41558
6.7026405 169.41505
6.7046389 169.41451
6.7066373 169.41397
6.7086357 169.41343
6.7106341 169.4129
6.7126325 169.41236
6.7146309 169.41182
6.7166293 169.41129
6.7186277 169.41075
6.7206261 169.41022
6.7226245 169.40968
6.7246229 169.40915
6.7266213 169.40861
6.7286197 169.40808
6.7306181 169.40754
6.7326165 169.40701
6.7346149 169.40648
6.7366133 169.40595
6.7386117 169.40541
6.7406101 169.40488
6.7426085 169.40435
6.7446069 169.40382
6.7466053 169.40329
6.7486037 169.40276
6.7506021 169.40223
6.7526005 169.4017
6.7545989 169.40117
6.7565973 169.40064
6.7585957 169.40011
6.7605941 169.39959
6.7625925 169.39906
6.7645909 169.39853
6.7665893 169.398
6.7685877 169.39748
6.7705861 169.39695
6.7725845 169.39642
6.7745829 169.3959
6.7765813 169.39537
6.7785797 169.39485
6.7805781 169.39432
6.7825765 169.3938
6.7845749 169.39328
6.7865733 169.39275
6.7885717 169.39223
6.7905701 169.39171
6.7925685 169.39118
6.7945669 169.39066
6.7965653 169.39014
6.7985637 169.38962
6.8005621 169.3891
6.8025605 169.38858
6.8045589 169.38806
6.8065573 169.38754
6.8085557 169.38702
6.8105541 169.3865
6.8125525 169.38598
6.8145509 169.38546
6.8165493 169.38494
6.8185477 169.38442
6.8205461 169.38391
6.8225445 169.38339
6.8245429 169.38287
6.8265413 169.38236
6.8285397 169.38184
6.8305381 169.38132
6.8325365 169.38081
6.8345349 169.38029
6.8365333 169.37978
6.8385317 169.37926
6.8405301 169.37875
6.8425285 169.37823
6.8445269 169.37772
6.8465253 169.37721
6.8485237 169.3767
6.8505221 169.37618
6.8525205 169.37567
6.8545189 169.37516
6.8565173 169.37465
6.8585157 169.37414
6.8605141 169.37363
6.8625125 169.37312
6.8645109 169.37261
6.8665093 169.3721
6.8685077 169.37159
6.8705061 169.37108
6.8725045 169.37057
6.8745029 169.37006
6.8765013 169.36955
6.8784997 169.36904
6.8804981 169.36854
6.8824965 169.36803
6.8844949 169.36752
6.8864933 169.36702
6.8884917 169.36651
6.8904901 169.366
6.8924885 169.3655
6.8944869 169.36499
6.8964853 169.36449
6.8984837 169.36398
6.9004821 169.36348
6.9024805 169.36298
6.9044789 169.36247
6.9064773 169.36197
6.9084757 169.36147
6.9104741 169.36096
6.9124725 169.36046
6.9144709 169.35996
6.9164693 169.35946
6.9184677 169.35896
6.9204661 169.35846
6.9224645 169.35796
6.9244629 169.35746
6.9264613 169.35696
6.9284597 169.35646
6.9304581 169.35596
6.9324565 169.35546
6.9344549 169.35496
6.9364533 169.35446
6.9384517 169.35397
6.9404501 169.35347
6.9424485 169.35297
6.9444469 169.35247
6.9464453 169.35198
6.9484437 169.35148
6.9504421 169.35098
6.9524405 169.35049
6.9544389 169.34999
6.9564373 169.3495
6.9584357 169.349
6.9604341 169.34851
6.9624325 169.34802
6.9644309 169.34752
6.9664293 169.34703
6.9684277 169.34654
6.9704261 169.34604
6.9724245 169.34555
6.9744229 169.34506
6.9764213 169.34457
6.9784197 169.34408
6.9804181 169.34358
6.9824165 169.34309
6.9844149 169.3426
6.9864133 169.34211
6.9884117 169.34162
6.9904101 169.34113
6.9924085 169.34064
6.9944069 169.34016
6.9964053 169.33967
6.9984037 169.33918
7.0004021 169.33869
7.0024005 169.3382
7.0043989 169.33772
7.0063973 169.33723
7.0083957 169.33674
7.0103941 169.33626
7.0123925 169.33577
7.0143909 169.33528
7.0163893 169.3348
7.0183877 169.33431
7.0203861 169.33383
7.0223845 169.33334
7.0243829 169.33286
7.0263813 169.33238
7.0283797 169.33189
7.0303781 169.33141
7.0323765 169.33093
7.0343749 169.33044
7.0363733 169.32996
7.0383717 169.32948
7.0403701 169.329
7.0423685 169.32852
7.0443669 169.32804
7.0463653 169.32756
7.0483637 169.32708
7.0503621 169.3266
7.0523605 169.32612
7.0543589 169.32564
7.0563573 169.32516
7.0583557 169.32468
7.0603541 169.3242
7.0623525 169.32372
7.0643509 169.32324
7.0663493 169.32277
7.0683477 169.32229
7.0703461 169.32181
7.0723445 169.32133
7.0743429 169.32086
7.0763413 169.32038
7.0783397 169.31991
7.0803381 169.31943
7.0823365 169.31895
7.0843349 169.31848
7.0863333 169.31801
7.0883317 169.31753
7.0903301 169.31706
7.0923285 169.31658
7.0943269 169.31611
7.0963253 169.31564
7.0983237 169.31516
7.1003221 169.31469
7.1023205 169.31422
7.1043189 169.31375
7.1063173 169.31328
7.1083157 169.3128
7.1103141 169.31233
7.1123125 169.31186
7.1143109 169.31139
7.1163093 169.31092
7.1183077 169.31045
7.1203061 169.30998
7.1223045 169.30951
7.1243029 169.30904
7.1263013 169.30858
7.1282997 169.30811
7.1302981 169.30764
7.1322965 169.30717
7.1342949 169.3067
7.1362933 169.30624
7.1382917 169.30577
7.1402901 169.3053
7.1422885 169.30484
7.1442869 169.30437
7.1462853 169.30391
7.1482837 169.30344
7.1502821 169.30298
7.1522805 169.30251
7.1542789 169.30205
7.1562773 169.30158
7.1582757 169.30112
7.1602741 169.30065
7.1622725 169.30019
7.1642709 169.29973
7.1662693 169.29927
7.1682677 169.2988
7.1702661 169.29834
7.1722645 169.29788
7.1742629 169.29742
7.1762613 169.29696
7.1782597 169.2965
7.1802581 169.29603
7.1822565 169.29557
7.1842549 169.29511
7.1862533 169.29465
7.1882517 169.29419
7.1902501 169.29374
7.1922484 169.29328
7.1942468 169.29282
7.1962452 169.29236
7.1982436 169.2919
7.200242 169.29144
7.2022404 169.29099
7.2042388 169.29053
7.2062372 169.29007
7.2082356 169.28961
7.210234 169.28916
7.2122324 169.2887
7.2142308 169.28825
7.2162292 169.28779
7.2182276 169.28734
7.220226 169.28688
7.2222244 169.28643
7.2242228 169.28597
7.2262212 169.28552
7.2282196 169.28506
7.230218 169.28461
7.2322164 169.28416
7.2342148 169.2837
7.2362132 169.28325
7.2382116 169.2828
7.24021 169.28235
7.2422084 169.2819
7.2442068 169.28144
7.2462052 169.28099
7.2482036 169.28054
7.250202 169.28009
7.2522004 169.27964
7.2541988 169.27919
7.2561972 169.27874
7.2581956 169.27829
7.260194 169.27784
7.2621924 169.27739
7.2641908 169.27694
7.2661892 169.27649
7.2681876 169.27605
7.270186 169.2756
7.2721844 169.27515
7.2741828 169.2747
7.2761812 169.27426
7.2781796 169.27381
7.280178 169.27336
7.2821764 169.27292
7.2841748 169.27247
7.2861732 169.27203
7.2881716 169.27158
7.29017 169.27113
7.2921684 169.27069
7.2941668 169.27025
7.2961652 169.2698
7.2981636 169.26936
7.300162 169.26891
7.3021604 169.26847
7.3041588 169.26803
7.3061572 169.26758
7.3081556 169.26714
7.310154 169.2667
7.3121524 169.26626
7.3141508 169.26581
7.3161492 169.26537
7.3181476 169.26493
7.320146 169.26449
7.3221444 169.26405
7.3241428 169.26361
7.3261412 169.26317
7.3281396 169.26273
7.330138 169.26229
7.3321364 169.26185
7.3341348 169.26141
7.3361332 169.26097
7.3381316 169.26053
7.34013 169.26009
7.3421284 169.25966
7.3441268 169.25922
7.3461252 169.25878
7.3481236 169.25834
7.350122 169.25791
7.3521204 169.25747
7.3541188 169.25703
7.3561172 169.2566
7.3581156 169.25616
7.360114 169.25573
7.3621124 169.25529
7.3641108 169.25486
7.3661092 169.25442
7.3681076 169.25399
7.370106 169.25355
7.3721044 169.25312
7.3741028 169.25268
7.3761012 169.25225
7.3780996 169.25182
7.380098 169.25138
7.3820964 169.25095
7.3840948 169.25052
7.3860932 169.25009
7.3880916 169.24965
7.39009 169.24922
7.3920884 169.24879
7.3940868 169.24836
7.3960852 169.24793
7.3980836 169.2475
7.400082 169.24707
7.4020804 169.24664
7.4040788 169.24621
7.4060772 169.24578
7.4080756 169.24535
7.410074 169.24492
7.4120724 169.24449
7.4140708 169.24406
7.4160692 169.24363
7.4180676 169.24321
7.420066 169.24278
7.4220644 169.24235
7.4240628 169.24192
7.4260612 169.2415
7.4280596 169.24107
7.430058 169.24064
7.4320564 169.24022
7.4340548 169.23979
7.4360532 169.23937
7.4380516 169.23894
7.44005 169.23852
7.4420484 169.23809
7.4440468 169.23767
7.4460452 169.23724
7.4480436 169.23682
7.450042 169.23639
7.4520404 169.23597
7.4540388 169.23555
7.4560372 169.23512
7.4580356 169.2347
7.460034 169.23428
7.4620324 169.23386
7.4640308 169.23343
7.4660292 169.23301
7.4680276 169.23259
7.470026 169.23217
7.4720244 169.23175
7.4740228 169.23133
7.4760212 169.23091
7.4780196 169.23049
7.480018 169.23007
7.4820164 169.22965
7.4840148 169.22923
7.4860132 169.22881
7.4880116 169.22839
7.49001 169.22797
7.4920084 169.22755
7.4940068 169.22713
7.4960052 169.22671
7.4980036 169.2263
7.500002 169.22588
7.5020004 169.22546
7.5039988 169.22504
7.5059972 169.22463
7.5079956 169.22421
7.509994 169.22379
7.5119924 169.22338
7.5139908 169.22296
7.5159892 169.22255
7.5179876 169.22213
7.519986 169.22172
7.5219844 169.2213
7.5239828 169.22089
7.5259812 169.22047
7.5279796 169.22006
7.529978 169.21965
7.5319764 169.21923
7.5339748 169.21882
7.5359732 169.21841
7.5379716 169.21799
7.53997 169.21758
7.5419684 169.21717
7.5439668 169.21676
7.5459652 169.21634
7.5479636 169.21593
7.549962 169.21552
7.5519604 169.21511
7.5539588 169.2147
7.5559572 169.21429
7.5579556 169.21388
7.559954 169.21347
7.5619524 169.21306
7.5639508 169.21265
7.5659492 169.21224
7.5679476 169.21183
7.569946 169.21142
7.5719444 169.21101
7.5739428 169.2106
7.5759412 169.21019
7.5779396 169.20979
7.579938 169.20938
7.5819364 169.20897
7.5839348 169.20856
7.5859332 169.20816
7.5879316 169.20775
7.58993 169.20734
7.5919284 169.20694
7.5939268 169.20653
7.5959252 169.20613
7.5979236 169.20572
7.599922 169.20531
7.6019204 169.20491
7.6039188 169.20451
7.6059172 169.2041
7.6079156 169.2037
7.609914 169.20329
7.6119124 169.20289
7.6139108 169.20248
7.6159092 169.20208
7.6179076 169.20168
7.619906 169.20127
7.6219044 169.20087
7.6239028 169.20047
7.6259012 169.20007
7.6278996 169.19967
7.629898 169.19926
7.6318964 169.19886
7.6338948 169.19846
7.6358932 169.19806
7.6378916 169.19766
7.63989 169.19726
7.6418884 169.19686
7.6438868 169.19646
7.6458852 169.19606
7.6478836 169.19566
7.649882 169.19526
7.6518804 169.19486
7.6538788 169.19446
7.6558772 169.19406
7.6578756 169.19366
7.659874 169.19327
7.6618724 169.19287
7.6638708 169.19247
7.6658692 169.19207
7.6678676 169.19168
7.669866 169.19128
7.6718644 169.19088
7.6738628 169.19048
7.6758612 169.19009
7.6778596 169.18969
7.679858 169.1893
7.6818564 169.1889
7.6838548 169.18851
7.6858532 169.18811
7.6878516 169.18772
7.68985 169.18732
7.6918484 169.18693
7.6938468 169.18653
7.6958452 169.18614
7.6978436 169.18574
7.699842 169.18535
7.7018404 169.18496
7.7038388 169.18456
7.7058372 169.18417
7.7078356 169.18378
7.709834 169.18339
7.7118324 169.18299
7.7138308 169.1826
7.7158292 169.18221
7.7178276 169.18182
7.719826 169.18143
7.7218244 169.18104
7.7238228 169.18064
7.7258212 169.18025
7.7278196 169.17986
7.729818 169.17947
7.7318164 169.17908
7.7338148 169.17869
7.7358132 169.1783
7.7378116 169.17792
7.73981 169.17753
7.7418084 169.17714
7.7438068 169.17675
7.7458052 169.17636
7.7478036 169.17597
7.749802 169.17558
7.7518004 169.1752
7.7537988 169.17481
7.7557972 169.17442
7.7577956 169.17404
7.759794 169.17365
7.7617924 169.17326
7.7637908 169.17288
7.7657892 169.17249
7.7677876 169.1721
7.769786 169.17172
7.7717844 169.17133
7.7737828 169.17095
7.7757812 169.17056
7.7777796 169.17018
7.779778 169.16979
7.7817764 169.16941
7.7837748 169.16902
7.7857732 169.16864
7.7877716 169.16826
7.78977 169.16787
7.7917684 169.16749
7.7937668 169.16711
7.7957652 169.16672
7.7977636 169.16634
7.799762 169.16596
7.8017604 169.16558
7.8037588 169.16519
7.8057572 169.16481
7.8077556 169.16443
7.809754 169.16405
7.8117524 169.16367
7.8137508 169.16329
7.8157491 169.16291
7.8177475 169.16253
7.8197459 169.16215
7.8217443 169.16177
7.8237427 169.16139
7.8257411 169.16101
7.8277395 169.16063
7.8297379 169.16025
7.8317363 169.15987
7.8337347 169.15949
7.8357331 169.15911
7.8377315 169.15874
7.8397299 169.15836
7.8417283 169.15798
7.8437267 169.1576
7.8457251 169.15722
7.8477235 169.15685
7.8497219 169.15647
7.8517203 169.15609
7.8537187 169.15572
7.8557171 169.15534
7.8577155 169.15497
7.8597139 169.15459
7.8617123 169.15421
7.8637107 169.15384
7.8657091 169.15346
7.8677075 169.15309
7.8697059 169.15271
7.8717043 169.15234
7.8737027 169.15196
7.8757011 169.15159
7.8776995 169.15122
7.8796979 169.15084
7.8816963 169.15047
7.8836947 169.1501
7.8856931 169.14972
7.8876915 169.14935
7.8896899 169.14898
7.8916883 169.1486
7.8936867 169.14823
7.8956851 169.14786
7.8976835 169.14749
7.8996819 169.14712
7.9016803 169.14675
7.9036787 169.14637
7.9056771 169.146
7.9076755 169.14563
7.9096739 169.14526
7.9116723 169.14489
7.9136707 169.14452
7.9156691 169.14415
7.9176675 169.14378
7.9196659 169.14341
7.9216643 169.14304
7.9236627 169.14267
7.9256611 169.14231
7.9276595 169.14194
7.9296579 169.14157
7.9316563 169.1412
7.9336547 169.14083
7.9356531 169.14046
7.9376515 169.1401
7.9396499 169.13973
7.9416483 169.13936
7.9436467 169.13899
7.9456451 169.13863
7.9476435 169.13826
7.9496419 169.13789
7.9516403 169.13753
7.9536387 169.13716
7.9556371 169.1368
7.9576355 169.13643
7.9596339 169.13607
7.9616323 169.1357
7.9636307 169.13534
7.9656291 169.13497
7.9676275 169.13461
7.9696259 169.13424
7.9716243 169.13388
7.9736227 169.13351
7.9756211 169.13315
7.9776195 169.13279
7.9796179 169.13242
7.9816163 169.13206
7.9836147 169.1317
7.9856131 169.13133
7.9876115 169.13097
7.9896099 169.13061
7.9916083 169.13025
7.9936067 169.12989
7.9956051 169.12952
7.9976035 169.12916
7.9996019 169.1288
8.0016003 169.12844
8.0035987 169.12808
8.0055971 169.12772
8.0075955 169.12736
8.0095939 169.127
8.0115923 169.12664
8.0135907 169.12628
8.0155891 169.12592
8.0175875 169.12556
8.0195859 169.1252
8.0215843 169.12484
8.0235827 169.12448
8.0255811 169.12412
8.0275795 169.12376
8.0295779 169.12341
8.0315763 169.12305
8.0335747 169.12269
8.0355731 169.12233
8.0375715 169.12197
8.0395699 169.12162
8.0415683 169.12126
8.0435667 169.1209
8.0455651 169.12055
8.0475635 169.12019
8.0495619 169.11983
8.0515603 169.11948
8.0535587 169.11912
8.0555571 169.11877
8.0575555 169.11841
8.0595539 169.11806
8.0615523 169.1177
8.0635507 169.11735
8.0655491 169.11699
8.0675475 169.11664
8.0695459 169.11628
8.0715443 169.11593
8.0735427 169.11557
8.0755411 169.11522
8.0775395 169.11487
8.0795379 169.11451
8.0815363 169.11416
8.0835347 169.11381
8.0855331 169.11345
8.0875315 169.1131
8.0895299 169.11275
8.0915283 169.1124
8.0935267 169.11205
8.0955251 169.11169
8.0975235 169.11134
8.0995219 169.11099
8.1015203 169.11064
8.1035187 169.11029
8.1055171 169.10994
8.1075155 169.10959
8.1095139 169.10924
8.1115123 169.10889
8.1135107 169.10854
8.1155091 169.10819
8.1175075 169.10784
8.1195059 169.10749
8.1215043 169.10714
8.1235027 169.10679
8.1255011 169.10644
8.1274995 169.10609
8.1294979 169.10574
8.1314963 169.10539
8.1334947 169.10505
8.1354931 169.1047
8.1374915 169.10435
8.1394899 169.104
8.1414883 169.10366
8.1434867 169.10331
8.1454851 169.10296
8.1474835 169.10261
8.1494819 169.10227
8.1514803 169.10192
8.1534787 169.10158
8.1554771 169.10123
8.1574755 169.10088
8.1594739 169.10054
8.1614723 169.10019
8.1634707 169.09985
8.1654691 169.0995
8.1674675 169.09916
8.1694659 169.09881
8.1714643 169.09847
8.1734627 169.09812
8.1754611 169.09778
8.1774595 169.09744
8.1794579 169.09709
8.1814563 169.09675
8.1834547 169.0964
8.1854531 169.09606
8.1874515 169.09572
8.1894499 169.09538
8.1914483 169.09503
8.1934467 169.09469
8.1954451 169.09435
8.1974435 169.09401
8.1994419 169.09366
8.2014403 169.09332
8.2034387 169.09298
8.2054371 169.09264
8.2074355 169.0923
8.2094339 169.09196
8.2114323 169.09162
8.2134307 169.09128
8.2154291 169.09094
8.2174275 169.0906
8.2194259 169.09026
8.2214243 169.08992
8.2234227 169.08958
8.2254211 169.08924
8.2274195 169.0889
8.2294179 169.08856
8.2314163 169.08822
8.2334147 169.08788
8.2354131 169.08754
8.2374115 169.0872
8.2394099 169.08687
8.2414083 169.08653
8.2434067 169.08619
8.2454051 169.08585
8.2474035 169.08551
8.2494019 169.08518
8.2514003 169.08484
8.2533987 169.0845
8.2553971 169.08417
8.2573955 169.08383
8.2593939 169.08349
8.2613923 169.08316
8.2633907 169.08282
8.2653891 169.08248
8.2673875 169.08215
8.2693859 169.08181
8.2713843 169.08148
8.2733827 169.08114
8.2753811 169.08081
8.2773795 169.08047
8.2793779 169.08014
8.2813763 169.0798
8.2833747 169.07947
8.2853731 169.07914
8.2873715 169.0788
8.2893699 169.07847
8.2913683 169.07814
8.2933667 169.0778
8.2953651 169.07747
8.2973635 169.07714
8.2993619 169.0768
8.3013603 169.07647
8.3033587 169.07614
8.3053571 169.07581
8.3073555 169.07547
8.3093539 169.07514
8.3113523 169.07481
8.3133507 169.07448
8.3153491 169.07415
8.3173475 169.07382
8.3193459 169.07349
8.3213443 169.07315
8.3233427 169.07282
8.3253411 169.07249
8.3273395 169.07216
8.3293379 169.07183
8.3313363 169.0715
8.3333347 169.07117
8.3353331 169.07084
8.3373315 169.07051
8.3393299 169.07018
8.3413283 169.06986
8.3433267 169.06953
8.3453251 169.0692
8.3473235 169.06887
8.3493219 169.06854
8.3513203 169.06821
8.3533187 169.06788
8.3553171 169.06756
8.3573155 169.06723
8.3593139 169.0669
8.3613123 169.06657
8.3633107 169.06625
8.3653091 169.06592
8.3673075 169.06559
8.3693059 169.06527
8.3713043 169.06494
8.3733027 169.06461
8.3753011 169.06429
8.3772995 169.06396
8.3792979 169.06364
8.3812963 169.06331
8.3832947 169.06299
8.3852931 169.06266
8.3872915 169.06234
8.3892899 169.06201
8.3912883 169.06169
8.3932867 169.06136
8.3952851 169.06104
8.3972835 169.06071
8.3992819 169.06039
8.4012803 169.06006
8.4032787 169.05974
8.4052771 169.05942
8.4072755 169.05909
8.4092739 169.05877
8.4112723 169.05845
8.4132707 169.05813
8.4152691 169.0578
8.4172675 169.05748
8.4192659 169.05716
8.4212643 169.05684
8.4232627 169.05651
8.4252611 169.05619
8.4272595 169.05587
8.4292579 169.05555
8.4312563 169.05523
8.4332547 169.05491
8.4352531 169.05459
8.4372515 169.05426
8.4392498 169.05394
8.4412482 169.05362
8.4432466 169.0533
8.445245 169.05298
8.4472434 169.05266
8.4492418 169.05234
8.4512402 169.05202
8.4532386 169.0517
8.455237 169.05138
8.4572354 169.05107
8.4592338 169.05075
8.4612322 169.05043
8.4632306 169.05011
8.465229 169.04979
8.4672274 169.04947
8.4692258 169.04915
8.4712242 169.04884
8.4732226 169.04852
8.475221 169.0482
8.4772194 169.04788
8.4792178 169.04757
8.4812162 169.04725
8.4832146 169.04693
8.485213 169.04662
8.4872114 169.0463
8.4892098 169.04598
8.4912082 169.04567
8.4932066 169.04535
8.495205 169.04503
8.4972034 169.04472
8.4992018 169.0444
8.5012002 169.04409
8.5031986 169.04377
8.505197 169.04346
8.5071954 169.04314
8.5091938 169.04283
8.5111922 169.04251
8.5131906 169.0422
8.515189 169.04188
8.5171874 169.04157
8.5191858 169.04126
8.5211842 169.04094
8.5231826 169.04063
8.525181 169.04032
8.5271794 169.04
8.5291778 169.03969
8.5311762 169.03938
8.5331746 169.03906
8.535173 169.03875
8.5371714 169.03844
8.5391698 169.03813
8.5411682 169.03781
8.5431666 169.0375
8.545165 169.03719
8.5471634 169.03688
8.5491618 169.03657
8.5511602 169.03626
8.5531586 169.03594
8.555157 169.03563
8.5571554 169.03532
8.5591538 169.03501
8.5611522 169.0347
8.5631506 169.03439
8.565149 169.03408
8.5671474 169.03377
8.5691458 169.03346
8.5711442 169.03315
8.5731426 169.03284
8.575141 169.03253
8.5771394 169.03222
8.5791378 169.03191
8.5811362 169.0316
8.5831346 169.0313
8.585133 169.03099
8.5871314 169.03068
8.5891298 169.03037
8.5911282 169.03006
8.5931266 169.02975
8.595125 169.02945
8.5971234 169.02914
8.5991218 169.02883
8.6011202 169.02852
8.6031186 169.02822
8.605117 169.02791
8.6071154 169.0276
8.6091138 169.0273
8.6111122 169.02699
8.6131106 169.02668
8.615109 169.02638
8.6171074 169.02607
8.6191058 169.02576
8.6211042 169.02546
8.6231026 169.02515
8.625101 169.02485
8.6270994 169.02454
8.6290978 169.02424
8.6310962 169.02393
8.6330946 169.02363
8.635093 169.02332
8.6370914 169.02302
8.6390898 169.02271
8.6410882 169.02241
8.6430866 169.02211
8.645085 169.0218
8.6470834 169.0215
8.6490818 169.02119
8.6510802 169.02089
8.6530786 169.02059
8.655077 169.02028
8.6570754 169.01998
8.6590738 169.01968
8.6610722 169.01938
8.6630706 169.01907
8.665069 169.01877
8.6670674 169.01847
8.6690658 169.01817
8.6710642 169.01787
8.6730626 169.01756
8.675061 169.01726
8.6770594 169.01696
8.6790578 169.01666
8.6810562 169.01636
8.6830546 169.01606
8.685053 169.01576
8.6870514 169.01546
8.6890498 169.01516
8.6910482 169.01486
8.6930466 169.01456
8.695045 169.01426
8.6970434 169.01396
8.6990418 169.01366
8.7010402 169.01336
8.7030386 169.01306
8.705037 169.01276
8.7070354 169.01246
8.7090338 169.01216
8.7110322 169.01186
8.7130306 169.01156
8.715029 169.01126
8.7170274 169.01096
8.7190258 169.01067
8.7210242 169.01037
8.7230226 169.01007
8.725021 169.00977
8.7270194 169.00948
8.7290178 169.00918
8.7310162 169.00888
8.7330146 169.00858
8.735013 169.00829
8.7370114 169.00799
8.7390098 169.00769
8.7410082 169.0074
8.7430066 169.0071
8.745005 169.0068
8.7470034 169.00651
8.7490018 169.00621
8.7510002 169.00592
8.7529986 169.00562
8.754997 169.00533
8.7569954 169.00503
8.7589938 169.00473
8.7609922 169.00444
8.7629906 169.00414
8.764989 169.00385
8.7669874 169.00356
8.7689858 169.00326
8.7709842 169.00297
8.7729826 169.00267
8.774981 169.00238
8.7769794 169.00208
8.7789778 169.00179
8.7809762 169.0015
8.7829746 169.0012
8.784973 169.00091
8.7869714 169.00062
8.7889698 169.00032
8.7909682 169.00003
8.7929666 168.99974
8.794965 168.99945
8.7969634 168.99915
8.7989618 168.99886
8.8009602 168.99857
8.8029586 168.99828
8.804957 168.99799
8.8069554 168.99769
8.8089538 168.9974
8.8109522 168.99711
8.8129506 168.99682
8.814949 168.99653
8.8169474 168.99624
8.8189458 168.99595
8.8209442 168.99566
8.8229426 168.99537
8.824941 168.99508
8.8269394 168.99479
8.8289378 168.9945
8.8309362 168.99421
8.8329346 168.99392
8.834933 168.99363
8.8369314 168.99334
8.8389298 168.99305
8.8409282 168.99276
8.8429266 168.99247
8.844925 168.99218
8.8469234 168.99189
8.8489218 168.9916
8.8509202 168.99132
8.8529186 168.99103
8.854917 168.99074
8.8569154 168.99045
8.8589138 168.99016
8.8609122 168.98988
8.8629106 168.98959
8.864909 168.9893
8.8669074 168.98901
8.8689058 168.98873
8.8709042 168.98844
8.8729026 168.98815
8.874901 168.98787
8.8768994 168.98758
8.8788978 168.98729
8.8808962 168.98701
8.8828946 168.98672
8.884893 168.98643
8.8868914 168.98615
8.8888898 168.98586
8.8908882 168.98558
8.8928866 168.98529
8.894885 168.98501
8.8968834 168.98472
8.8988818 168.98444
8.9008802 168.98415
8.9028786 168.98387
8.904877 168.98358
8.9068754 168.9833
8.9088738 168.98301
8.9108722 168.98273
8.9128706 168.98245
8.914869 168.98216
8.9168674 168.98188
8.9188658 168.9816
8.9208642 168.98131
8.9228626 168.98103
8.924861 168.98075
8.9268594 168.98046
8.9288578 168.98018
8.9308562 168.9799
8.9328546 168.97961
8.934853 168.97933
8.9368514 168.97905
8.9388498 168.97877
8.9408482 168.97848
8.9428466 168.9782
8.944845 168.97792
8.9468434 168.97764
8.9488418 168.97736
8.9508402 168.97708
8.9528386 168.9768
8.954837 168.97651
8.9568354 168.97623
8.9588338 168.97595
8.9608322 168.97567
8.9628306 168.97539
8.964829 168.97511
8.9668274 168.97483
8.9688258 168.97455
8.9708242 168.97427
8.9728226 168.97399
8.974821 168.97371
8.9768194 168.97343
8.9788178 168.97315
8.9808162 168.97287
8.9828146 168.97259
8.984813 168.97232
8.9868114 168.97204
8.9888098 168.97176
8.9908082 168.97148
8.9928066 168.9712
8.994805 168.97092
8.9968034 168.97064
8.9988018 168.97037
9.0008002 168.97009
9.0027986 168.96981
9.004797 168.96953
9.0067954 168.96926
9.0087938 168.96898
9.0107922 168.9687
9.0127906 168.96842
9.014789 168.96815
9.0167874 168.96787
9.0187858 168.96759
9.0207842 168.96732
9.0227826 168.96704
9.024781 168.96676
9.0267794 168.96649
9.0287778 168.96621
9.0307762 168.96594
9.0327746 168.96566
9.034773 168.96539
9.0367714 168.96511
9.0387698 168.96483
9.0407682 168.96456
9.0427666 168.96428
9.044765 168.96401
9.0467634 168.96373
9.0487618 168.96346
9.0507602 168.96319
9.0527586 168.96291
9.054757 168.96264
9.0567554 168.96236
9.0587538 168.96209
9.0607522 168.96182
9.0627506 168.96154
9.0647489 168.96127
9.0667473 168.96099
9.0687457 168.96072
9.0707441 168.96045
9.0727425 168.96017
9.0747409 168.9599
9.0767393 168.95963
9.0787377 168.95936
9.0807361 168.95908
9.0827345 168.95881
9.0847329 168.95854
9.0867313 168.95827
9.0887297 168.958
9.0907281 168.95772
9.0927265 168.95745
9.0947249 168.95718
9.0967233 168.95691
9.0987217 168.95664
9.1007201 168.95637
9.1027185 168.9561
9.1047169 168.95582
9.1067153 168.95555
9.1087137 168.95528
9.1107121 168.95501
9.1127105 168.95474
9.1147089 168.95447
9.1167073 168.9542
9.1187057 168.95393
9.1207041 168.95366
9.1227025 168.95339
9.1247009 168.95312
9.1266993 168.95285
9.1286977 168.95258
9.1306961 168.95231
9.1326945 168.95205
9.1346929 168.95178
9.1366913 168.95151
9.1386897 168.95124
9.1406881 168.95097
9.1426865 168.9507
9.1446849 168.95043
9.1466833 168.95017
9.1486817 168.9499
9.1506801 168.94963
9.1526785 168.94936
9.1546769 168.94909
9.1566753 168.94883
9.1586737 168.94856
9.1606721 168.94829
9.1626705 168.94802
9.1646689 168.94776
9.1666673 168.94749
9.1686657 168.94722
9.1706641 168.94696
9.1726625 168.94669
9.1746609 168.94642
9.1766593 168.94616
9.1786577 168.94589
9.1806561 168.94563
9.1826545 168.94536
9.1846529 168.94509
9.1866513 168.94483
9.1886497 168.94456
9.1906481 168.9443
9.1926465 168.94403
9.1946449 168.94377
9.1966433 168.9435
9.1986417 168.94324
9.2006401 168.94297
9.2026385 168.94271
9.2046369 168.94244
9.2066353 168.94218
9.2086337 168.94192
9.2106321 168.94165
9.2126305 168.94139
9.2146289 168.94112
9.2166273 168.94086
9.2186257 168.9406
9.2206241 168.94033
9.2226225 168.94007
9.2246209 168.93981
9.2266193 168.93954
9.2286177 168.93928
9.2306161 168.93902
9.2326145 168.93876
9.2346129 168.93849
9.2366113 168.93823
9.2386097 168.93797
9.2406081 168.93771
9.2426065 168.93744
9.2446049 168.93718
9.2466033 168.93692
9.2486017 168.93666
9.2506001 168.9364
9.2525985 168.93614
9.2545969 168.93587
9.2565953 168.93561
9.2585937 168.93535
9.2605921 168.93509
9.2625905 168.93483
9.2645889 168.93457
9.2665873 168.93431
9.2685857 168.93405
9.2705841 168.93379
9.2725825 168.93353
9.2745809 168.93327
9.2765793 168.93301
9.2785777 168.93275
9.2805761 168.93249
9.2825745 168.93223
9.2845729 168.93197
9.2865713 168.93171
9.2885697 168.93145
9.2905681 168.93119
9.2925665 168.93093
9.2945649 168.93067
9.2965633 168.93041
9.2985617 168.93016
9.3005601 168.9299
9.3025585 168.92964
9.3045569 168.92938
9.3065553 168.92912
9.3085537 168.92887
9.3105521 168.92861
9.3125505 168.92835
9.3145489 168.92809
9.3165473 168.92783
9.3185457 168.92758
9.3205441 168.92732
9.3225425 168.92706
9.3245409 168.92681
9.3265393 168.92655
9.3285377 168.92629
9.3305361 168.92604
9.3325345 168.92578
9.3345329 168.92552
9.3365313 168.92527
9.3385297 168.92501
9.3405281 168.92475
9.3425265 168.9245
9.3445249 168.92424
9.3465233 168.92399
9.3485217 168.92373
9.3505201 168.92348
9.3525185 168.92322
9.3545169 168.92297
9.3565153 168.92271
9.3585137 168.92246
9.3605121 168.9222
9.3625105 168.92195
9.3645089 168.92169
9.3665073 168.92144
9.3685057 168.92118
9.3705041 168.92093
9.3725025 168.92067
9.3745009 168.92042
9.3764993 168.92017
9.3784977 168.91991
9.3804961 168.91966
9.3824945 168.91941
9.3844929 168.91915
9.3864913 168.9189
9.3884897 168.91865
9.3904881 168.91839
9.3924865 168.91814
9.3944849 168.91789
9.3964833 168.91763
9.3984817 168.91738
9.4004801 168.91713
9.4024785 168.91688
9.4044769 168.91662
9.4064753 168.91637
9.4084737 168.91612
9.4104721 168.91587
9.4124705 168.91562
9.4144689 168.91536
9.4164673 168.91511
9.4184657 168.91486
9.4204641 168.91461
9.4224625 168.91436
9.4244609 168.91411
9.4264593 168.91386
9.4284577 168.91361
9.4304561 168.91336
9.4324545 168.91311
9.4344529 168.91286
9.4364513 168.9126
9.4384497 168.91235
9.4404481 168.9121
9.4424465 168.91185
9.4444449 168.9116
9.4464433 168.91136
9.4484417 168.91111
9.4504401 168.91086
9.4524385 168.91061
9.4544369 168.91036
9.4564353 168.91011
9.4584337 168.90986
9.4604321 168.90961
9.4624305 168.90936
9.4644289 168.90911
9.4664273 168.90886
9.4684257 168.90862
9.4704241 168.90837
9.4724225 168.90812
9.4744209 168.90787
9.4764193 168.90762
9.4784177 168.90737
9.4804161 168.90713
9.4824145 168.90688
9.4844129 168.90663
9.4864113 168.90638
9.4884097 168.90614
9.4904081 168.90589
9.4924065 168.90564
9.4944049 168.9054
9.4964033 168.90515
9.4984017 168.9049
9.5004001 168.90466
9.5023985 168.90441
9.5043969 168.90416
9.5063953 168.90392
9.5083937 168.90367
9.5103921 168.90342
9.5123905 168.90318
9.5143889 168.90293
9.5163873 168.90269
9.5183857 168.90244
9.5203841 168.9022
9.5223825 168.90195
9.5243809 168.90171
9.5263793 168.90146
9.5283777 168.90121
9.5303761 168.90097
9.5323745 168.90073
9.5343729 168.90048
9.5363713 168.90024
9.5383697 168.89999
9.5403681 168.89975
9.5423665 168.8995
9.5443649 168.89926
9.5463633 168.89901
9.5483617 168.89877
9.5503601 168.89853
9.5523585 168.89828
9.5543569 168.89804
9.5563553 168.8978
9.5583537 168.89755
9.5603521 168.89731
9.5623505 168.89707
9.5643489 168.89682
9.5663473 168.89658
9.5683457 168.89634
9.5703441 168.8961
9.5723425 168.89585
9.5743409 168.89561
9.5763393 168.89537
9.5783377 168.89513
9.5803361 168.89488
9.5823345 168.89464
9.5843329 168.8944
9.5863313 168.89416
9.5883297 168.89392
9.5903281 168.89367
9.5923265 168.89343
9.5943249 168.89319
9.5963233 168.89295
9.5983217 168.89271
9.6003201 168.89247
9.6023185 168.89223
9.6043169 168.89199
9.6063153 168.89175
9.6083137 168.89151
9.6103121 168.89126
9.6123105 168.89102
9.6143089 168.89078
9.6163073 168.89054
9.6183057 168.8903
9.6203041 168.89006
9.6223025 168.88982
9.6243009 168.88958
9.6262993 168.88935
9.6282977 168.88911
9.6302961 168.88887
9.6322945 168.88863
9.6342929 168.88839
9.6362913 168.88815
9.6382897 168.88791
9.6402881 168.88767
9.6422865 168.88743
9.6442849 168.88719
9.6462833 168.88696
9.6482817 168.88672
9.6502801 168.88648
9.6522785 168.88624
9.6542769 168.886
9.6562753 168.88576
9.6582737 168.88553
9.6602721 168.88529
9.6622705 168.88505
9.6642689 168.88481
9.6662673 168.88458
9.6682657 168.88434
9.6702641 168.8841
9.6722625 168.88386
9.6742609 168.88363
9.6762593 168.88339
9.6782577 168.88315
9.6802561 168.88292
9.6822545 168.88268
9.6842529 168.88244
9.6862513 168.88221
9.6882496 168.88197
9.690248 168.88174
9.6922464 168.8815
9.6942448 168.88126
9.6962432 168.88103
9.6982416 168.88079
9.70024 168.88056
9.7022384 168.88032
9.7042368 168.88009
9.7062352 168.87985
9.7082336 168.87962
9.710232 168.87938
9.7122304 168.87915
9.7142288 168.87891
9.7162272 168.87868
9.7182256 168.87844
9.720224 168.87821
9.7222224 168.87797
9.7242208 168.87774
9.7262192 168.8775
9.7282176 168.87727
9.730216 168.87704
9.7322144 168.8768
9.7342128 168.87657
9.7362112 168.87633
9.7382096 168.8761
9.740208 168.87587
9.7422064 168.87563
9.7442048 168.8754
9.7462032 168.87517
9.7482016 168.87493
9.7502 168.8747
9.7521984 168.87447
9.7541968 168.87424
9.7561952 168.874
9.7581936 168.87377
9.760192 168.87354
9.7621904 168.87331
9.7641888 168.87307
9.7661872 168.87284
9.7681856 168.87261
9.770184 168.87238
9.7721824 168.87215
9.7741808 168.87191
9.7761792 168.87168
9.7781776 168.87145
9.780176 168.87122
9.7821744 168.87099
9.7841728 168.87076
9.7861712 168.87053
9.7881696 168.8703
9.790168 168.87007
9.7921664 168.86983
9.7941648 168.8696
9.7961632 168.86937
9.7981616 168.86914
9.80016 168.86891
9.8021584 168.86868
9.8041568 168.86845
9.8061552 168.86822
9.8081536 168.86799
9.810152 168.86776
9.8121504 168.86753
9.8141488 168.8673
9.8161472 168.86707
9.8181456 168.86684
9.820144 168.86661
9.8221424 168.86639
9.8241408 168.86616
9.8261392 168.86593
9.8281376 168.8657
9.830136 168.86547
9.8321344 168.86524
9.8341328 168.86501
9.8361312 168.86478
9.8381296 168.86456
9.840128 168.86433
9.8421264 168.8641
9.8441248 168.86387
9.8461232 168.86364
9.8481216 168.86342
9.85012 168.86319
9.8521184 168.86296
9.8541168 168.86273
9.8561152 168.8625
9.8581136 168.86228
9.860112 168.86205
9.8621104 168.86182
9.8641088 168.8616
9.8661072 168.86137
9.8681056 168.86114
9.870104 168.86092
9.8721024 168.86069
9.8741008 168.86046
9.8760992 168.86024
9.8780976 168.86001
9.880096 168.85978
9.8820944 168.85956
9.8840928 168.85933
9.8860912 168.8591
9.8880896 168.85888
9.890088 168.85865
9.8920864 168.85843
9.8940848 168.8582
9.8960832 168.85798
9.8980816 168.85775
9.90008 168.85753
9.9020784 168.8573
9.9040768 168.85708
9.9060752 168.85685
9.9080736 168.85663
9.910072 168.8564
9.9120704 168.85618
9.9140688 168.85595
9.9160672 168.85573
9.9180656 168.8555
9.920064 168.85528
9.9220624 168.85505
9.9240608 168.85483
9.9260592 168.85461
9.9280576 168.85438
9.930056 168.85416
9.9320544 168.85394
9.9340528 168.85371
9.9360512 168.85349
9.9380496 168.85327
9.940048 168.85304
9.9420464 168.85282
9.9440448 168.8526
9.9460432 168.85237
9.9480416 168.85215
9.95004 168.85193
9.9520384 168.8517
9.9540368 168.85148
9.9560352 168.85126
9.9580336 168.85104
9.960032 168.85081
9.9620304 168.85059
9.9640288 168.85037
9.9660272 168.85015
9.9680256 168.84993
9.970024 168.8497
9.9720224 168.84948
9.9740208 168.84926
9.9760192 168.84904
9.9780176 168.84882
9.980016 168.8486
9.9820144 168.84838
9.9840128 168.84815
9.9860112 168.84793
9.9880096 168.84771
9.990008 168.84749
9.9920064 168.84727
9.9940048 168.84705
9.9960032 168.84683
9.9980016 168.84661
10 168.84639

