0.01 24.730986
0.0119984 24.730986
0.013996799 24.730986
0.015995199 24.730986
0.017993599 24.730986
0.019991998 24.730986
0.021990398 24.730986
0.023988798 24.730986
0.025987197 24.730986
0.027985597 24.730986
0.029983997 24.730986
0.031982396 24.730986
0.033980796 24.730986
0.035979196 24.730986
0.037977596 24.730986
0.039975995 24.730986
0.041974395 24.730986
0.043972795 24.730986
0.045971194 24.730985
0.047969594 24.730985
0.049967994 24.730984
0.051966393 24.730983
0.053964793 24.730982
0.055963193 24.730981
0.057961592 24.73098
0.059959992 24.730978
0.061958392 24.730976
0.063956791 24.730974
0.065955191 24.730972
0.067953591 24.730969
0.06995199 24.730966
0.07195039 24.730962
0.07394879 24.730958
0.075947189 24.730954
0.077945589 24.730949
0.079943989 24.730944
0.081942388 24.730939
0.083940788 24.730933
0.085939188 24.730927
0.087937588 24.73092
0.089935987 24.730914
0.091934387 24.730907
0.093932787 24.7309
0.095931186 24.730893
0.097929586 24.730887
0.099927986 24.730881
0.10192639 24.730877
0.10392478 24.730874
0.10592318 24.730873
0.10792158 24.730876
0.10991998 24.730883
0.11191838 24.730897
0.11391678 24.730918
0.11591518 24.730949
0.11791358 24.730993
0.11991198 24.731053
0.12191038 24.731132
0.12390878 24.731237
0.12590718 24.731371
0.12790558 24.731541
0.12990398 24.731755
0.13190238 24.732021
0.13390078 24.732347
0.13589918 24.732746
0.13789758 24.733229
0.13989598 24.733809
0.14189438 24.734502
0.14389278 24.735324
0.14589118 24.736293
0.14788958 24.737429
0.14988798 24.738754
0.15188638 24.74029
0.15388478 24.742063
0.15588318 24.744099
0.15788158 24.746426
0.15987998 24.749074
0.16187838 24.752073
0.16387678 24.755456
0.16587518 24.759256
0.16787357 24.763506
0.16987197 24.76824
0.17187037 24.773493
0.17386877 24.779299
0.17586717 24.785692
0.17786557 24.792703
0.17986397 24.800363
0.18186237 24.8087
0.18386077 24.817741
0.18585917 24.827508
0.18785757 24.838019
0.18985597 24.849288
0.19185437 24.861324
0.19385277 24.87413
0.19585117 24.887702
0.19784957 24.90203
0.19984797 24.917095
0.20184637 24.932873
0.20384477 24.949328
0.20584317 24.966417
0.20784157 24.984089
0.20983997 25.002284
0.21183837 25.020932
0.21383677 25.039956
0.21583517 25.05927
0.21783357 25.078782
0.21983197 25.098394
0.22183037 25.118002
0.22382877 25.137497
0.22582717 25.156772
0.22782557 25.175717
0.22982396 25.194225
0.23182236 25.212192
0.23382076 25.229524
0.23581916 25.246134
0.23781756 25.261948
0.23981596 25.276906
0.24181436 25.290964
0.24381276 25.304097
0.24581116 25.316296
0.24780956 25.327572
0.24980796 25.33795
0.25180636 25.347471
0.25380476 25.356184
0.25580316 25.364142
0.25780156 25.371396
0.25979996 25.37799
0.26179836 25.383951
0.26379676 25.389288
0.26579516 25.393985
0.26779356 25.397999
0.26979196 25.401266
0.27179036 25.4037
0.27378876 25.405201
0.27578716 25.405665
0.27778556 25.404995
0.27978396 25.403111
0.28178236 25.399959
0.28378076 25.395525
0.28577916 25.389839
0.28777756 25.382982
0.28977596 25.375087
0.29177435 25.366341
0.29377275 25.356982
0.29577115 25.34729
0.29776955 25.337583
0.29976795 25.328199
0.30176635 25.319488
0.30376475 25.311789
0.30576315 25.305413
0.30776155 25.300629
0.30975995 25.297643
0.31175835 25.29659
0.31375675 25.297524
0.31575515 25.300423
0.31775355 25.305187
0.31975195 25.311653
0.32175035 25.319611
0.32374875 25.328811
0.32574715 25.338985
0.32774555 25.34986
0.32974395 25.361171
0.33174235 25.372673
0.33374075 25.38415
0.33573915 25.395424
0.33773755 25.40636
0.33973595 25.416861
0.34173435 25.426869
0.34373275 25.43636
0.34573115 25.44533
0.34772955 25.453791
0.34972795 25.461767
0.35172635 25.469281
0.35372474 25.476359
0.35572314 25.483019
0.35772154 25.489278
0.35971994 25.495148
0.36171834 25.500632
0.36371674 25.505733
0.36571514 25.510446
0.36771354 25.514765
0.36971194 25.518678
0.37171034 25.522174
0.37370874 25.52524
0.37570714 25.527859
0.37770554 25.530018
0.37970394 25.531702
0.38170234 25.532899
0.38370074 25.533596
0.38569914 25.533787
0.38769754 25.533465
0.38969594 25.53263
0.39169434 25.531286
0.39369274 25.529441
0.39569114 25.52711
0.39768954 25.524312
0.39968794 25.521074
0.40168634 25.517427
0.40368474 25.513407
0.40568314 25.509058
0.40768154 25.504424
0.40967994 25.499556
0.41167834 25.494507
0.41367674 25.489331
0.41567514 25.484083
0.41767353 25.47882
0.41967193 25.473595
0.42167033 25.468463
0.42366873 25.463474
0.42566713 25.458677
0.42766553 25.454119
0.42966393 25.449842
0.43166233 25.445888
0.43366073 25.442295
0.43565913 25.439099
0.43765753 25.436335
0.43965593 25.43404
0.44165433 25.432246
0.44365273 25.430989
0.44565113 25.430308
0.44764953 25.430243
0.44964793 25.430838
0.45164633 25.432142
0.45364473 25.434212
0.45564313 25.437111
0.45764153 25.44091
0.45963993 25.445693
0.46163833 25.451552
0.46363673 25.458593
0.46563513 25.466937
0.46763353 25.476719
0.46963193 25.488091
0.47163033 25.501222
0.47362873 25.516297
0.47562713 25.533521
0.47762553 25.553111
0.47962392 25.575302
0.48162232 25.600331
0.48362072 25.628442
0.48561912 25.659868
0.48761752 25.694819
0.48961592 25.733466
0.49161432 25.775917
0.49361272 25.822194
0.49561112 25.872202
0.49760952 25.925707
0.49960792 25.982315
0.50160632 26.041469
0.50360472 26.102463
0.50560312 26.164489
0.50760152 26.22672
0.50959992 26.288424
0.51159832 26.34911
0.51359672 26.408681
0.51559512 26.467577
0.51759352 26.52688
0.51959192 26.588346
0.52159032 26.654365
0.52358872 26.727807
0.52558712 26.81179
0.52758552 26.909377
0.52958392 27.023267
0.53158232 27.155543
0.53358072 27.307569
0.53557912 27.480105
0.53757752 27.673662
0.53957592 27.889126
0.54157431 28.128674
0.54357271 28.397162
0.54557111 28.70449
0.54756951 29.070189
0.54956791 29.533005
0.55156631 30.17118
0.55356471 31.144066
0.55556311 32.770532
0.55756151 35.650893
0.55955991 40.772154
0.56155831 49.347865
0.56355671 61.999543
0.56555511 77.572128
0.56755351 93.25886
0.56955191 106.55048
0.57155031 116.6039
0.57354871 123.83796
0.57554711 129.03706
0.57754551 132.8777
0.57954391 135.82865
0.58154231 138.18901
0.58354071 140.14512
0.58553911 141.8138
0.58753751 143.26988
0.58953591 144.56273
0.59153431 145.72601
0.59353271 146.78348
0.59553111 147.75245
0.59752951 148.64592
0.59952791 149.47392
0.60152631 150.24442
0.6035247 150.96384
0.6055231 151.63749
0.6075215 152.2698
0.6095199 152.86457
0.6115183 153.42505
0.6135167 153.95408
0.6155151 154.45415
0.6175135 154.92748
0.6195119 155.37602
0.6215103 155.80156
0.6235087 156.20568
0.6255071 156.58983
0.6275055 156.95534
0.6295039 157.30339
0.6315023 157.63511
0.6335007 157.95149
0.6354991 158.25348
0.6374975 158.54193
0.6394959 158.81764
0.6414943 159.08135
0.6434927 159.33374
0.6454911 159.57546
0.6474895 159.8071
0.6494879 160.02921
0.6514863 160.2423
0.6534847 160.44687
0.6554831 160.64335
0.6574815 160.83218
0.6594799 161.01374
0.6614783 161.18841
0.6634767 161.35654
0.6654751 161.51845
0.66747349 161.67445
0.66947189 161.82483
0.67147029 161.96986
0.67346869 162.1098
0.67546709 162.24488
0.67746549 162.37534
0.67946389 162.50138
0.68146229 162.62321
0.68346069 162.74102
0.68545909 162.85499
0.68745749 162.96529
0.68945589 163.07208
0.69145429 163.17551
0.69345269 163.27573
0.69545109 163.37287
0.69744949 163.46706
0.69944789 163.55843
0.70144629 163.64708
0.70344469 163.73314
0.70544309 163.8167
0.70744149 163.89786
0.70943989 163.97672
0.71143829 164.05337
0.71343669 164.12789
0.71543509 164.20036
0.71743349 164.27086
0.71943189 164.33946
0.72143029 164.40624
0.72342869 164.47126
0.72542709 164.53457
0.72742549 164.59626
0.72942388 164.65636
0.73142228 164.71493
0.73342068 164.77204
0.73541908 164.82772
0.73741748 164.88203
0.73941588 164.93501
0.74141428 164.98671
0.74341268 165.03716
0.74541108 165.08641
0.74740948 165.1345
0.74940788 165.18145
0.75140628 165.22732
0.75340468 165.27213
0.75540308 165.31591
0.75740148 165.3587
0.75939988 165.40053
0.76139828 165.44141
0.76339668 165.48139
0.76539508 165.52049
0.76739348 165.55873
0.76939188 165.59614
0.77139028 165.63274
0.77338868 165.66855
0.77538708 165.7036
0.77738548 165.73791
0.77938388 165.77149
0.78138228 165.80437
0.78338068 165.83657
0.78537908 165.8681
0.78737748 165.89899
0.78937588 165.92924
0.79137427 165.95887
0.79337267 165.98791
0.79537107 166.01636
0.79736947 166.04425
0.79936787 166.07158
0.80136627 166.09836
0.80336467 166.12462
0.80536307 166.15037
0.80736147 166.17561
0.80935987 166.20036
0.81135827 166.22464
0.81335667 166.24844
0.81535507 166.27179
0.81735347 166.2947
0.81935187 166.31717
0.82135027 166.33921
0.82334867 166.36085
0.82534707 166.38207
0.82734547 166.4029
0.82934387 166.42334
0.83134227 166.4434
0.83334067 166.46309
0.83533907 166.48242
0.83733747 166.5014
0.83933587 166.52003
0.84133427 166.53832
0.84333267 166.55628
0.84533107 166.57392
0.84732947 166.59123
0.84932787 166.60824
0.85132627 166.62494
0.85332466 166.64135
0.85532306 166.65746
0.85732146 166.67329
0.85931986 166.68884
0.86131826 166.70412
0.86331666 166.71913
0.86531506 166.73387
0.86731346 166.74836
0.86931186 166.7626
0.87131026 166.77659
0.87330866 166.79034
0.87530706 166.80385
0.87730546 166.81713
0.87930386 166.83018
0.88130226 166.84301
0.88330066 166.85562
0.88529906 166.86802
0.88729746 166.8802
0.88929586 166.89218
0.89129426 166.90396
0.89329266 166.91554
0.89529106 166.92692
0.89728946 166.93811
0.89928786 166.94912
0.90128626 166.95994
0.90328466 166.97058
0.90528306 166.98105
0.90728146 166.99134
0.90927986 167.00147
0.91127826 167.01142
0.91327666 167.02122
0.91527506 167.03085
0.91727345 167.04032
0.91927185 167.04964
0.92127025 167.05881
0.92326865 167.06782
0.92526705 167.0767
0.92726545 167.08542
0.92926385 167.09401
0.93126225 167.10246
0.93326065 167.11077
0.93525905 167.11895
0.93725745 167.12699
0.93925585 167.13491
0.94125425 167.1427
0.94325265 167.15037
0.94525105 167.15791
0.94724945 167.16534
0.94924785 167.17264
0.95124625 167.17983
0.95324465 167.18691
0.95524305 167.19387
0.95724145 167.20073
0.95923985 167.20748
0.96123825 167.21412
0.96323665 167.22065
0.96523505 167.22709
0.96723345 167.23342
0.96923185 167.23966
0.97123025 167.24579
0.97322865 167.25184
0.97522705 167.25778
0.97722545 167.26364
0.97922384 167.2694
0.98122224 167.27508
0.98322064 167.28067
0.98521904 167.28617
0.98721744 167.29158
0.98921584 167.29692
0.99121424 167.30217
0.99321264 167.30734
0.99521104 167.31243
0.99720944 167.31744
0.99920784 167.32238
1.0012062 167.32724
1.0032046 167.33203
1.005203 167.33674
1.0072014 167.34138
1.0091998 167.34595
1.0111982 167.35046
1.0131966 167.35489
1.015195 167.35925
1.0171934 167.36355
1.0191918 167.36779
1.0211902 167.37196
1.0231886 167.37607
1.025187 167.38011
1.0271854 167.3841
1.0291838 167.38802
1.0311822 167.39189
1.0331806 167.3957
1.035179 167.39945
1.0371774 167.40314
1.0391758 167.40678
1.0411742 167.41037
1.0431726 167.4139
1.045171 167.41738
1.0471694 167.4208
1.0491678 167.42418
1.0511662 167.4275
1.0531646 167.43078
1.055163 167.434
1.0571614 167.43718
1.0591598 167.44031
1.0611582 167.44339
1.0631566 167.44643
1.065155 167.44943
1.0671534 167.45237
1.0691518 167.45528
1.0711502 167.45814
1.0731486 167.46096
1.075147 167.46374
1.0771454 167.46648
1.0791438 167.46917
1.0811422 167.47183
1.0831406 167.47444
1.085139 167.47702
1.0871374 167.47956
1.0891358 167.48206
1.0911342 167.48453
1.0931326 167.48696
1.095131 167.48935
1.0971294 167.49171
1.0991278 167.49403
1.1011262 167.49632
1.1031246 167.49857
1.105123 167.5008
1.1071214 167.50298
1.1091198 167.50514
1.1111182 167.50727
1.1131166 167.50936
1.115115 167.51142
1.1171134 167.51345
1.1191118 167.51545
1.1211102 167.51743
1.1231086 167.51937
1.125107 167.52128
1.1271054 167.52317
1.1291038 167.52503
1.1311022 167.52686
1.1331006 167.52866
1.135099 167.53044
1.1370974 167.53219
1.1390958 167.53391
1.1410942 167.53561
1.1430926 167.53729
1.145091 167.53894
1.1470894 167.54056
1.1490878 167.54216
1.1510862 167.54374
1.1530846 167.54529
1.155083 167.54682
1.1570814 167.54833
1.1590798 167.54981
1.1610782 167.55128
1.1630766 167.55272
1.165075 167.55414
1.1670734 167.55553
1.1690718 167.55691
1.1710702 167.55827
1.1730686 167.5596
1.175067 167.56092
1.1770654 167.56222
1.1790638 167.5635
1.1810622 167.56475
1.1830606 167.56599
1.185059 167.56721
1.1870574 167.56841
1.1890558 167.5696
1.1910542 167.57076
1.1930526 167.57191
1.195051 167.57304
1.1970494 167.57416
1.1990478 167.57525
1.2010462 167.57633
1.2030446 167.5774
1.205043 167.57844
1.2070414 167.57947
1.2090398 167.58049
1.2110382 167.58149
1.2130366 167.58247
1.215035 167.58344
1.2170334 167.5844
1.2190318 167.58533
1.2210302 167.58626
1.2230286 167.58717
1.225027 167.58807
1.2270254 167.58895
1.2290238 167.58982
1.2310222 167.59067
1.2330206 167.59151
1.235019 167.59234
1.2370174 167.59316
1.2390158 167.59396
1.2410142 167.59475
1.2430126 167.59552
1.245011 167.59629
1.2470094 167.59704
1.2490078 167.59778
1.2510062 167.59851
1.2530046 167.59922
1.255003 167.59993
1.2570014 167.60062
1.2589998 167.6013
1.2609982 167.60198
1.2629966 167.60264
1.264995 167.60329
1.2669934 167.60392
1.2689918 167.60455
1.2709902 167.60517
1.2729886 167.60578
1.274987 167.60637
1.2769854 167.60696
1.2789838 167.60754
1.2809822 167.6081
1.2829806 167.60866
1.284979 167.60921
1.2869774 167.60975
1.2889758 167.61028
1.2909742 167.6108
1.2929726 167.61131
1.294971 167.61181
1.2969694 167.61231
1.2989678 167.61279
1.3009662 167.61327
1.3029646 167.61374
1.304963 167.6142
1.3069614 167.61465
1.3089598 167.61509
1.3109582 167.61553
1.3129566 167.61596
1.314955 167.61637
1.3169534 167.61679
1.3189518 167.61719
1.3209502 167.61759
1.3229486 167.61798
1.324947 167.61836
1.3269454 167.61873
1.3289438 167.6191
1.3309422 167.61946
1.3329406 167.61982
1.334939 167.62016
1.3369374 167.6205
1.3389358 167.62084
1.3409342 167.62116
1.3429326 167.62148
1.344931 167.6218
1.3469294 167.6221
1.3489278 167.6224
1.3509262 167.6227
1.3529246 167.62299
1.354923 167.62327
1.3569214 167.62355
1.3589198 167.62382
1.3609182 167.62408
1.3629166 167.62434
1.364915 167.6246
1.3669134 167.62484
1.3689118 167.62509
1.3709102 167.62532
1.3729086 167.62555
1.374907 167.62578
1.3769054 167.626
1.3789038 167.62622
1.3809022 167.62643
1.3829006 167.62663
1.384899 167.62683
1.3868974 167.62703
1.3888958 167.62722
1.3908942 167.62741
1.3928926 167.62759
1.394891 167.62776
1.3968894 167.62794
1.3988878 167.6281
1.4008862 167.62827
1.4028846 167.62842
1.404883 167.62858
1.4068814 167.62873
1.4088798 167.62887
1.4108782 167.62901
1.4128766 167.62915
1.414875 167.62928
1.4168734 167.62941
1.4188718 167.62953
1.4208702 167.62965
1.4228686 167.62977
1.424867 167.62988
1.4268654 167.62999
1.4288638 167.6301
1.4308622 167.6302
1.4328606 167.63029
1.434859 167.63039
1.4368574 167.63048
1.4388558 167.63057
1.4408542 167.63065
1.4428526 167.63073
1.444851 167.6308
1.4468494 167.63088
1.4488478 167.63095
1.4508462 167.63101
1.4528446 167.63107
1.454843 167.63113
1.4568414 167.63119
1.4588398 167.63124
1.4608382 167.63129
1.4628366 167.63134
1.464835 167.63138
1.4668334 167.63143
1.4688318 167.63146
1.4708302 167.6315
1.4728286 167.63153
1.474827 167.63156
1.4768254 167.63159
1.4788238 167.63161
1.4808222 167.63163
1.4828206 167.63165
1.484819 167.63166
1.4868174 167.63168
1.4888158 167.63169
1.4908142 167.63169
1.4928126 167.6317
1.494811 167.6317
1.4968094 167.6317
1.4988078 167.6317
1.5008062 167.6317
1.5028046 167.63169
1.504803 167.63168
1.5068014 167.63167
1.5087998 167.63165
1.5107982 167.63164
1.5127966 167.63162
1.514795 167.6316
1.5167934 167.63157
1.5187918 167.63155
1.5207902 167.63152
1.5227886 167.63149
1.524787 167.63146
1.5267854 167.63142
1.5287838 167.63139
1.5307822 167.63135
1.5327806 167.63131
1.534779 167.63127
1.5367774 167.63123
1.5387758 167.63118
1.5407742 167.63113
1.5427726 167.63108
1.544771 167.63103
1.5467694 167.63098
1.5487678 167.63092
1.5507662 167.63087
1.5527646 167.63081
1.554763 167.63075
1.5567614 167.63069
1.5587598 167.63062
1.5607582 167.63056
1.5627566 167.63049
1.564755 167.63042
1.5667534 167.63035
1.5687518 167.63028
1.5707502 167.63021
1.5727485 167.63013
1.5747469 167.63006
1.5767453 167.62998
1.5787437 167.6299
1.5807421 167.62982
1.5827405 167.62974
1.5847389 167.62965
1.5867373 167.62957
1.5887357 167.62948
1.5907341 167.62939
1.5927325 167.6293
1.5947309 167.62921
1.5967293 167.62912
1.5987277 167.62903
1.6007261 167.62893
1.6027245 167.62884
1.6047229 167.62874
1.6067213 167.62864
1.6087197 167.62854
1.6107181 167.62844
1.6127165 167.62834
1.6147149 167.62824
1.6167133 167.62813
1.6187117 167.62803
1.6207101 167.62792
1.6227085 167.62781
1.6247069 167.6277
1.6267053 167.62759
1.6287037 167.62748
1.6307021 167.62737
1.6327005 167.62726
1.6346989 167.62714
1.6366973 167.62703
1.6386957 167.62691
1.6406941 167.62679
1.6426925 167.62668
1.6446909 167.62656
1.6466893 167.62644
1.6486877 167.62631
1.6506861 167.62619
1.6526845 167.62607
1.6546829 167.62595
1.6566813 167.62582
1.6586797 167.6257
1.6606781 167.62557
1.6626765 167.62544
1.6646749 167.62531
1.6666733 167.62518
1.6686717 167.62505
1.6706701 167.62492
1.6726685 167.62479
1.6746669 167.62466
1.6766653 167.62453
1.6786637 167.62439
1.6806621 167.62426
1.6826605 167.62412
1.6846589 167.62399
1.6866573 167.62385
1.6886557 167.62371
1.6906541 167.62358
1.6926525 167.62344
1.6946509 167.6233
1.6966493 167.62316
1.6986477 167.62302
1.7006461 167.62287
1.7026445 167.62273
1.7046429 167.62259
1.7066413 167.62245
1.7086397 167.6223
1.7106381 167.62216
1.7126365 167.62201
1.7146349 167.62187
1.7166333 167.62172
1.7186317 167.62157
1.7206301 167.62142
1.7226285 167.62128
1.7246269 167.62113
1.7266253 167.62098
1.7286237 167.62083
1.7306221 167.62068
1.7326205 167.62053
1.7346189 167.62037
1.7366173 167.62022
1.7386157 167.62007
1.7406141 167.61992
1.7426125 167.61976
1.7446109 167.61961
1.7466093 167.61946
1.7486077 167.6193
1.7506061 167.61915
1.7526045 167.61899
1.7546029 167.61883
1.7566013 167.61868
1.7585997 167.61852
1.7605981 167.61836
1.7625965 167.6182
1.7645949 167.61805
1.7665933 167.61789
1.7685917 167.61773
1.7705901 167.61757
1.7725885 167.61741
1.7745869 167.61725
1.7765853 167.61709
1.7785837 167.61693
1.7805821 167.61677
1.7825805 167.6166
1.7845789 167.61644
1.7865773 167.61628
1.7885757 167.61612
1.7905741 167.61595
1.7925725 167.61579
1.7945709 167.61563
1.7965693 167.61546
1.7985677 167.6153
1.8005661 167.61513
1.8025645 167.61497
1.8045629 167.6148
1.8065613 167.61464
1.8085597 167.61447
1.8105581 167.61431
1.8125565 167.61414
1.8145549 167.61397
1.8165533 167.61381
1.8185517 167.61364
1.8205501 167.61347
1.8225485 167.61331
1.8245469 167.61314
1.8265453 167.61297
1.8285437 167.6128
1.8305421 167.61263
1.8325405 167.61246
1.8345389 167.6123
1.8365373 167.61213
1.8385357 167.61196
1.8405341 167.61179
1.8425325 167.61162
1.8445309 167.61145
1.8465293 167.61128
1.8485277 167.61111
1.8505261 167.61094
1.8525245 167.61077
1.8545229 167.6106
1.8565213 167.61043
1.8585197 167.61025
1.8605181 167.61008
1.8625165 167.60991
1.8645149 167.60974
1.8665133 167.60957
1.8685117 167.6094
1.8705101 167.60922
1.8725085 167.60905
1.8745069 167.60888
1.8765053 167.60871
1.8785037 167.60854
1.8805021 167.60836
1.8825005 167.60819
1.8844989 167.60802
1.8864973 167.60784
1.8884957 167.60767
1.8904941 167.6075
1.8924925 167.60732
1.8944909 167.60715
1.8964893 167.60698
1.8984877 167.6068
1.9004861 167.60663
1.9024845 167.60646
1.9044829 167.60628
1.9064813 167.60611
1.9084797 167.60593
1.9104781 167.60576
1.9124765 167.60559
1.9144749 167.60541
1.9164733 167.60524
1.9184717 167.60506
1.9204701 167.60489
1.9224685 167.60471
1.9244669 167.60454
1.9264653 167.60437
1.9284637 167.60419
1.9304621 167.60402
1.9324605 167.60384
1.9344589 167.60367
1.9364573 167.60349
1.9384557 167.60332
1.9404541 167.60314
1.9424525 167.60297
1.9444509 167.60279
1.9464493 167.60262
1.9484477 167.60244
1.9504461 167.60227
1.9524445 167.60209
1.9544429 167.60192
1.9564413 167.60174
1.9584397 167.60157
1.9604381 167.60139
1.9624365 167.60122
1.9644349 167.60104
1.9664333 167.60087
1.9684317 167.60069
1.9704301 167.60052
1.9724285 167.60034
1.9744269 167.60017
1.9764253 167.59999
1.9784237 167.59981
1.9804221 167.59964
1.9824205 167.59946
1.9844189 167.59929
1.9864173 167.59911
1.9884157 167.59894
1.9904141 167.59876
1.9924125 167.59859
1.9944109 167.59841
1.9964093 167.59824
1.9984077 167.59806
2.0004061 167.59789
2.0024045 167.59771
2.0044029 167.59754
2.0064013 167.59737
2.0083997 167.59719
2.0103981 167.59702
2.0123965 167.59684
2.0143949 167.59667
2.0163933 167.59649
2.0183917 167.59632
2.0203901 167.59614
2.0223885 167.59597
2.0243869 167.59579
2.0263853 167.59562
2.0283837 167.59545
2.0303821 167.59527
2.0323805 167.5951
2.0343789 167.59492
2.0363773 167.59475
2.0383757 167.59457
2.0403741 167.5944
2.0423725 167.59423
2.0443709 167.59405
2.0463693 167.59388
2.0483677 167.59371
2.0503661 167.59353
2.0523645 167.59336
2.0543629 167.59318
2.0563613 167.59301
2.0583597 167.59284
2.0603581 167.59266
2.0623565 167.59249
2.0643549 167.59232
2.0663533 167.59215
2.0683517 167.59197
2.0703501 167.5918
2.0723485 167.59163
2.0743469 167.59145
2.0763453 167.59128
2.0783437 167.59111
2.0803421 167.59094
2.0823405 167.59076
2.0843389 167.59059
2.0863373 167.59042
2.0883357 167.59025
2.0903341 167.59008
2.0923325 167.5899
2.0943309 167.58973
2.0963293 167.58956
2.0983277 167.58939
2.1003261 167.58922
2.1023245 167.58904
2.1043229 167.58887
2.1063213 167.5887
2.1083197 167.58853
2.1103181 167.58836
2.1123165 167.58819
2.1143149 167.58802
2.1163133 167.58785
2.1183117 167.58768
2.1203101 167.58751
2.1223085 167.58734
2.1243069 167.58717
2.1263053 167.587
2.1283037 167.58683
2.1303021 167.58666
2.1323005 167.58649
2.1342989 167.58632
2.1362973 167.58615
2.1382957 167.58598
2.1402941 167.58581
2.1422925 167.58564
2.1442909 167.58547
2.1462893 167.5853
2.1482877 167.58513
2.1502861 167.58496
2.1522845 167.58479
2.1542829 167.58462
2.1562813 167.58446
2.1582797 167.58429
2.1602781 167.58412
2.1622765 167.58395
2.1642749 167.58378
2.1662733 167.58362
2.1682717 167.58345
2.1702701 167.58328
2.1722685 167.58311
2.1742669 167.58295
2.1762653 167.58278
2.1782637 167.58261
2.1802621 167.58244
2.1822605 167.58228
2.1842589 167.58211
2.1862573 167.58194
2.1882557 167.58178
2.1902541 167.58161
2.1922525 167.58145
2.1942509 167.58128
2.1962492 167.58111
2.1982476 167.58095
2.200246 167.58078
2.2022444 167.58062
2.2042428 167.58045
2.2062412 167.58029
2.2082396 167.58012
2.210238 167.57996
2.2122364 167.57979
2.2142348 167.57963
2.2162332 167.57946
2.2182316 167.5793
2.22023 167.57913
2.2222284 167.57897
2.2242268 167.5788
2.2262252 167.57864
2.2282236 167.57848
2.230222 167.57831
2.2322204 167.57815
2.2342188 167.57799
2.2362172 167.57782
2.2382156 167.57766
2.240214 167.5775
2.2422124 167.57733
2.2442108 167.57717
2.2462092 167.57701
2.2482076 167.57685
2.250206 167.57668
2.2522044 167.57652
2.2542028 167.57636
2.2562012 167.5762
2.2581996 167.57604
2.260198 167.57588
2.2621964 167.57571
2.2641948 167.57555
2.2661932 167.57539
2.2681916 167.57523
2.27019 167.57507
2.2721884 167.57491
2.2741868 167.57475
2.2761852 167.57459
2.2781836 167.57443
2.280182 167.57427
2.2821804 167.57411
2.2841788 167.57395
2.2861772 167.57379
2.2881756 167.57363
2.290174 167.57347
2.2921724 167.57331
2.2941708 167.57315
2.2961692 167.573
2.2981676 167.57284
2.300166 167.57268
2.3021644 167.57252
2.3041628 167.57236
2.3061612 167.5722
2.3081596 167.57205
2.310158 167.57189
2.3121564 167.57173
2.3141548 167.57157
2.3161532 167.57142
2.3181516 167.57126
2.32015 167.5711
2.3221484 167.57094
2.3241468 167.57079
2.3261452 167.57063
2.3281436 167.57048
2.330142 167.57032
2.3321404 167.57016
2.3341388 167.57001
2.3361372 167.56985
2.3381356 167.5697
2.340134 167.56954
2.3421324 167.56939
2.3441308 167.56923
2.3461292 167.56908
2.3481276 167.56892
2.350126 167.56877
2.3521244 167.56861
2.3541228 167.56846
2.3561212 167.5683
2.3581196 167.56815
2.360118 167.568
2.3621164 167.56784
2.3641148 167.56769
2.3661132 167.56753
2.3681116 167.56738
2.37011 167.56723
2.3721084 167.56708
2.3741068 167.56692
2.3761052 167.56677
2.3781036 167.56662
2.380102 167.56647
2.3821004 167.56631
2.3840988 167.56616
2.3860972 167.56601
2.3880956 167.56586
2.390094 167.56571
2.3920924 167.56555
2.3940908 167.5654
2.3960892 167.56525
2.3980876 167.5651
2.400086 167.56495
2.4020844 167.5648
2.4040828 167.56465
2.4060812 167.5645
2.4080796 167.56435
2.410078 167.5642
2.4120764 167.56405
2.4140748 167.5639
2.4160732 167.56375
2.4180716 167.5636
2.42007 167.56345
2.4220684 167.5633
2.4240668 167.56315
2.4260652 167.56301
2.4280636 167.56286
2.430062 167.56271
2.4320604 167.56256
2.4340588 167.56241
2.4360572 167.56226
2.4380556 167.56212
2.440054 167.56197
2.4420524 167.56182
2.4440508 167.56168
2.4460492 167.56153
2.4480476 167.56138
2.450046 167.56123
2.4520444 167.56109
2.4540428 167.56094
2.4560412 167.56079
2.4580396 167.56065
2.460038 167.5605
2.4620364 167.56036
2.4640348 167.56021
2.4660332 167.56007
2.4680316 167.55992
2.47003 167.55978
2.4720284 167.55963
2.4740268 167.55949
2.4760252 167.55934
2.4780236 167.5592
2.480022 167.55905
2.4820204 167.55891
2.4840188 167.55876
2.4860172 167.55862
2.4880156 167.55848
2.490014 167.55833
2.4920124 167.55819
2.4940108 167.55805
2.4960092 167.5579
2.4980076 167.55776
2.500006 167.55762
2.5020044 167.55747
2.5040028 167.55733
2.5060012 167.55719
2.5079996 167.55705
2.509998 167.5569
2.5119964 167.55676
2.5139948 167.55662
2.5159932 167.55648
2.5179916 167.55634
2.51999 167.5562
2.5219884 167.55606
2.5239868 167.55591
2.5259852 167.55577
2.5279836 167.55563
2.529982 167.55549
2.5319804 167.55535
2.5339788 167.55521
2.5359772 167.55507
2.5379756 167.55493
2.539974 167.55479
2.5419724 167.55465
2.5439708 167.55451
2.5459692 167.55437
2.5479676 167.55424
2.549966 167.5541
2.5519644 167.55396
2.5539628 167.55382
2.5559612 167.55368
2.5579596 167.55354
2.559958 167.5534
2.5619564 167.55327
2.5639548 167.55313
2.5659532 167.55299
2.5679516 167.55285
2.56995 167.55272
2.5719484 167.55258
2.5739468 167.55244
2.5759452 167.55231
2.5779436 167.55217
2.579942 167.55203
2.5819404 167.5519
2.5839388 167.55176
2.5859372 167.55162
2.5879356 167.55149
2.589934 167.55135
2.5919324 167.55122
2.5939308 167.55108
2.5959292 167.55094
2.5979276 167.55081
2.599926 167.55067
2.6019244 167.55054
2.6039228 167.5504
2.6059212 167.55027
2.6079196 167.55014
2.609918 167.55
2.6119164 167.54987
2.6139148 167.54973
2.6159132 167.5496
2.6179116 167.54947
2.61991 167.54933
2.6219084 167.5492
2.6239068 167.54907
2.6259052 167.54893
2.6279036 167.5488
2.629902 167.54867
2.6319004 167.54853
2.6338988 167.5484
2.6358972 167.54827
2.6378956 167.54814
2.639894 167.54801
2.6418924 167.54787
2.6438908 167.54774
2.6458892 167.54761
2.6478876 167.54748
2.649886 167.54735
2.6518844 167.54722
2.6538828 167.54709
2.6558812 167.54695
2.6578796 167.54682
2.659878 167.54669
2.6618764 167.54656
2.6638748 167.54643
2.6658732 167.5463
2.6678716 167.54617
2.66987 167.54604
2.6718684 167.54591
2.6738668 167.54578
2.6758652 167.54565
2.6778636 167.54552
2.679862 167.5454
2.6818604 167.54527
2.6838588 167.54514
2.6858572 167.54501
2.6878556 167.54488
2.689854 167.54475
2.6918524 167.54462
2.6938508 167.5445
2.6958492 167.54437
2.6978476 167.54424
2.699846 167.54411
2.7018444 167.54399
2.7038428 167.54386
2.7058412 167.54373
2.7078396 167.5436
2.709838 167.54348
2.7118364 167.54335
2.7138348 167.54322
2.7158332 167.5431
2.7178316 167.54297
2.71983 167.54285
2.7218284 167.54272
2.7238268 167.54259
2.7258252 167.54247
2.7278236 167.54234
2.729822 167.54222
2.7318204 167.54209
2.7338188 167.54197
2.7358172 167.54184
2.7378156 167.54172
2.739814 167.54159
2.7418124 167.54147
2.7438108 167.54134
2.7458092 167.54122
2.7478076 167.5411
2.749806 167.54097
2.7518044 167.54085
2.7538028 167.54072
2.7558012 167.5406
2.7577996 167.54048
2.759798 167.54035
2.7617964 167.54023
2.7637948 167.54011
2.7657932 167.53998
2.7677916 167.53986
2.76979 167.53974
2.7717884 167.53962
2.7737868 167.53949
2.7757852 167.53937
2.7777836 167.53925
2.779782 167.53913
2.7817804 167.53901
2.7837788 167.53889
2.7857772 167.53876
2.7877756 167.53864
2.789774 167.53852
2.7917724 167.5384
2.7937708 167.53828
2.7957692 167.53816
2.7977676 167.53804
2.799766 167.53792
2.8017644 167.5378
2.8037628 167.53768
2.8057612 167.53756
2.8077596 167.53744
2.809758 167.53732
2.8117564 167.5372
2.8137548 167.53708
2.8157532 167.53696
2.8177516 167.53684
2.8197499 167.53672
2.8217483 167.5366
2.8237467 167.53648
2.8257451 167.53636
2.8277435 167.53625
2.8297419 167.53613
2.8317403 167.53601
2.8337387 167.53589
2.8357371 167.53577
2.8377355 167.53566
2.8397339 167.53554
2.8417323 167.53542
2.8437307 167.5353
2.8457291 167.53518
2.8477275 167.53507
2.8497259 167.53495
2.8517243 167.53483
2.8537227 167.53472
2.8557211 167.5346
2.8577195 167.53448
2.8597179 167.53437
2.8617163 167.53425
2.8637147 167.53414
2.8657131 167.53402
2.8677115 167.5339
2.8697099 167.53379
2.8717083 167.53367
2.8737067 167.53356
2.8757051 167.53344
2.8777035 167.53333
2.8797019 167.53321
2.8817003 167.5331
2.8836987 167.53298
2.8856971 167.53287
2.8876955 167.53275
2.8896939 167.53264
2.8916923 167.53252
2.8936907 167.53241
2.8956891 167.5323
2.8976875 167.53218
2.8996859 167.53207
2.9016843 167.53195
2.9036827 167.53184
2.9056811 167.53173
2.9076795 167.53161
2.9096779 167.5315
2.9116763 167.53139
2.9136747 167.53127
2.9156731 167.53116
2.9176715 167.53105
2.9196699 167.53094
2.9216683 167.53082
2.9236667 167.53071
2.9256651 167.5306
2.9276635 167.53049
2.9296619 167.53038
2.9316603 167.53027
2.9336587 167.53015
2.9356571 167.53004
2.9376555 167.52993
2.9396539 167.52982
2.9416523 167.52971
2.9436507 167.5296
2.9456491 167.52949
2.9476475 167.52938
2.9496459 167.52927
2.9516443 167.52916
2.9536427 167.52904
2.9556411 167.52893
2.9576395 167.52882
2.9596379 167.52871
2.9616363 167.52861
2.9636347 167.5285
2.9656331 167.52839
2.9676315 167.52828
2.9696299 167.52817
2.9716283 167.52806
2.9736267 167.52795
2.9756251 167.52784
2.9776235 167.52773
2.9796219 167.52762
2.9816203 167.52751
2.9836187 167.52741
2.9856171 167.5273
2.9876155 167.52719
2.9896139 167.52708
2.9916123 167.52697
2.9936107 167.52687
2.9956091 167.52676
2.9976075 167.52665
2.9996059 167.52654
3.0016043 167.52644
3.0036027 167.52633
3.0056011 167.52622
3.0075995 167.52611
3.0095979 167.52601
3.0115963 167.5259
3.0135947 167.52579
3.0155931 167.52569
3.0175915 167.52558
3.0195899 167.52547
3.0215883 167.52537
3.0235867 167.52526
3.0255851 167.52516
3.0275835 167.52505
3.0295819 167.52495
3.0315803 167.52484
3.0335787 167.52473
3.0355771 167.52463
3.0375755 167.52452
3.0395739 167.52442
3.0415723 167.52431
3.0435707 167.52421
3.0455691 167.5241
3.0475675 167.524
3.0495659 167.5239
3.0515643 167.52379
3.0535627 167.52369
3.0555611 167.52358
3.0575595 167.52348
3.0595579 167.52338
3.0615563 167.52327
3.0635547 167.52317
3.0655531 167.52306
3.0675515 167.52296
3.0695499 167.52286
3.0715483 167.52275
3.0735467 167.52265
3.0755451 167.52255
3.0775435 167.52245
3.0795419 167.52234
3.0815403 167.52224
3.0835387 167.52214
3.0855371 167.52204
3.0875355 167.52193
3.0895339 167.52183
3.0915323 167.52173
3.0935307 167.52163
3.0955291 167.52153
3.0975275 167.52142
3.0995259 167.52132
3.1015243 167.52122
3.1035227 167.52112
3.1055211 167.52102
3.1075195 167.52092
3.1095179 167.52082
3.1115163 167.52072
3.1135147 167.52061
3.1155131 167.52051
3.1175115 167.52041
3.1195099 167.52031
3.1215083 167.52021
3.1235067 167.52011
3.1255051 167.52001
3.1275035 167.51991
3.1295019 167.51981
3.1315003 167.51971
3.1334987 167.51961
3.1354971 167.51951
3.1374955 167.51941
3.1394939 167.51931
3.1414923 167.51922
3.1434907 167.51912
3.1454891 167.51902
3.1474875 167.51892
3.1494859 167.51882
3.1514843 167.51872
3.1534827 167.51862
3.1554811 167.51852
3.1574795 167.51843
3.1594779 167.51833
3.1614763 167.51823
3.1634747 167.51813
3.1654731 167.51803
3.1674715 167.51794
3.1694699 167.51784
3.1714683 167.51774
3.1734667 167.51764
3.1754651 167.51755
3.1774635 167.51745
3.1794619 167.51735
3.1814603 167.51725
3.1834587 167.51716
3.1854571 167.51706
3.1874555 167.51696
3.1894539 167.51687
3.1914523 167.51677
3.1934507 167.51667
3.1954491 167.51658
3.1974475 167.51648
3.1994459 167.51639
3.2014443 167.51629
3.2034427 167.51619
3.2054411 167.5161
3.2074395 167.516
3.2094379 167.51591
3.2114363 167.51581
3.2134347 167.51572
3.2154331 167.51562
3.2174315 167.51553
3.2194299 167.51543
3.2214283 167.51534
3.2234267 167.51524
3.2254251 167.51515
3.2274235 167.51505
3.2294219 167.51496
3.2314203 167.51486
3.2334187 167.51477
3.2354171 167.51467
3.2374155 167.51458
3.2394139 167.51449
3.2414123 167.51439
3.2434107 167.5143
3.2454091 167.51421
3.2474075 167.51411
3.2494059 167.51402
3.2514043 167.51393
3.2534027 167.51383
3.2554011 167.51374
3.2573995 167.51365
3.2593979 167.51355
3.2613963 167.51346
3.2633947 167.51337
3.2653931 167.51327
3.2673915 167.51318
3.2693899 167.51309
3.2713883 167.513
3.2733867 167.5129
3.2753851 167.51281
3.2773835 167.51272
3.2793819 167.51263
3.2813803 167.51254
3.2833787 167.51245
3.2853771 167.51235
3.2873755 167.51226
3.2893739 167.51217
3.2913723 167.51208
3.2933707 167.51199
3.2953691 167.5119
3.2973675 167.51181
3.2993659 167.51172
3.3013643 167.51162
3.3033627 167.51153
3.3053611 167.51144
3.3073595 167.51135
3.3093579 167.51126
3.3113563 167.51117
3.3133547 167.51108
3.3153531 167.51099
3.3173515 167.5109
3.3193499 167.51081
3.3213483 167.51072
3.3233467 167.51063
3.3253451 167.51054
3.3273435 167.51045
3.3293419 167.51036
3.3313403 167.51027
3.3333387 167.51018
3.3353371 167.51009
3.3373355 167.51001
3.3393339 167.50992
3.3413323 167.50983
3.3433307 167.50974
3.3453291 167.50965
3.3473275 167.50956
3.3493259 167.50947
3.3513243 167.50938
3.3533227 167.5093
3.3553211 167.50921
3.3573195 167.50912
3.3593179 167.50903
3.3613163 167.50894
3.3633147 167.50886
3.3653131 167.50877
3.3673115 167.50868
3.3693099 167.50859
3.3713083 167.50851
3.3733067 167.50842
3.3753051 167.50833
3.3773035 167.50824
3.3793019 167.50816
3.3813003 167.50807
3.3832987 167.50798
3.3852971 167.5079
3.3872955 167.50781
3.3892939 167.50772
3.3912923 167.50764
3.3932907 167.50755
3.3952891 167.50746
3.3972875 167.50738
3.3992859 167.50729
3.4012843 167.5072
3.4032827 167.50712
3.4052811 167.50703
3.4072795 167.50695
3.4092779 167.50686
3.4112763 167.50678
3.4132747 167.50669
3.4152731 167.5066
3.4172715 167.50652
3.4192699 167.50643
3.4212683 167.50635
3.4232667 167.50626
3.4252651 167.50618
3.4272635 167.50609
3.4292619 167.50601
3.4312603 167.50592
3.4332587 167.50584
3.4352571 167.50576
3.4372555 167.50567
3.4392539 167.50559
3.4412523 167.5055
3.4432507 167.50542
3.445249 167.50533
3.4472474 167.50525
3.4492458 167.50517
3.4512442 167.50508
3.4532426 167.505
3.455241 167.50492
3.4572394 167.50483
3.4592378 167.50475
3.4612362 167.50466
3.4632346 167.50458
3.465233 167.5045
3.4672314 167.50442
3.4692298 167.50433
3.4712282 167.50425
3.4732266 167.50417
3.475225 167.50408
3.4772234 167.504
3.4792218 167.50392
3.4812202 167.50384
3.4832186 167.50375
3.485217 167.50367
3.4872154 167.50359
3.4892138 167.50351
3.4912122 167.50342
3.4932106 167.50334
3.495209 167.50326
3.4972074 167.50318
3.4992058 167.5031
3.5012042 167.50302
3.5032026 167.50293
3.505201 167.50285
3.5071994 167.50277
3.5091978 167.50269
3.5111962 167.50261
3.5131946 167.50253
3.515193 167.50245
3.5171914 167.50237
3.5191898 167.50228
3.5211882 167.5022
3.5231866 167.50212
3.525185 167.50204
3.5271834 167.50196
3.5291818 167.50188
3.5311802 167.5018
3.5331786 167.50172
3.535177 167.50164
3.5371754 167.50156
3.5391738 167.50148
3.5411722 167.5014
3.5431706 167.50132
3.545169 167.50124
3.5471674 167.50116
3.5491658 167.50108
3.5511642 167.501
3.5531626 167.50092
3.555161 167.50084
3.5571594 167.50076
3.5591578 167.50068
3.5611562 167.50061
3.5631546 167.50053
3.565153 167.50045
3.5671514 167.50037
3.5691498 167.50029
3.5711482 167.50021
3.5731466 167.50013
3.575145 167.50005
3.5771434 167.49998
3.5791418 167.4999
3.5811402 167.49982
3.5831386 167.49974
3.585137 167.49966
3.5871354 167.49958
3.5891338 167.49951
3.5911322 167.49943
3.5931306 167.49935
3.595129 167.49927
3.5971274 167.49919
3.5991258 167.49912
3.6011242 167.49904
3.6031226 167.49896
3.605121 167.49888
3.6071194 167.49881
3.6091178 167.49873
3.6111162 167.49865
3.6131146 167.49858
3.615113 167.4985
3.6171114 167.49842
3.6191098 167.49835
3.6211082 167.49827
3.6231066 167.49819
3.625105 167.49812
3.6271034 167.49804
3.6291018 167.49796
3.6311002 167.49789
3.6330986 167.49781
3.635097 167.49773
3.6370954 167.49766
3.6390938 167.49758
3.6410922 167.49751
3.6430906 167.49743
3.645089 167.49735
3.6470874 167.49728
3.6490858 167.4972
3.6510842 167.49713
3.6530826 167.49705
3.655081 167.49698
3.6570794 167.4969
3.6590778 167.49683
3.6610762 167.49675
3.6630746 167.49668
3.665073 167.4966
3.6670714 167.49653
3.6690698 167.49645
3.6710682 167.49638
3.6730666 167.4963
3.675065 167.49623
3.6770634 167.49615
3.6790618 167.49608
3.6810602 167.496
3.6830586 167.49593
3.685057 167.49585
3.6870554 167.49578
3.6890538 167.49571
3.6910522 167.49563
3.6930506 167.49556
3.695049 167.49548
3.6970474 167.49541
3.6990458 167.49534
3.7010442 167.49526
3.7030426 167.49519
3.705041 167.49512
3.7070394 167.49504
3.7090378 167.49497
3.7110362 167.4949
3.7130346 167.49482
3.715033 167.49475
3.7170314 167.49468
3.7190298 167.4946
3.7210282 167.49453
3.7230266 167.49446
3.725025 167.49438
3.7270234 167.49431
3.7290218 167.49424
3.7310202 167.49417
3.7330186 167.49409
3.735017 167.49402
3.7370154 167.49395
3.7390138 167.49388
3.7410122 167.49381
3.7430106 167.49373
3.745009 167.49366
3.7470074 167.49359
3.7490058 167.49352
3.7510042 167.49345
3.7530026 167.49337
3.755001 167.4933
3.7569994 167.49323
3.7589978 167.49316
3.7609962 167.49309
3.7629946 167.49302
3.764993 167.49294
3.7669914 167.49287
3.7689898 167.4928
3.7709882 167.49273
3.7729866 167.49266
3.774985 167.49259
3.7769834 167.49252
3.7789818 167.49245
3.7809802 167.49238
3.7829786 167.49231
3.784977 167.49223
3.7869754 167.49216
3.7889738 167.49209
3.7909722 167.49202
3.7929706 167.49195
3.794969 167.49188
3.7969674 167.49181
3.7989658 167.49174
3.8009642 167.49167
3.8029626 167.4916
3.804961 167.49153
3.8069594 167.49146
3.8089578 167.49139
3.8109562 167.49132
3.8129546 167.49125
3.814953 167.49118
3.8169514 167.49111
3.8189498 167.49104
3.8209482 167.49098
3.8229466 167.49091
3.824945 167.49084
3.8269434 167.49077
3.8289418 167.4907
3.8309402 167.49063
3.8329386 167.49056
3.834937 167.49049
3.8369354 167.49042
3.8389338 167.49035
3.8409322 167.49029
3.8429306 167.49022
3.844929 167.49015
3.8469274 167.49008
3.8489258 167.49001
3.8509242 167.48994
3.8529226 167.48987
3.854921 167.48981
3.8569194 167.48974
3.8589178 167.48967
3.8609162 167.4896
3.8629146 167.48953
3.864913 167.48947
3.8669114 167.4894
3.8689098 167.48933
3.8709082 167.48926
3.8729066 167.48919
3.874905 167.48913
3.8769034 167.48906
3.8789018 167.48899
3.8809002 167.48892
3.8828986 167.48886
3.884897 167.48879
3.8868954 167.48872
3.8888938 167.48866
3.8908922 167.48859
3.8928906 167.48852
3.894889 167.48846
3.8968874 167.48839
3.8988858 167.48832
3.9008842 167.48825
3.9028826 167.48819
3.904881 167.48812
3.9068794 167.48805
3.9088778 167.48799
3.9108762 167.48792
3.9128746 167.48786
3.914873 167.48779
3.9168714 167.48772
3.9188698 167.48766
3.9208682 167.48759
3.9228666 167.48752
3.924865 167.48746
3.9268634 167.48739
3.9288618 167.48733
3.9308602 167.48726
3.9328586 167.4872
3.934857 167.48713
3.9368554 167.48706
3.9388538 167.487
3.9408522 167.48693
3.9428506 167.48687
3.944849 167.4868
3.9468474 167.48674
3.9488458 167.48667
3.9508442 167.48661
3.9528426 167.48654
3.954841 167.48648
3.9568394 167.48641
3.9588378 167.48635
3.9608362 167.48628
3.9628346 167.48622
3.964833 167.48615
3.9668314 167.48609
3.9688298 167.48602
3.9708282 167.48596
3.9728266 167.48589
3.974825 167.48583
3.9768234 167.48577
3.9788218 167.4857
3.9808202 167.48564
3.9828186 167.48557
3.984817 167.48551
3.9868154 167.48545
3.9888138 167.48538
3.9908122 167.48532
3.9928106 167.48525
3.994809 167.48519
3.9968074 167.48513
3.9988058 167.48506
4.0008042 167.485
4.0028026 167.48494
4.004801 167.48487
4.0067994 167.48481
4.0087978 167.48474
4.0107962 167.48468
4.0127946 167.48462
4.014793 167.48456
4.0167914 167.48449
4.0187898 167.48443
4.0207882 167.48437
4.0227866 167.4843
4.024785 167.48424
4.0267834 167.48418
4.0287818 167.48411
4.0307802 167.48405
4.0327786 167.48399
4.034777 167.48393
4.0367754 167.48386
4.0387738 167.4838
4.0407722 167.48374
4.0427706 167.48368
4.044769 167.48361
4.0467674 167.48355
4.0487658 167.48349
4.0507642 167.48343
4.0527626 167.48337
4.054761 167.4833
4.0567594 167.48324
4.0587578 167.48318
4.0607562 167.48312
4.0627546 167.48306
4.064753 167.48299
4.0667514 167.48293
4.0687497 167.48287
4.0707481 167.48281
4.0727465 167.48275
4.0747449 167.48269
4.0767433 167.48263
4.0787417 167.48256
4.0807401 167.4825
4.0827385 167.48244
4.0847369 167.48238
4.0867353 167.48232
4.0887337 167.48226
4.0907321 167.4822
4.0927305 167.48214
4.0947289 167.48208
4.0967273 167.48202
4.0987257 167.48195
4.1007241 167.48189
4.1027225 167.48183
4.1047209 167.48177
4.1067193 167.48171
4.1087177 167.48165
4.1107161 167.48159
4.1127145 167.48153
4.1147129 167.48147
4.1167113 167.48141
4.1187097 167.48135
4.1207081 167.48129
4.1227065 167.48123
4.1247049 167.48117
4.1267033 167.48111
4.1287017 167.48105
4.1307001 167.48099
4.1326985 167.48093
4.1346969 167.48087
4.1366953 167.48081
4.1386937 167.48075
4.1406921 167.48069
4.1426905 167.48063
4.1446889 167.48057
4.1466873 167.48051
4.1486857 167.48045
4.1506841 167.48039
4.1526825 167.48034
4.1546809 167.48028
4.1566793 167.48022
4.1586777 167.48016
4.1606761 167.4801
4.1626745 167.48004
4.1646729 167.47998
4.1666713 167.47992
4.1686697 167.47986
4.1706681 167.47981
4.1726665 167.47975
4.1746649 167.47969
4.1766633 167.47963
4.1786617 167.47957
4.1806601 167.47951
4.1826585 167.47945
4.1846569 167.4794
4.1866553 167.47934
4.1886537 167.47928
4.1906521 167.47922
4.1926505 167.47916
4.1946489 167.4791
4.1966473 167.47905
4.1986457 167.47899
4.2006441 167.47893
4.2026425 167.47887
4.2046409 167.47881
4.2066393 167.47876
4.2086377 167.4787
4.2106361 167.47864
4.2126345 167.47858
4.2146329 167.47853
4.2166313 167.47847
4.2186297 167.47841
4.2206281 167.47835
4.2226265 167.4783
4.2246249 167.47824
4.2266233 167.47818
4.2286217 167.47812
4.2306201 167.47807
4.2326185 167.47801
4.2346169 167.47795
4.2366153 167.4779
4.2386137 167.47784
4.2406121 167.47778
4.2426105 167.47773
4.2446089 167.47767
4.2466073 167.47761
4.2486057 167.47756
4.2506041 167.4775
4.2526025 167.47744
4.2546009 167.47739
4.2565993 167.47733
4.2585977 167.47727
4.2605961 167.47722
4.2625945 167.47716
4.2645929 167.4771
4.2665913 167.47705
4.2685897 167.47699
4.2705881 167.47693
4.2725865 167.47688
4.2745849 167.47682
4.2765833 167.47677
4.2785817 167.47671
4.2805801 167.47665
4.2825785 167.4766
4.2845769 167.47654
4.2865753 167.47649
4.2885737 167.47643
4.2905721 167.47638
4.2925705 167.47632
4.2945689 167.47627
4.2965673 167.47621
4.2985657 167.47615
4.3005641 167.4761
4.3025625 167.47604
4.3045609 167.47599
4.3065593 167.47593
4.3085577 167.47588
4.3105561 167.47582
4.3125545 167.47577
4.3145529 167.47571
4.3165513 167.47566
4.3185497 167.4756
4.3205481 167.47555
4.3225465 167.47549
4.3245449 167.47544
4.3265433 167.47538
4.3285417 167.47533
4.3305401 167.47527
4.3325385 167.47522
4.3345369 167.47516
4.3365353 167.47511
4.3385337 167.47506
4.3405321 167.475
4.3425305 167.47495
4.3445289 167.47489
4.3465273 167.47484
4.3485257 167.47478
4.3505241 167.47473
4.3525225 167.47468
4.3545209 167.47462
4.3565193 167.47457
4.3585177 167.47451
4.3605161 167.47446
4.3625145 167.47441
4.3645129 167.47435
4.3665113 167.4743
4.3685097 167.47424
4.3705081 167.47419
4.3725065 167.47414
4.3745049 167.47408
4.3765033 167.47403
4.3785017 167.47398
4.3805001 167.47392
4.3824985 167.47387
4.3844969 167.47382
4.3864953 167.47376
4.3884937 167.47371
4.3904921 167.47366
4.3924905 167.4736
4.3944889 167.47355
4.3964873 167.4735
4.3984857 167.47344
4.4004841 167.47339
4.4024825 167.47334
4.4044809 167.47329
4.4064793 167.47323
4.4084777 167.47318
4.4104761 167.47313
4.4124745 167.47307
4.4144729 167.47302
4.4164713 167.47297
4.4184697 167.47292
4.4204681 167.47286
4.4224665 167.47281
4.4244649 167.47276
4.4264633 167.47271
4.4284617 167.47265
4.4304601 167.4726
4.4324585 167.47255
4.4344569 167.4725
4.4364553 167.47245
4.4384537 167.47239
4.4404521 167.47234
4.4424505 167.47229
4.4444489 167.47224
4.4464473 167.47219
4.4484457 167.47213
4.4504441 167.47208
4.4524425 167.47203
4.4544409 167.47198
4.4564393 167.47193
4.4584377 167.47187
4.4604361 167.47182
4.4624345 167.47177
4.4644329 167.47172
4.4664313 167.47167
4.4684297 167.47162
4.4704281 167.47157
4.4724265 167.47151
4.4744249 167.47146
4.4764233 167.47141
4.4784217 167.47136
4.4804201 167.47131
4.4824185 167.47126
4.4844169 167.47121
4.4864153 167.47116
4.4884137 167.47111
4.4904121 167.47105
4.4924105 167.471
4.4944089 167.47095
4.4964073 167.4709
4.4984057 167.47085
4.5004041 167.4708
4.5024025 167.47075
4.5044009 167.4707
4.5063993 167.47065
4.5083977 167.4706
4.5103961 167.47055
4.5123945 167.4705
4.5143929 167.47045
4.5163913 167.4704
4.5183897 167.47035
4.5203881 167.4703
4.5223865 167.47025
4.5243849 167.47019
4.5263833 167.47014
4.5283817 167.47009
4.5303801 167.47004
4.5323785 167.46999
4.5343769 167.46994
4.5363753 167.46989
4.5383737 167.46984
4.5403721 167.46979
4.5423705 167.46975
4.5443689 167.4697
4.5463673 167.46965
4.5483657 167.4696
4.5503641 167.46955
4.5523625 167.4695
4.5543609 167.46945
4.5563593 167.4694
4.5583577 167.46935
4.5603561 167.4693
4.5623545 167.46925
4.5643529 167.4692
4.5663513 167.46915
4.5683497 167.4691
4.5703481 167.46905
4.5723465 167.469
4.5743449 167.46895
4.5763433 167.4689
4.5783417 167.46886
4.5803401 167.46881
4.5823385 167.46876
4.5843369 167.46871
4.5863353 167.46866
4.5883337 167.46861
4.5903321 167.46856
4.5923305 167.46851
4.5943289 167.46846
4.5963273 167.46842
4.5983257 167.46837
4.6003241 167.46832
4.6023225 167.46827
4.6043209 167.46822
4.6063193 167.46817
4.6083177 167.46812
4.6103161 167.46808
4.6123145 167.46803
4.6143129 167.46798
4.6163113 167.46793
4.6183097 167.46788
4.6203081 167.46783
4.6223065 167.46779
4.6243049 167.46774
4.6263033 167.46769
4.6283017 167.46764
4.6303001 167.46759
4.6322985 167.46755
4.6342969 167.4675
4.6362953 167.46745
4.6382937 167.4674
4.6402921 167.46735
4.6422905 167.46731
4.6442889 167.46726
4.6462873 167.46721
4.6482857 167.46716
4.6502841 167.46712
4.6522825 167.46707
4.6542809 167.46702
4.6562793 167.46697
4.6582777 167.46693
4.6602761 167.46688
4.6622745 167.46683
4.6642729 167.46678
4.6662713 167.46674
4.6682697 167.46669
4.6702681 167.46664
4.6722665 167.4666
4.6742649 167.46655
4.6762633 167.4665
4.6782617 167.46645
4.6802601 167.46641
4.6822585 167.46636
4.6842569 167.46631
4.6862553 167.46627
4.6882537 167.46622
4.6902521 167.46617
4.6922505 167.46613
4.6942488 167.46608
4.6962472 167.46603
4.6982456 167.46599
4.700244 167.46594
4.7022424 167.46589
4.7042408 167.46585
4.7062392 167.4658
4.7082376 167.46575
4.710236 167.46571
4.7122344 167.46566
4.7142328 167.46561
4.7162312 167.46557
4.7182296 167.46552
4.720228 167.46548
4.7222264 167.46543
4.7242248 167.46538
4.7262232 167.46534
4.7282216 167.46529
4.73022 167.46524
4.7322184 167.4652
4.7342168 167.46515
4.7362152 167.46511
4.7382136 167.46506
4.740212 167.46501
4.7422104 167.46497
4.7442088 167.46492
4.7462072 167.46488
4.7482056 167.46483
4.750204 167.46479
4.7522024 167.46474
4.7542008 167.46469
4.7561992 167.46465
4.7581976 167.4646
4.760196 167.46456
4.7621944 167.46451
4.7641928 167.46447
4.7661912 167.46442
4.7681896 167.46438
4.770188 167.46433
4.7721864 167.46429
4.7741848 167.46424
4.7761832 167.4642
4.7781816 167.46415
4.78018 167.46411
4.7821784 167.46406
4.7841768 167.46402
4.7861752 167.46397
4.7881736 167.46393
4.790172 167.46388
4.7921704 167.46384
4.7941688 167.46379
4.7961672 167.46375
4.7981656 167.4637
4.800164 167.46366
4.8021624 167.46361
4.8041608 167.46357
4.8061592 167.46352
4.8081576 167.46348
4.810156 167.46343
4.8121544 167.46339
4.8141528 167.46334
4.8161512 167.4633
4.8181496 167.46326
4.820148 167.46321
4.8221464 167.46317
4.8241448 167.46312
4.8261432 167.46308
4.8281416 167.46303
4.83014 167.46299
4.8321384 167.46295
4.8341368 167.4629
4.8361352 167.46286
4.8381336 167.46281
4.840132 167.46277
4.8421304 167.46273
4.8441288 167.46268
4.8461272 167.46264
4.8481256 167.46259
4.850124 167.46255
4.8521224 167.46251
4.8541208 167.46246
4.8561192 167.46242
4.8581176 167.46237
4.860116 167.46233
4.8621144 167.46229
4.8641128 167.46224
4.8661112 167.4622
4.8681096 167.46216
4.870108 167.46211
4.8721064 167.46207
4.8741048 167.46203
4.8761032 167.46198
4.8781016 167.46194
4.8801 167.4619
4.8820984 167.46185
4.8840968 167.46181
4.8860952 167.46177
4.8880936 167.46172
4.890092 167.46168
4.8920904 167.46164
4.8940888 167.46159
4.8960872 167.46155
4.8980856 167.46151
4.900084 167.46146
4.9020824 167.46142
4.9040808 167.46138
4.9060792 167.46134
4.9080776 167.46129
4.910076 167.46125
4.9120744 167.46121
4.9140728 167.46116
4.9160712 167.46112
4.9180696 167.46108
4.920068 167.46104
4.9220664 167.46099
4.9240648 167.46095
4.9260632 167.46091
4.9280616 167.46087
4.93006 167.46082
4.9320584 167.46078
4.9340568 167.46074
4.9360552 167.4607
4.9380536 167.46065
4.940052 167.46061
4.9420504 167.46057
4.9440488 167.46053
4.9460472 167.46049
4.9480456 167.46044
4.950044 167.4604
4.9520424 167.46036
4.9540408 167.46032
4.9560392 167.46028
4.9580376 167.46023
4.960036 167.46019
4.9620344 167.46015
4.9640328 167.46011
4.9660312 167.46007
4.9680296 167.46002
4.970028 167.45998
4.9720264 167.45994
4.9740248 167.4599
4.9760232 167.45986
4.9780216 167.45982
4.98002 167.45977
4.9820184 167.45973
4.9840168 167.45969
4.9860152 167.45965
4.9880136 167.45961
4.990012 167.45957
4.9920104 167.45952
4.9940088 167.45948
4.9960072 167.45944
4.9980056 167.4594
5.000004 167.45936
5.0020024 167.45932
5.0040008 167.45928
5.0059992 167.45924
5.0079976 167.45919
5.009996 167.45915
5.0119944 167.45911
5.0139928 167.45907
5.0159912 167.45903
5.0179896 167.45899
5.019988 167.45895
5.0219864 167.45891
5.0239848 167.45887
5.0259832 167.45882
5.0279816 167.45878
5.02998 167.45874
5.0319784 167.4587
5.0339768 167.45866
5.0359752 167.45862
5.0379736 167.45858
5.039972 167.45854
5.0419704 167.4585
5.0439688 167.45846
5.0459672 167.45842
5.0479656 167.45838
5.049964 167.45834
5.0519624 167.4583
5.0539608 167.45826
5.0559592 167.45822
5.0579576 167.45817
5.059956 167.45813
5.0619544 167.45809
5.0639528 167.45805
5.0659512 167.45801
5.0679496 167.45797
5.069948 167.45793
5.0719464 167.45789
5.0739448 167.45785
5.0759432 167.45781
5.0779416 167.45777
5.07994 167.45773
5.0819384 167.45769
5.0839368 167.45765
5.0859352 167.45761
5.0879336 167.45757
5.089932 167.45753
5.0919304 167.45749
5.0939288 167.45745
5.0959272 167.45741
5.0979256 167.45737
5.099924 167.45733
5.1019224 167.45729
5.1039208 167.45725
5.1059192 167.45721
5.1079176 167.45718
5.109916 167.45714
5.1119144 167.4571
5.1139128 167.45706
5.1159112 167.45702
5.1179096 167.45698
5.119908 167.45694
5.1219064 167.4569
5.1239048 167.45686
5.1259032 167.45682
5.1279016 167.45678
5.1299 167.45674
5.1318984 167.4567
5.1338968 167.45666
5.1358952 167.45662
5.1378936 167.45658
5.139892 167.45655
5.1418904 167.45651
5.1438888 167.45647
5.1458872 167.45643
5.1478856 167.45639
5.149884 167.45635
5.1518824 167.45631
5.1538808 167.45627
5.1558792 167.45623
5.1578776 167.45619
5.159876 167.45616
5.1618744 167.45612
5.1638728 167.45608
5.1658712 167.45604
5.1678696 167.456
5.169868 167.45596
5.1718664 167.45592
5.1738648 167.45588
5.1758632 167.45585
5.1778616 167.45581
5.17986 167.45577
5.1818584 167.45573
5.1838568 167.45569
5.1858552 167.45565
5.1878536 167.45562
5.189852 167.45558
5.1918504 167.45554
5.1938488 167.4555
5.1958472 167.45546
5.1978456 167.45542
5.199844 167.45539
5.2018424 167.45535
5.2038408 167.45531
5.2058392 167.45527
5.2078376 167.45523
5.209836 167.45519
5.2118344 167.45516
5.2138328 167.45512
5.2158312 167.45508
5.2178296 167.45504
5.219828 167.455
5.2218264 167.45497
5.2238248 167.45493
5.2258232 167.45489
5.2278216 167.45485
5.22982 167.45482
5.2318184 167.45478
5.2338168 167.45474
5.2358152 167.4547
5.2378136 167.45466
5.239812 167.45463
5.2418104 167.45459
5.2438088 167.45455
5.2458072 167.45451
5.2478056 167.45448
5.249804 167.45444
5.2518024 167.4544
5.2538008 167.45436
5.2557992 167.45433
5.2577976 167.45429
5.259796 167.45425
5.2617944 167.45421
5.2637928 167.45418
5.2657912 167.45414
5.2677896 167.4541
5.269788 167.45406
5.2717864 167.45403
5.2737848 167.45399
5.2757832 167.45395
5.2777816 167.45392
5.27978 167.45388
5.2817784 167.45384
5.2837768 167.4538
5.2857752 167.45377
5.2877736 167.45373
5.289772 167.45369
5.2917704 167.45366
5.2937688 167.45362
5.2957672 167.45358
5.2977656 167.45355
5.299764 167.45351
5.3017624 167.45347
5.3037608 167.45344
5.3057592 167.4534
5.3077576 167.45336
5.309756 167.45333
5.3117544 167.45329
5.3137528 167.45325
5.3157512 167.45322
5.3177495 167.45318
5.3197479 167.45314
5.3217463 167.45311
5.3237447 167.45307
5.3257431 167.45303
5.3277415 167.453
5.3297399 167.45296
5.3317383 167.45292
5.3337367 167.45289
5.3357351 167.45285
5.3377335 167.45281
5.3397319 167.45278
5.3417303 167.45274
5.3437287 167.45271
5.3457271 167.45267
5.3477255 167.45263
5.3497239 167.4526
5.3517223 167.45256
5.3537207 167.45252
5.3557191 167.45249
5.3577175 167.45245
5.3597159 167.45242
5.3617143 167.45238
5.3637127 167.45234
5.3657111 167.45231
5.3677095 167.45227
5.3697079 167.45224
5.3717063 167.4522
5.3737047 167.45217
5.3757031 167.45213
5.3777015 167.45209
5.3796999 167.45206
5.3816983 167.45202
5.3836967 167.45199
5.3856951 167.45195
5.3876935 167.45192
5.3896919 167.45188
5.3916903 167.45184
5.3936887 167.45181
5.3956871 167.45177
5.3976855 167.45174
5.3996839 167.4517
5.4016823 167.45167
5.4036807 167.45163
5.4056791 167.4516
5.4076775 167.45156
5.4096759 167.45152
5.4116743 167.45149
5.4136727 167.45145
5.4156711 167.45142
5.4176695 167.45138
5.4196679 167.45135
5.4216663 167.45131
5.4236647 167.45128
5.4256631 167.45124
5.4276615 167.45121
5.4296599 167.45117
5.4316583 167.45114
5.4336567 167.4511
5.4356551 167.45107
5.4376535 167.45103
5.4396519 167.451
5.4416503 167.45096
5.4436487 167.45093
5.4456471 167.45089
5.4476455 167.45086
5.4496439 167.45082
5.4516423 167.45079
5.4536407 167.45075
5.4556391 167.45072
5.4576375 167.45068
5.4596359 167.45065
5.4616343 167.45061
5.4636327 167.45058
5.4656311 167.45054
5.4676295 167.45051
5.4696279 167.45048
5.4716263 167.45044
5.4736247 167.45041
5.4756231 167.45037
5.4776215 167.45034
5.4796199 167.4503
5.4816183 167.45027
5.4836167 167.45023
5.4856151 167.4502
5.4876135 167.45016
5.4896119 167.45013
5.4916103 167.4501
5.4936087 167.45006
5.4956071 167.45003
5.4976055 167.44999
5.4996039 167.44996
5.5016023 167.44992
5.5036007 167.44989
5.5055991 167.44986
5.5075975 167.44982
5.5095959 167.44979
5.5115943 167.44975
5.5135927 167.44972
5.5155911 167.44969
5.5175895 167.44965
5.5195879 167.44962
5.5215863 167.44958
5.5235847 167.44955
5.5255831 167.44952
5.5275815 167.44948
5.5295799 167.44945
5.5315783 167.44941
5.5335767 167.44938
5.5355751 167.44935
5.5375735 167.44931
5.5395719 167.44928
5.5415703 167.44925
5.5435687 167.44921
5.5455671 167.44918
5.5475655 167.44914
5.5495639 167.44911
5.5515623 167.44908
5.5535607 167.44904
5.5555591 167.44901
5.5575575 167.44898
5.5595559 167.44894
5.5615543 167.44891
5.5635527 167.44888
5.5655511 167.44884
5.5675495 167.44881
5.5695479 167.44878
5.5715463 167.44874
5.5735447 167.44871
5.5755431 167.44868
5.5775415 167.44864
5.5795399 167.44861
5.5815383 167.44858
5.5835367 167.44854
5.5855351 167.44851
5.5875335 167.44848
5.5895319 167.44844
5.5915303 167.44841
5.5935287 167.44838
5.5955271 167.44834
5.5975255 167.44831
5.5995239 167.44828
5.6015223 167.44824
5.6035207 167.44821
5.6055191 167.44818
5.6075175 167.44815
5.6095159 167.44811
5.6115143 167.44808
5.6135127 167.44805
5.6155111 167.44801
5.6175095 167.44798
5.6195079 167.44795
5.6215063 167.44792
5.6235047 167.44788
5.6255031 167.44785
5.6275015 167.44782
5.6294999 167.44778
5.6314983 167.44775
5.6334967 167.44772
5.6354951 167.44769
5.6374935 167.44765
5.6394919 167.44762
5.6414903 167.44759
5.6434887 167.44756
5.6454871 167.44752
5.6474855 167.44749
5.6494839 167.44746
5.6514823 167.44743
5.6534807 167.44739
5.6554791 167.44736
5.6574775 167.44733
5.6594759 167.4473
5.6614743 167.44726
5.6634727 167.44723
5.6654711 167.4472
5.6674695 167.44717
5.6694679 167.44714
5.6714663 167.4471
5.6734647 167.44707
5.6754631 167.44704
5.6774615 167.44701
5.6794599 167.44697
5.6814583 167.44694
5.6834567 167.44691
5.6854551 167.44688
5.6874535 167.44685
5.6894519 167.44681
5.6914503 167.44678
5.6934487 167.44675
5.6954471 167.44672
5.6974455 167.44669
5.6994439 167.44665
5.7014423 167.44662
5.7034407 167.44659
5.7054391 167.44656
5.7074375 167.44653
5.7094359 167.4465
5.7114343 167.44646
5.7134327 167.44643
5.7154311 167.4464
5.7174295 167.44637
5.7194279 167.44634
5.7214263 167.4463
5.7234247 167.44627
5.7254231 167.44624
5.7274215 167.44621
5.7294199 167.44618
5.7314183 167.44615
5.7334167 167.44612
5.7354151 167.44608
5.7374135 167.44605
5.7394119 167.44602
5.7414103 167.44599
5.7434087 167.44596
5.7454071 167.44593
5.7474055 167.4459
5.7494039 167.44586
5.7514023 167.44583
5.7534007 167.4458
5.7553991 167.44577
5.7573975 167.44574
5.7593959 167.44571
5.7613943 167.44568
5.7633927 167.44564
5.7653911 167.44561
5.7673895 167.44558
5.7693879 167.44555
5.7713863 167.44552
5.7733847 167.44549
5.7753831 167.44546
5.7773815 167.44543
5.7793799 167.4454
5.7813783 167.44536
5.7833767 167.44533
5.7853751 167.4453
5.7873735 167.44527
5.7893719 167.44524
5.7913703 167.44521
5.7933687 167.44518
5.7953671 167.44515
5.7973655 167.44512
5.7993639 167.44509
5.8013623 167.44506
5.8033607 167.44503
5.8053591 167.44499
5.8073575 167.44496
5.8093559 167.44493
5.8113543 167.4449
5.8133527 167.44487
5.8153511 167.44484
5.8173495 167.44481
5.8193479 167.44478
5.8213463 167.44475
5.8233447 167.44472
5.8253431 167.44469
5.8273415 167.44466
5.8293399 167.44463
5.8313383 167.4446
5.8333367 167.44457
5.8353351 167.44454
5.8373335 167.4445
5.8393319 167.44447
5.8413303 167.44444
5.8433287 167.44441
5.8453271 167.44438
5.8473255 167.44435
5.8493239 167.44432
5.8513223 167.44429
5.8533207 167.44426
5.8553191 167.44423
5.8573175 167.4442
5.8593159 167.44417
5.8613143 167.44414
5.8633127 167.44411
5.8653111 167.44408
5.8673095 167.44405
5.8693079 167.44402
5.8713063 167.44399
5.8733047 167.44396
5.8753031 167.44393
5.8773015 167.4439
5.8792999 167.44387
5.8812983 167.44384
5.8832967 167.44381
5.8852951 167.44378
5.8872935 167.44375
5.8892919 167.44372
5.8912903 167.44369
5.8932887 167.44366
5.8952871 167.44363
5.8972855 167.4436
5.8992839 167.44357
5.9012823 167.44354
5.9032807 167.44351
5.9052791 167.44348
5.9072775 167.44345
5.9092759 167.44342
5.9112743 167.44339
5.9132727 167.44336
5.9152711 167.44333
5.9172695 167.4433
5.9192679 167.44327
5.9212663 167.44325
5.9232647 167.44322
5.9252631 167.44319
5.9272615 167.44316
5.9292599 167.44313
5.9312583 167.4431
5.9332567 167.44307
5.9352551 167.44304
5.9372535 167.44301
5.9392519 167.44298
5.9412503 167.44295
5.9432486 167.44292
5.945247 167.44289
5.9472454 167.44286
5.9492438 167.44283
5.9512422 167.4428
5.9532406 167.44277
5.955239 167.44275
5.9572374 167.44272
5.9592358 167.44269
5.9612342 167.44266
5.9632326 167.44263
5.965231 167.4426
5.9672294 167.44257
5.9692278 167.44254
5.9712262 167.44251
5.9732246 167.44248
5.975223 167.44245
5.9772214 167.44242
5.9792198 167.4424
5.9812182 167.44237
5.9832166 167.44234
5.985215 167.44231
5.9872134 167.44228
5.9892118 167.44225
5.9912102 167.44222
5.9932086 167.44219
5.995207 167.44216
5.9972054 167.44214
5.9992038 167.44211
6.0012022 167.44208
6.0032006 167.44205
6.005199 167.44202
6.0071974 167.44199
6.0091958 167.44196
6.0111942 167.44193
6.0131926 167.44191
6.015191 167.44188
6.0171894 167.44185
6.0191878 167.44182
6.0211862 167.44179
6.0231846 167.44176
6.025183 167.44173
6.0271814 167.44171
6.0291798 167.44168
6.0311782 167.44165
6.0331766 167.44162
6.035175 167.44159
6.0371734 167.44156
6.0391718 167.44153
6.0411702 167.44151
6.0431686 167.44148
6.045167 167.44145
6.0471654 167.44142
6.0491638 167.44139
6.0511622 167.44136
6.0531606 167.44134
6.055159 167.44131
6.0571574 167.44128
6.0591558 167.44125
6.0611542 167.44122
6.0631526 167.44119
6.065151 167.44117
6.0671494 167.44114
6.0691478 167.44111
6.0711462 167.44108
6.0731446 167.44105
6.075143 167.44103
6.0771414 167.441
6.0791398 167.44097
6.0811382 167.44094
6.0831366 167.44091
6.085135 167.44088
6.0871334 167.44086
6.0891318 167.44083
6.0911302 167.4408
6.0931286 167.44077
6.095127 167.44075
6.0971254 167.44072
6.0991238 167.44069
6.1011222 167.44066
6.1031206 167.44063
6.105119 167.44061
6.1071174 167.44058
6.1091158 167.44055
6.1111142 167.44052
6.1131126 167.44049
6.115111 167.44047
6.1171094 167.44044
6.1191078 167.44041
6.1211062 167.44038
6.1231046 167.44036
6.125103 167.44033
6.1271014 167.4403
6.1290998 167.44027
6.1310982 167.44025
6.1330966 167.44022
6.135095 167.44019
6.1370934 167.44016
6.1390918 167.44014
6.1410902 167.44011
6.1430886 167.44008
6.145087 167.44005
6.1470854 167.44003
6.1490838 167.44
6.1510822 167.43997
6.1530806 167.43994
6.155079 167.43992
6.1570774 167.43989
6.1590758 167.43986
6.1610742 167.43983
6.1630726 167.43981
6.165071 167.43978
6.1670694 167.43975
6.1690678 167.43972
6.1710662 167.4397
6.1730646 167.43967
6.175063 167.43964
6.1770614 167.43962
6.1790598 167.43959
6.1810582 167.43956
6.1830566 167.43953
6.185055 167.43951
6.1870534 167.43948
6.1890518 167.43945
6.1910502 167.43943
6.1930486 167.4394
6.195047 167.43937
6.1970454 167.43934
6.1990438 167.43932
6.2010422 167.43929
6.2030406 167.43926
6.205039 167.43924
6.2070374 167.43921
6.2090358 167.43918
6.2110342 167.43916
6.2130326 167.43913
6.215031 167.4391
6.2170294 167.43908
6.2190278 167.43905
6.2210262 167.43902
6.2230246 167.43899
6.225023 167.43897
6.2270214 167.43894
6.2290198 167.43891
6.2310182 167.43889
6.2330166 167.43886
6.235015 167.43883
6.2370134 167.43881
6.2390118 167.43878
6.2410102 167.43875
6.2430086 167.43873
6.245007 167.4387
6.2470054 167.43867
6.2490038 167.43865
6.2510022 167.43862
6.2530006 167.43859
6.254999 167.43857
6.2569974 167.43854
6.2589958 167.43852
6.2609942 167.43849
6.2629926 167.43846
6.264991 167.43844
6.2669894 167.43841
6.2689878 167.43838
6.2709862 167.43836
6.2729846 167.43833
6.274983 167.4383
6.2769814 167.43828
6.2789798 167.43825
6.2809782 167.43822
6.2829766 167.4382
6.284975 167.43817
6.2869734 167.43815
6.2889718 167.43812
6.2909702 167.43809
6.2929686 167.43807
6.294967 167.43804
6.2969654 167.43801
6.2989638 167.43799
6.3009622 167.43796
6.3029606 167.43794
6.304959 167.43791
6.3069574 167.43788
6.3089558 167.43786
6.3109542 167.43783
6.3129526 167.43781
6.314951 167.43778
6.3169494 167.43775
6.3189478 167.43773
6.3209462 167.4377
6.3229446 167.43768
6.324943 167.43765
6.3269414 167.43762
6.3289398 167.4376
6.3309382 167.43757
6.3329366 167.43755
6.334935 167.43752
6.3369334 167.43749
6.3389318 167.43747
6.3409302 167.43744
6.3429286 167.43742
6.344927 167.43739
6.3469254 167.43737
6.3489238 167.43734
6.3509222 167.43731
6.3529206 167.43729
6.354919 167.43726
6.3569174 167.43724
6.3589158 167.43721
6.3609142 167.43719
6.3629126 167.43716
6.364911 167.43713
6.3669094 167.43711
6.3689078 167.43708
6.3709062 167.43706
6.3729046 167.43703
6.374903 167.43701
6.3769014 167.43698
6.3788998 167.43696
6.3808982 167.43693
6.3828966 167.4369
6.384895 167.43688
6.3868934 167.43685
6.3888918 167.43683
6.3908902 167.4368
6.3928886 167.43678
6.394887 167.43675
6.3968854 167.43673
6.3988838 167.4367
6.4008822 167.43668
6.4028806 167.43665
6.404879 167.43663
6.4068774 167.4366
6.4088758 167.43657
6.4108742 167.43655
6.4128726 167.43652
6.414871 167.4365
6.4168694 167.43647
6.4188678 167.43645
6.4208662 167.43642
6.4228646 167.4364
6.424863 167.43637
6.4268614 167.43635
6.4288598 167.43632
6.4308582 167.4363
6.4328566 167.43627
6.434855 167.43625
6.4368534 167.43622
6.4388518 167.4362
6.4408502 167.43617
6.4428486 167.43615
6.444847 167.43612
6.4468454 167.4361
6.4488438 167.43607
6.4508422 167.43605
6.4528406 167.43602
6.454839 167.436
6.4568374 167.43597
6.4588358 167.43595
6.4608342 167.43592
6.4628326 167.4359
6.464831 167.43587
6.4668294 167.43585
6.4688278 167.43582
6.4708262 167.4358
6.4728246 167.43577
6.474823 167.43575
6.4768214 167.43572
6.4788198 167.4357
6.4808182 167.43568
6.4828166 167.43565
6.484815 167.43563
6.4868134 167.4356
6.4888118 167.43558
6.4908102 167.43555
6.4928086 167.43553
6.494807 167.4355
6.4968054 167.43548
6.4988038 167.43545
6.5008022 167.43543
6.5028006 167.4354
6.504799 167.43538
6.5067974 167.43536
6.5087958 167.43533
6.5107942 167.43531
6.5127926 167.43528
6.514791 167.43526
6.5167894 167.43523
6.5187878 167.43521
6.5207862 167.43518
6.5227846 167.43516
6.524783 167.43514
6.5267814 167.43511
6.5287798 167.43509
6.5307782 167.43506
6.5327766 167.43504
6.534775 167.43501
6.5367734 167.43499
6.5387718 167.43497
6.5407702 167.43494
6.5427686 167.43492
6.544767 167.43489
6.5467654 167.43487
6.5487638 167.43484
6.5507622 167.43482
6.5527606 167.4348
6.554759 167.43477
6.5567574 167.43475
6.5587558 167.43472
6.5607542 167.4347
6.5627526 167.43467
6.564751 167.43465
6.5667493 167.43463
6.5687477 167.4346
6.5707461 167.43458
6.5727445 167.43455
6.5747429 167.43453
6.5767413 167.43451
6.5787397 167.43448
6.5807381 167.43446
6.5827365 167.43443
6.5847349 167.43441
6.5867333 167.43439
6.5887317 167.43436
6.5907301 167.43434
6.5927285 167.43431
6.5947269 167.43429
6.5967253 167.43427
6.5987237 167.43424
6.6007221 167.43422
6.6027205 167.4342
6.6047189 167.43417
6.6067173 167.43415
6.6087157 167.43412
6.6107141 167.4341
6.6127125 167.43408
6.6147109 167.43405
6.6167093 167.43403
6.6187077 167.43401
6.6207061 167.43398
6.6227045 167.43396
6.6247029 167.43393
6.6267013 167.43391
6.6286997 167.43389
6.6306981 167.43386
6.6326965 167.43384
6.6346949 167.43382
6.6366933 167.43379
6.6386917 167.43377
6.6406901 167.43375
6.6426885 167.43372
6.6446869 167.4337
6.6466853 167.43368
6.6486837 167.43365
6.6506821 167.43363
6.6526805 167.4336
6.6546789 167.43358
6.6566773 167.43356
6.6586757 167.43353
6.6606741 167.43351
6.6626725 167.43349
6.6646709 167.43346
6.6666693 167.43344
6.6686677 167.43342
6.6706661 167.43339
6.6726645 167.43337
6.6746629 167.43335
6.6766613 167.43332
6.6786597 167.4333
6.6806581 167.43328
6.6826565 167.43325
6.6846549 167.43323
6.6866533 167.43321
6.6886517 167.43318
6.6906501 167.43316
6.6926485 167.43314
6.6946469 167.43312
6.6966453 167.43309
6.6986437 167.43307
6.7006421 167.43305
6.7026405 167.43302
6.7046389 167.433
6.7066373 167.43298
6.7086357 167.43295
6.7106341 167.43293
6.7126325 167.43291
6.7146309 167.43288
6.7166293 167.43286
6.7186277 167.43284
6.7206261 167.43282
6.7226245 167.43279
6.7246229 167.43277
6.7266213 167.43275
6.7286197 167.43272
6.7306181 167.4327
6.7326165 167.43268
6.7346149 167.43265
6.7366133 167.43263
6.7386117 167.43261
6.7406101 167.43259
6.7426085 167.43256
6.7446069 167.43254
6.7466053 167.43252
6.7486037 167.43249
6.7506021 167.43247
6.7526005 167.43245
6.7545989 167.43243
6.7565973 167.4324
6.7585957 167.43238
6.7605941 167.43236
6.7625925 167.43234
6.7645909 167.43231
6.7665893 167.43229
6.7685877 167.43227
6.7705861 167.43224
6.7725845 167.43222
6.7745829 167.4322
6.7765813 167.43218
6.7785797 167.43215
6.7805781 167.43213
6.7825765 167.43211
6.7845749 167.43209
6.7865733 167.43206
6.7885717 167.43204
6.7905701 167.43202
6.7925685 167.432
6.7945669 167.43197
6.7965653 167.43195
6.7985637 167.43193
6.8005621 167.43191
6.8025605 167.43188
6.8045589 167.43186
6.8065573 167.43184
6.8085557 167.43182
6.8105541 167.43179
6.8125525 167.43177
6.8145509 167.43175
6.8165493 167.43173
6.8185477 167.43171
6.8205461 167.43168
6.8225445 167.43166
6.8245429 167.43164
6.8265413 167.43162
6.8285397 167.43159
6.8305381 167.43157
6.8325365 167.43155
6.8345349 167.43153
6.8365333 167.4315
6.8385317 167.43148
6.8405301 167.43146
6.8425285 167.43144
6.8445269 167.43142
6.8465253 167.43139
6.8485237 167.43137
6.8505221 167.43135
6.8525205 167.43133
6.8545189 167.43131
6.8565173 167.43128
6.8585157 167.43126
6.8605141 167.43124
6.8625125 167.43122
6.8645109 167.43119
6.8665093 167.43117
6.8685077 167.43115
6.8705061 167.43113
6.8725045 167.43111
6.8745029 167.43108
6.8765013 167.43106
6.8784997 167.43104
6.8804981 167.43102
6.8824965 167.431
6.8844949 167.43098
6.8864933 167.43095
6.8884917 167.43093
6.8904901 167.43091
6.8924885 167.43089
6.8944869 167.43087
6.8964853 167.43084
6.8984837 167.43082
6.9004821 167.4308
6.9024805 167.43078
6.9044789 167.43076
6.9064773 167.43074
6.9084757 167.43071
6.9104741 167.43069
6.9124725 167.43067
6.9144709 167.43065
6.9164693 167.43063
6.9184677 167.4306
6.9204661 167.43058
6.9224645 167.43056
6.9244629 167.43054
6.9264613 167.43052
6.9284597 167.4305
6.9304581 167.43047
6.9324565 167.43045
6.9344549 167.43043
6.9364533 167.43041
6.9384517 167.43039
6.9404501 167.43037
6.9424485 167.43035
6.9444469 167.43032
6.9464453 167.4303
6.9484437 167.43028
6.9504421 167.43026
6.9524405 167.43024
6.9544389 167.43022
6.9564373 167.43019
6.9584357 167.43017
6.9604341 167.43015
6.9624325 167.43013
6.9644309 167.43011
6.9664293 167.43009
6.9684277 167.43007
6.9704261 167.43004
6.9724245 167.43002
6.9744229 167.43
6.9764213 167.42998
6.9784197 167.42996
6.9804181 167.42994
6.9824165 167.42992
6.9844149 167.4299
6.9864133 167.42987
6.9884117 167.42985
6.9904101 167.42983
6.9924085 167.42981
6.9944069 167.42979
6.9964053 167.42977
6.9984037 167.42975
7.0004021 167.42973
7.0024005 167.4297
7.0043989 167.42968
7.0063973 167.42966
7.0083957 167.42964
7.0103941 167.42962
7.0123925 167.4296
7.0143909 167.42958
7.0163893 167.42956
7.0183877 167.42954
7.0203861 167.42951
7.0223845 167.42949
7.0243829 167.42947
7.0263813 167.42945
7.0283797 167.42943
7.0303781 167.42941
7.0323765 167.42939
7.0343749 167.42937
7.0363733 167.42935
7.0383717 167.42933
7.0403701 167.4293
7.0423685 167.42928
7.0443669 167.42926
7.0463653 167.42924
7.0483637 167.42922
7.0503621 167.4292
7.0523605 167.42918
7.0543589 167.42916
7.0563573 167.42914
7.0583557 167.42912
7.0603541 167.4291
7.0623525 167.42907
7.0643509 167.42905
7.0663493 167.42903
7.0683477 167.42901
7.0703461 167.42899
7.0723445 167.42897
7.0743429 167.42895
7.0763413 167.42893
7.0783397 167.42891
7.0803381 167.42889
7.0823365 167.42887
7.0843349 167.42885
7.0863333 167.42883
7.0883317 167.4288
7.0903301 167.42878
7.0923285 167.42876
7.0943269 167.42874
7.0963253 167.42872
7.0983237 167.4287
7.1003221 167.42868
7.1023205 167.42866
7.1043189 167.42864
7.1063173 167.42862
7.1083157 167.4286
7.1103141 167.42858
7.1123125 167.42856
7.1143109 167.42854
7.1163093 167.42852
7.1183077 167.4285
7.1203061 167.42848
7.1223045 167.42846
7.1243029 167.42843
7.1263013 167.42841
7.1282997 167.42839
7.1302981 167.42837
7.1322965 167.42835
7.1342949 167.42833
7.1362933 167.42831
7.1382917 167.42829
7.1402901 167.42827
7.1422885 167.42825
7.1442869 167.42823
7.1462853 167.42821
7.1482837 167.42819
7.1502821 167.42817
7.1522805 167.42815
7.1542789 167.42813
7.1562773 167.42811
7.1582757 167.42809
7.1602741 167.42807
7.1622725 167.42805
7.1642709 167.42803
7.1662693 167.42801
7.1682677 167.42799
7.1702661 167.42797
7.1722645 167.42795
7.1742629 167.42793
7.1762613 167.42791
7.1782597 167.42789
7.1802581 167.42787
7.1822565 167.42785
7.1842549 167.42783
7.1862533 167.42781
7.1882517 167.42779
7.1902501 167.42777
7.1922484 167.42775
7.1942468 167.42773
7.1962452 167.42771
7.1982436 167.42769
7.200242 167.42767
7.2022404 167.42765
7.2042388 167.42763
7.2062372 167.42761
7.2082356 167.42759
7.210234 167.42757
7.2122324 167.42755
7.2142308 167.42753
7.2162292 167.42751
7.2182276 167.42749
7.220226 167.42747
7.2222244 167.42745
7.2242228 167.42743
7.2262212 167.42741
7.2282196 167.42739
7.230218 167.42737
7.2322164 167.42735
7.2342148 167.42733
7.2362132 167.42731
7.2382116 167.42729
7.24021 167.42727
7.2422084 167.42725
7.2442068 167.42723
7.2462052 167.42721
7.2482036 167.42719
7.250202 167.42717
7.2522004 167.42715
7.2541988 167.42713
7.2561972 167.42711
7.2581956 167.42709
7.260194 167.42707
7.2621924 167.42705
7.2641908 167.42703
7.2661892 167.42701
7.2681876 167.42699
7.270186 167.42697
7.2721844 167.42695
7.2741828 167.42693
7.2761812 167.42691
7.2781796 167.42689
7.280178 167.42687
7.2821764 167.42685
7.2841748 167.42683
7.2861732 167.42681
7.2881716 167.42679
7.29017 167.42678
7.2921684 167.42676
7.2941668 167.42674
7.2961652 167.42672
7.2981636 167.4267
7.300162 167.42668
7.3021604 167.42666
7.3041588 167.42664
7.3061572 167.42662
7.3081556 167.4266
7.310154 167.42658
7.3121524 167.42656
7.3141508 167.42654
7.3161492 167.42652
7.3181476 167.4265
7.320146 167.42648
7.3221444 167.42646
7.3241428 167.42644
7.3261412 167.42643
7.3281396 167.42641
7.330138 167.42639
7.3321364 167.42637
7.3341348 167.42635
7.3361332 167.42633
7.3381316 167.42631
7.34013 167.42629
7.3421284 167.42627
7.3441268 167.42625
7.3461252 167.42623
7.3481236 167.42621
7.350122 167.42619
7.3521204 167.42617
7.3541188 167.42616
7.3561172 167.42614
7.3581156 167.42612
7.360114 167.4261
7.3621124 167.42608
7.3641108 167.42606
7.3661092 167.42604
7.3681076 167.42602
7.370106 167.426
7.3721044 167.42598
7.3741028 167.42596
7.3761012 167.42594
7.3780996 167.42593
7.380098 167.42591
7.3820964 167.42589
7.3840948 167.42587
7.3860932 167.42585
7.3880916 167.42583
7.39009 167.42581
7.3920884 167.42579
7.3940868 167.42577
7.3960852 167.42575
7.3980836 167.42574
7.400082 167.42572
7.4020804 167.4257
7.4040788 167.42568
7.4060772 167.42566
7.4080756 167.42564
7.410074 167.42562
7.4120724 167.4256
7.4140708 167.42558
7.4160692 167.42557
7.4180676 167.42555
7.420066 167.42553
7.4220644 167.42551
7.4240628 167.42549
7.4260612 167.42547
7.4280596 167.42545
7.430058 167.42543
7.4320564 167.42541
7.4340548 167.4254
7.4360532 167.42538
7.4380516 167.42536
7.44005 167.42534
7.4420484 167.42532
7.4440468 167.4253
7.4460452 167.42528
7.4480436 167.42526
7.450042 167.42525
7.4520404 167.42523
7.4540388 167.42521
7.4560372 167.42519
7.4580356 167.42517
7.460034 167.42515
7.4620324 167.42513
7.4640308 167.42512
7.4660292 167.4251
7.4680276 167.42508
7.470026 167.42506
7.4720244 167.42504
7.4740228 167.42502
7.4760212 167.425
7.4780196 167.42498
7.480018 167.42497
7.4820164 167.42495
7.4840148 167.42493
7.4860132 167.42491
7.4880116 167.42489
7.49001 167.42487
7.4920084 167.42486
7.4940068 167.42484
7.4960052 167.42482
7.4980036 167.4248
7.500002 167.42478
7.5020004 167.42476
7.5039988 167.42474
7.5059972 167.42473
7.5079956 167.42471
7.509994 167.42469
7.5119924 167.42467
7.5139908 167.42465
7.5159892 167.42463
7.5179876 167.42462
7.519986 167.4246
7.5219844 167.42458
7.5239828 167.42456
7.5259812 167.42454
7.5279796 167.42452
7.529978 167.42451
7.5319764 167.42449
7.5339748 167.42447
7.5359732 167.42445
7.5379716 167.42443
7.53997 167.42441
7.5419684 167.4244
7.5439668 167.42438
7.5459652 167.42436
7.5479636 167.42434
7.549962 167.42432
7.5519604 167.4243
7.5539588 167.42429
7.5559572 167.42427
7.5579556 167.42425
7.559954 167.42423
7.5619524 167.42421
7.5639508 167.4242
7.5659492 167.42418
7.5679476 167.42416
7.569946 167.42414
7.5719444 167.42412
7.5739428 167.4241
7.5759412 167.42409
7.5779396 167.42407
7.579938 167.42405
7.5819364 167.42403
7.5839348 167.42401
7.5859332 167.424
7.5879316 167.42398
7.58993 167.42396
7.5919284 167.42394
7.5939268 167.42392
7.5959252 167.42391
7.5979236 167.42389
7.599922 167.42387
7.6019204 167.42385
7.6039188 167.42383
7.6059172 167.42382
7.6079156 167.4238
7.609914 167.42378
7.6119124 167.42376
7.6139108 167.42374
7.6159092 167.42373
7.6179076 167.42371
7.619906 167.42369
7.6219044 167.42367
7.6239028 167.42366
7.6259012 167.42364
7.6278996 167.42362
7.629898 167.4236
7.6318964 167.42358
7.6338948 167.42357
7.6358932 167.42355
7.6378916 167.42353
7.63989 167.42351
7.6418884 167.42349
7.6438868 167.42348
7.6458852 167.42346
7.6478836 167.42344
7.649882 167.42342
7.6518804 167.42341
7.6538788 167.42339
7.6558772 167.42337
7.6578756 167.42335
7.659874 167.42334
7.6618724 167.42332
7.6638708 167.4233
7.6658692 167.42328
7.6678676 167.42326
7.669866 167.42325
7.6718644 167.42323
7.6738628 167.42321
7.6758612 167.42319
7.6778596 167.42318
7.679858 167.42316
7.6818564 167.42314
7.6838548 167.42312
7.6858532 167.42311
7.6878516 167.42309
7.68985 167.42307
7.6918484 167.42305
7.6938468 167.42304
7.6958452 167.42302
7.6978436 167.423
7.699842 167.42298
7.7018404 167.42297
7.7038388 167.42295
7.7058372 167.42293
7.7078356 167.42291
7.709834 167.4229
7.7118324 167.42288
7.7138308 167.42286
7.7158292 167.42284
7.7178276 167.42283
7.719826 167.42281
7.7218244 167.42279
7.7238228 167.42277
7.7258212 167.42276
7.7278196 167.42274
7.729818 167.42272
7.7318164 167.4227
7.7338148 167.42269
7.7358132 167.42267
7.7378116 167.42265
7.73981 167.42263
7.7418084 167.42262
7.7438068 167.4226
7.7458052 167.42258
7.7478036 167.42257
7.749802 167.42255
7.7518004 167.42253
7.7537988 167.42251
7.7557972 167.4225
7.7577956 167.42248
7.759794 167.42246
7.7617924 167.42244
7.7637908 167.42243
7.7657892 167.42241
7.7677876 167.42239
7.769786 167.42238
7.7717844 167.42236
7.7737828 167.42234
7.7757812 167.42232
7.7777796 167.42231
7.779778 167.42229
7.7817764 167.42227
7.7837748 167.42226
7.7857732 167.42224
7.7877716 167.42222
7.78977 167.4222
7.7917684 167.42219
7.7937668 167.42217
7.7957652 167.42215
7.7977636 167.42214
7.799762 167.42212
7.8017604 167.4221
7.8037588 167.42208
7.8057572 167.42207
7.8077556 167.42205
7.809754 167.42203
7.8117524 167.42202
7.8137508 167.422
7.8157491 167.42198
7.8177475 167.42197
7.8197459 167.42195
7.8217443 167.42193
7.8237427 167.42191
7.8257411 167.4219
7.8277395 167.42188
7.8297379 167.42186
7.8317363 167.42185
7.8337347 167.42183
7.8357331 167.42181
7.8377315 167.4218
7.8397299 167.42178
7.8417283 167.42176
7.8437267 167.42175
7.8457251 167.42173
7.8477235 167.42171
7.8497219 167.42169
7.8517203 167.42168
7.8537187 167.42166
7.8557171 167.42164
7.8577155 167.42163
7.8597139 167.42161
7.8617123 167.42159
7.8637107 167.42158
7.8657091 167.42156
7.8677075 167.42154
7.8697059 167.42153
7.8717043 167.42151
7.8737027 167.42149
7.8757011 167.42148
7.8776995 167.42146
7.8796979 167.42144
7.8816963 167.42143
7.8836947 167.42141
7.8856931 167.42139
7.8876915 167.42138
7.8896899 167.42136
7.8916883 167.42134
7.8936867 167.42133
7.8956851 167.42131
7.8976835 167.42129
7.8996819 167.42128
7.9016803 167.42126
7.9036787 167.42124
7.9056771 167.42123
7.9076755 167.42121
7.9096739 167.42119
7.9116723 167.42118
7.9136707 167.42116
7.9156691 167.42114
7.9176675 167.42113
7.9196659 167.42111
7.9216643 167.42109
7.9236627 167.42108
7.9256611 167.42106
7.9276595 167.42104
7.9296579 167.42103
7.9316563 167.42101
7.9336547 167.42099
7.9356531 167.42098
7.9376515 167.42096
7.9396499 167.42094
7.9416483 167.42093
7.9436467 167.42091
7.9456451 167.4209
7.9476435 167.42088
7.9496419 167.42086
7.9516403 167.42085
7.9536387 167.42083
7.9556371 167.42081
7.9576355 167.4208
7.9596339 167.42078
7.9616323 167.42076
7.9636307 167.42075
7.9656291 167.42073
7.9676275 167.42071
7.9696259 167.4207
7.9716243 167.42068
7.9736227 167.42067
7.9756211 167.42065
7.9776195 167.42063
7.9796179 167.42062
7.9816163 167.4206
7.9836147 167.42058
7.9856131 167.42057
7.9876115 167.42055
7.9896099 167.42054
7.9916083 167.42052
7.9936067 167.4205
7.9956051 167.42049
7.9976035 167.42047
7.9996019 167.42045
8.0016003 167.42044
8.0035987 167.42042
8.0055971 167.42041
8.0075955 167.42039
8.0095939 167.42037
8.0115923 167.42036
8.0135907 167.42034
8.0155891 167.42032
8.0175875 167.42031
8.0195859 167.42029
8.0215843 167.42028
8.0235827 167.42026
8.0255811 167.42024
8.0275795 167.42023
8.0295779 167.42021
8.0315763 167.4202
8.0335747 167.42018
8.0355731 167.42016
8.0375715 167.42015
8.0395699 167.42013
8.0415683 167.42012
8.0435667 167.4201
8.0455651 167.42008
8.0475635 167.42007
8.0495619 167.42005
8.0515603 167.42004
8.0535587 167.42002
8.0555571 167.42
8.0575555 167.41999
8.0595539 167.41997
8.0615523 167.41996
8.0635507 167.41994
8.0655491 167.41992
8.0675475 167.41991
8.0695459 167.41989
8.0715443 167.41988
8.0735427 167.41986
8.0755411 167.41984
8.0775395 167.41983
8.0795379 167.41981
8.0815363 167.4198
8.0835347 167.41978
8.0855331 167.41976
8.0875315 167.41975
8.0895299 167.41973
8.0915283 167.41972
8.0935267 167.4197
8.0955251 167.41968
8.0975235 167.41967
8.0995219 167.41965
8.1015203 167.41964
8.1035187 167.41962
8.1055171 167.41961
8.1075155 167.41959
8.1095139 167.41957
8.1115123 167.41956
8.1135107 167.41954
8.1155091 167.41953
8.1175075 167.41951
8.1195059 167.4195
8.1215043 167.41948
8.1235027 167.41946
8.1255011 167.41945
8.1274995 167.41943
8.1294979 167.41942
8.1314963 167.4194
8.1334947 167.41939
8.1354931 167.41937
8.1374915 167.41935
8.1394899 167.41934
8.1414883 167.41932
8.1434867 167.41931
8.1454851 167.41929
8.1474835 167.41928
8.1494819 167.41926
8.1514803 167.41924
8.1534787 167.41923
8.1554771 167.41921
8.1574755 167.4192
8.1594739 167.41918
8.1614723 167.41917
8.1634707 167.41915
8.1654691 167.41914
8.1674675 167.41912
8.1694659 167.4191
8.1714643 167.41909
8.1734627 167.41907
8.1754611 167.41906
8.1774595 167.41904
8.1794579 167.41903
8.1814563 167.41901
8.1834547 167.419
8.1854531 167.41898
8.1874515 167.41896
8.1894499 167.41895
8.1914483 167.41893
8.1934467 167.41892
8.1954451 167.4189
8.1974435 167.41889
8.1994419 167.41887
8.2014403 167.41886
8.2034387 167.41884
8.2054371 167.41883
8.2074355 167.41881
8.2094339 167.41879
8.2114323 167.41878
8.2134307 167.41876
8.2154291 167.41875
8.2174275 167.41873
8.2194259 167.41872
8.2214243 167.4187
8.2234227 167.41869
8.2254211 167.41867
8.2274195 167.41866
8.2294179 167.41864
8.2314163 167.41863
8.2334147 167.41861
8.2354131 167.41859
8.2374115 167.41858
8.2394099 167.41856
8.2414083 167.41855
8.2434067 167.41853
8.2454051 167.41852
8.2474035 167.4185
8.2494019 167.41849
8.2514003 167.41847
8.2533987 167.41846
8.2553971 167.41844
8.2573955 167.41843
8.2593939 167.41841
8.2613923 167.4184
8.2633907 167.41838
8.2653891 167.41837
8.2673875 167.41835
8.2693859 167.41834
8.2713843 167.41832
8.2733827 167.41831
8.2753811 167.41829
8.2773795 167.41827
8.2793779 167.41826
8.2813763 167.41824
8.2833747 167.41823
8.2853731 167.41821
8.2873715 167.4182
8.2893699 167.41818
8.2913683 167.41817
8.2933667 167.41815
8.2953651 167.41814
8.2973635 167.41812
8.2993619 167.41811
8.3013603 167.41809
8.3033587 167.41808
8.3053571 167.41806
8.3073555 167.41805
8.3093539 167.41803
8.3113523 167.41802
8.3133507 167.418
8.3153491 167.41799
8.3173475 167.41797
8.3193459 167.41796
8.3213443 167.41794
8.3233427 167.41793
8.3253411 167.41791
8.3273395 167.4179
8.3293379 167.41788
8.3313363 167.41787
8.3333347 167.41785
8.3353331 167.41784
8.3373315 167.41782
8.3393299 167.41781
8.3413283 167.41779
8.3433267 167.41778
8.3453251 167.41776
8.3473235 167.41775
8.3493219 167.41773
8.3513203 167.41772
8.3533187 167.4177
8.3553171 167.41769
8.3573155 167.41767
8.3593139 167.41766
8.3613123 167.41764
8.3633107 167.41763
8.3653091 167.41762
8.3673075 167.4176
8.3693059 167.41759
8.3713043 167.41757
8.3733027 167.41756
8.3753011 167.41754
8.3772995 167.41753
8.3792979 167.41751
8.3812963 167.4175
8.3832947 167.41748
8.3852931 167.41747
8.3872915 167.41745
8.3892899 167.41744
8.3912883 167.41742
8.3932867 167.41741
8.3952851 167.41739
8.3972835 167.41738
8.3992819 167.41736
8.4012803 167.41735
8.4032787 167.41733
8.4052771 167.41732
8.4072755 167.41731
8.4092739 167.41729
8.4112723 167.41728
8.4132707 167.41726
8.4152691 167.41725
8.4172675 167.41723
8.4192659 167.41722
8.4212643 167.4172
8.4232627 167.41719
8.4252611 167.41717
8.4272595 167.41716
8.4292579 167.41714
8.4312563 167.41713
8.4332547 167.41711
8.4352531 167.4171
8.4372515 167.41709
8.4392498 167.41707
8.4412482 167.41706
8.4432466 167.41704
8.445245 167.41703
8.4472434 167.41701
8.4492418 167.417
8.4512402 167.41698
8.4532386 167.41697
8.455237 167.41695
8.4572354 167.41694
8.4592338 167.41693
8.4612322 167.41691
8.4632306 167.4169
8.465229 167.41688
8.4672274 167.41687
8.4692258 167.41685
8.4712242 167.41684
8.4732226 167.41682
8.475221 167.41681
8.4772194 167.4168
8.4792178 167.41678
8.4812162 167.41677
8.4832146 167.41675
8.485213 167.41674
8.4872114 167.41672
8.4892098 167.41671
8.4912082 167.41669
8.4932066 167.41668
8.495205 167.41667
8.4972034 167.41665
8.4992018 167.41664
8.5012002 167.41662
8.5031986 167.41661
8.505197 167.41659
8.5071954 167.41658
8.5091938 167.41657
8.5111922 167.41655
8.5131906 167.41654
8.515189 167.41652
8.5171874 167.41651
8.5191858 167.41649
8.5211842 167.41648
8.5231826 167.41646
8.525181 167.41645
8.5271794 167.41644
8.5291778 167.41642
8.5311762 167.41641
8.5331746 167.41639
8.535173 167.41638
8.5371714 167.41637
8.5391698 167.41635
8.5411682 167.41634
8.5431666 167.41632
8.545165 167.41631
8.5471634 167.41629
8.5491618 167.41628
8.5511602 167.41627
8.5531586 167.41625
8.555157 167.41624
8.5571554 167.41622
8.5591538 167.41621
8.5611522 167.41619
8.5631506 167.41618
8.565149 167.41617
8.5671474 167.41615
8.5691458 167.41614
8.5711442 167.41612
8.5731426 167.41611
8.575141 167.4161
8.5771394 167.41608
8.5791378 167.41607
8.5811362 167.41605
8.5831346 167.41604
8.585133 167.41603
8.5871314 167.41601
8.5891298 167.416
8.5911282 167.41598
8.5931266 167.41597
8.595125 167.41595
8.5971234 167.41594
8.5991218 167.41593
8.6011202 167.41591
8.6031186 167.4159
8.605117 167.41588
8.6071154 167.41587
8.6091138 167.41586
8.6111122 167.41584
8.6131106 167.41583
8.615109 167.41581
8.6171074 167.4158
8.6191058 167.41579
8.6211042 167.41577
8.6231026 167.41576
8.625101 167.41574
8.6270994 167.41573
8.6290978 167.41572
8.6310962 167.4157
8.6330946 167.41569
8.635093 167.41568
8.6370914 167.41566
8.6390898 167.41565
8.6410882 167.41563
8.6430866 167.41562
8.645085 167.41561
8.6470834 167.41559
8.6490818 167.41558
8.6510802 167.41556
8.6530786 167.41555
8.655077 167.41554
8.6570754 167.41552
8.6590738 167.41551
8.6610722 167.41549
8.6630706 167.41548
8.665069 167.41547
8.6670674 167.41545
8.6690658 167.41544
8.6710642 167.41543
8.6730626 167.41541
8.675061 167.4154
8.6770594 167.41538
8.6790578 167.41537
8.6810562 167.41536
8.6830546 167.41534
8.685053 167.41533
8.6870514 167.41532
8.6890498 167.4153
8.6910482 167.41529
8.6930466 167.41527
8.695045 167.41526
8.6970434 167.41525
8.6990418 167.41523
8.7010402 167.41522
8.7030386 167.41521
8.705037 167.41519
8.7070354 167.41518
8.7090338 167.41516
8.7110322 167.41515
8.7130306 167.41514
8.715029 167.41512
8.7170274 167.41511
8.7190258 167.4151
8.7210242 167.41508
8.7230226 167.41507
8.725021 167.41506
8.7270194 167.41504
8.7290178 167.41503
8.7310162 167.41501
8.7330146 167.415
8.735013 167.41499
8.7370114 167.41497
8.7390098 167.41496
8.7410082 167.41495
8.7430066 167.41493
8.745005 167.41492
8.7470034 167.41491
8.7490018 167.41489
8.7510002 167.41488
8.7529986 167.41486
8.754997 167.41485
8.7569954 167.41484
8.7589938 167.41482
8.7609922 167.41481
8.7629906 167.4148
8.764989 167.41478
8.7669874 167.41477
8.7689858 167.41476
8.7709842 167.41474
8.7729826 167.41473
8.774981 167.41472
8.7769794 167.4147
8.7789778 167.41469
8.7809762 167.41468
8.7829746 167.41466
8.784973 167.41465
8.7869714 167.41464
8.7889698 167.41462
8.7909682 167.41461
8.7929666 167.4146
8.794965 167.41458
8.7969634 167.41457
8.7989618 167.41455
8.8009602 167.41454
8.8029586 167.41453
8.804957 167.41451
8.8069554 167.4145
8.8089538 167.41449
8.8109522 167.41447
8.8129506 167.41446
8.814949 167.41445
8.8169474 167.41443
8.8189458 167.41442
8.8209442 167.41441
8.8229426 167.41439
8.824941 167.41438
8.8269394 167.41437
8.8289378 167.41435
8.8309362 167.41434
8.8329346 167.41433
8.834933 167.41431
8.8369314 167.4143
8.8389298 167.41429
8.8409282 167.41427
8.8429266 167.41426
8.844925 167.41425
8.8469234 167.41423
8.8489218 167.41422
8.8509202 167.41421
8.8529186 167.4142
8.854917 167.41418
8.8569154 167.41417
8.8589138 167.41416
8.8609122 167.41414
8.8629106 167.41413
8.864909 167.41412
8.8669074 167.4141
8.8689058 167.41409
8.8709042 167.41408
8.8729026 167.41406
8.874901 167.41405
8.8768994 167.41404
8.8788978 167.41402
8.8808962 167.41401
8.8828946 167.414
8.884893 167.41398
8.8868914 167.41397
8.8888898 167.41396
8.8908882 167.41394
8.8928866 167.41393
8.894885 167.41392
8.8968834 167.41391
8.8988818 167.41389
8.9008802 167.41388
8.9028786 167.41387
8.904877 167.41385
8.9068754 167.41384
8.9088738 167.41383
8.9108722 167.41381
8.9128706 167.4138
8.914869 167.41379
8.9168674 167.41377
8.9188658 167.41376
8.9208642 167.41375
8.9228626 167.41374
8.924861 167.41372
8.9268594 167.41371
8.9288578 167.4137
8.9308562 167.41368
8.9328546 167.41367
8.934853 167.41366
8.9368514 167.41364
8.9388498 167.41363
8.9408482 167.41362
8.9428466 167.41361
8.944845 167.41359
8.9468434 167.41358
8.9488418 167.41357
8.9508402 167.41355
8.9528386 167.41354
8.954837 167.41353
8.9568354 167.41351
8.9588338 167.4135
8.9608322 167.41349
8.9628306 167.41348
8.964829 167.41346
8.9668274 167.41345
8.9688258 167.41344
8.9708242 167.41342
8.9728226 167.41341
8.974821 167.4134
8.9768194 167.41339
8.9788178 167.41337
8.9808162 167.41336
8.9828146 167.41335
8.984813 167.41333
8.9868114 167.41332
8.9888098 167.41331
8.9908082 167.4133
8.9928066 167.41328
8.994805 167.41327
8.9968034 167.41326
8.9988018 167.41324
9.0008002 167.41323
9.0027986 167.41322
9.004797 167.41321
9.0067954 167.41319
9.0087938 167.41318
9.0107922 167.41317
9.0127906 167.41315
9.014789 167.41314
9.0167874 167.41313
9.0187858 167.41312
9.0207842 167.4131
9.0227826 167.41309
9.024781 167.41308
9.0267794 167.41307
9.0287778 167.41305
9.0307762 167.41304
9.0327746 167.41303
9.034773 167.41301
9.0367714 167.413
9.0387698 167.41299
9.0407682 167.41298
9.0427666 167.41296
9.044765 167.41295
9.0467634 167.41294
9.0487618 167.41293
9.0507602 167.41291
9.0527586 167.4129
9.054757 167.41289
9.0567554 167.41288
9.0587538 167.41286
9.0607522 167.41285
9.0627506 167.41284
9.0647489 167.41282
9.0667473 167.41281
9.0687457 167.4128
9.0707441 167.41279
9.0727425 167.41277
9.0747409 167.41276
9.0767393 167.41275
9.0787377 167.41274
9.0807361 167.41272
9.0827345 167.41271
9.0847329 167.4127
9.0867313 167.41269
9.0887297 167.41267
9.0907281 167.41266
9.0927265 167.41265
9.0947249 167.41264
9.0967233 167.41262
9.0987217 167.41261
9.1007201 167.4126
9.1027185 167.41259
9.1047169 167.41257
9.1067153 167.41256
9.1087137 167.41255
9.1107121 167.41254
9.1127105 167.41252
9.1147089 167.41251
9.1167073 167.4125
9.1187057 167.41249
9.1207041 167.41247
9.1227025 167.41246
9.1247009 167.41245
9.1266993 167.41244
9.1286977 167.41242
9.1306961 167.41241
9.1326945 167.4124
9.1346929 167.41239
9.1366913 167.41237
9.1386897 167.41236
9.1406881 167.41235
9.1426865 167.41234
9.1446849 167.41232
9.1466833 167.41231
9.1486817 167.4123
9.1506801 167.41229
9.1526785 167.41227
9.1546769 167.41226
9.1566753 167.41225
9.1586737 167.41224
9.1606721 167.41222
9.1626705 167.41221
9.1646689 167.4122
9.1666673 167.41219
9.1686657 167.41218
9.1706641 167.41216
9.1726625 167.41215
9.1746609 167.41214
9.1766593 167.41213
9.1786577 167.41211
9.1806561 167.4121
9.1826545 167.41209
9.1846529 167.41208
9.1866513 167.41206
9.1886497 167.41205
9.1906481 167.41204
9.1926465 167.41203
9.1946449 167.41202
9.1966433 167.412
9.1986417 167.41199
9.2006401 167.41198
9.2026385 167.41197
9.2046369 167.41195
9.2066353 167.41194
9.2086337 167.41193
9.2106321 167.41192
9.2126305 167.41191
9.2146289 167.41189
9.2166273 167.41188
9.2186257 167.41187
9.2206241 167.41186
9.2226225 167.41184
9.2246209 167.41183
9.2266193 167.41182
9.2286177 167.41181
9.2306161 167.4118
9.2326145 167.41178
9.2346129 167.41177
9.2366113 167.41176
9.2386097 167.41175
9.2406081 167.41173
9.2426065 167.41172
9.2446049 167.41171
9.2466033 167.4117
9.2486017 167.41169
9.2506001 167.41167
9.2525985 167.41166
9.2545969 167.41165
9.2565953 167.41164
9.2585937 167.41163
9.2605921 167.41161
9.2625905 167.4116
9.2645889 167.41159
9.2665873 167.41158
9.2685857 167.41156
9.2705841 167.41155
9.2725825 167.41154
9.2745809 167.41153
9.2765793 167.41152
9.2785777 167.4115
9.2805761 167.41149
9.2825745 167.41148
9.2845729 167.41147
9.2865713 167.41146
9.2885697 167.41144
9.2905681 167.41143
9.2925665 167.41142
9.2945649 167.41141
9.2965633 167.4114
9.2985617 167.41138
9.3005601 167.41137
9.3025585 167.41136
9.3045569 167.41135
9.3065553 167.41134
9.3085537 167.41132
9.3105521 167.41131
9.3125505 167.4113
9.3145489 167.41129
9.3165473 167.41128
9.3185457 167.41126
9.3205441 167.41125
9.3225425 167.41124
9.3245409 167.41123
9.3265393 167.41122
9.3285377 167.4112
9.3305361 167.41119
9.3325345 167.41118
9.3345329 167.41117
9.3365313 167.41116
9.3385297 167.41115
9.3405281 167.41113
9.3425265 167.41112
9.3445249 167.41111
9.3465233 167.4111
9.3485217 167.41109
9.3505201 167.41107
9.3525185 167.41106
9.3545169 167.41105
9.3565153 167.41104
9.3585137 167.41103
9.3605121 167.41101
9.3625105 167.411
9.3645089 167.41099
9.3665073 167.41098
9.3685057 167.41097
9.3705041 167.41096
9.3725025 167.41094
9.3745009 167.41093
9.3764993 167.41092
9.3784977 167.41091
9.3804961 167.4109
9.3824945 167.41088
9.3844929 167.41087
9.3864913 167.41086
9.3884897 167.41085
9.3904881 167.41084
9.3924865 167.41083
9.3944849 167.41081
9.3964833 167.4108
9.3984817 167.41079
9.4004801 167.41078
9.4024785 167.41077
9.4044769 167.41076
9.4064753 167.41074
9.4084737 167.41073
9.4104721 167.41072
9.4124705 167.41071
9.4144689 167.4107
9.4164673 167.41069
9.4184657 167.41067
9.4204641 167.41066
9.4224625 167.41065
9.4244609 167.41064
9.4264593 167.41063
9.4284577 167.41062
9.4304561 167.4106
9.4324545 167.41059
9.4344529 167.41058
9.4364513 167.41057
9.4384497 167.41056
9.4404481 167.41055
9.4424465 167.41053
9.4444449 167.41052
9.4464433 167.41051
9.4484417 167.4105
9.4504401 167.41049
9.4524385 167.41048
9.4544369 167.41046
9.4564353 167.41045
9.4584337 167.41044
9.4604321 167.41043
9.4624305 167.41042
9.4644289 167.41041
9.4664273 167.41039
9.4684257 167.41038
9.4704241 167.41037
9.4724225 167.41036
9.4744209 167.41035
9.4764193 167.41034
9.4784177 167.41032
9.4804161 167.41031
9.4824145 167.4103
9.4844129 167.41029
9.4864113 167.41028
9.4884097 167.41027
9.4904081 167.41026
9.4924065 167.41024
9.4944049 167.41023
9.4964033 167.41022
9.4984017 167.41021
9.5004001 167.4102
9.5023985 167.41019
9.5043969 167.41018
9.5063953 167.41016
9.5083937 167.41015
9.5103921 167.41014
9.5123905 167.41013
9.5143889 167.41012
9.5163873 167.41011
9.5183857 167.41009
9.5203841 167.41008
9.5223825 167.41007
9.5243809 167.41006
9.5263793 167.41005
9.5283777 167.41004
9.5303761 167.41003
9.5323745 167.41001
9.5343729 167.41
9.5363713 167.40999
9.5383697 167.40998
9.5403681 167.40997
9.5423665 167.40996
9.5443649 167.40995
9.5463633 167.40994
9.5483617 167.40992
9.5503601 167.40991
9.5523585 167.4099
9.5543569 167.40989
9.5563553 167.40988
9.5583537 167.40987
9.5603521 167.40986
9.5623505 167.40984
9.5643489 167.40983
9.5663473 167.40982
9.5683457 167.40981
9.5703441 167.4098
9.5723425 167.40979
9.5743409 167.40978
9.5763393 167.40976
9.5783377 167.40975
9.5803361 167.40974
9.5823345 167.40973
9.5843329 167.40972
9.5863313 167.40971
9.5883297 167.4097
9.5903281 167.40969
9.5923265 167.40967
9.5943249 167.40966
9.5963233 167.40965
9.5983217 167.40964
9.6003201 167.40963
9.6023185 167.40962
9.6043169 167.40961
9.6063153 167.4096
9.6083137 167.40958
9.6103121 167.40957
9.6123105 167.40956
9.6143089 167.40955
9.6163073 167.40954
9.6183057 167.40953
9.6203041 167.40952
9.6223025 167.40951
9.6243009 167.40949
9.6262993 167.40948
9.6282977 167.40947
9.6302961 167.40946
9.6322945 167.40945
9.6342929 167.40944
9.6362913 167.40943
9.6382897 167.40942
9.6402881 167.40941
9.6422865 167.40939
9.6442849 167.40938
9.6462833 167.40937
9.6482817 167.40936
9.6502801 167.40935
9.6522785 167.40934
9.6542769 167.40933
9.6562753 167.40932
9.6582737 167.40931
9.6602721 167.40929
9.6622705 167.40928
9.6642689 167.40927
9.6662673 167.40926
9.6682657 167.40925
9.6702641 167.40924
9.6722625 167.40923
9.6742609 167.40922
9.6762593 167.40921
9.6782577 167.40919
9.6802561 167.40918
9.6822545 167.40917
9.6842529 167.40916
9.6862513 167.40915
9.6882496 167.40914
9.690248 167.40913
9.6922464 167.40912
9.6942448 167.40911
9.6962432 167.40909
9.6982416 167.40908
9.70024 167.40907
9.7022384 167.40906
9.7042368 167.40905
9.7062352 167.40904
9.7082336 167.40903
9.710232 167.40902
9.7122304 167.40901
9.7142288 167.409
9.7162272 167.40898
9.7182256 167.40897
9.720224 167.40896
9.7222224 167.40895
9.7242208 167.40894
9.7262192 167.40893
9.7282176 167.40892
9.730216 167.40891
9.7322144 167.4089
9.7342128 167.40889
9.7362112 167.40887
9.7382096 167.40886
9.740208 167.40885
9.7422064 167.40884
9.7442048 167.40883
9.7462032 167.40882
9.7482016 167.40881
9.7502 167.4088
9.7521984 167.40879
9.7541968 167.40878
9.7561952 167.40877
9.7581936 167.40875
9.760192 167.40874
9.7621904 167.40873
9.7641888 167.40872
9.7661872 167.40871
9.7681856 167.4087
9.770184 167.40869
9.7721824 167.40868
9.7741808 167.40867
9.7761792 167.40866
9.7781776 167.40865
9.780176 167.40864
9.7821744 167.40862
9.7841728 167.40861
9.7861712 167.4086
9.7881696 167.40859
9.790168 167.40858
9.7921664 167.40857
9.7941648 167.40856
9.7961632 167.40855
9.7981616 167.40854
9.80016 167.40853
9.8021584 167.40852
9.8041568 167.40851
9.8061552 167.40849
9.8081536 167.40848
9.810152 167.40847
9.8121504 167.40846
9.8141488 167.40845
9.8161472 167.40844
9.8181456 167.40843
9.820144 167.40842
9.8221424 167.40841
9.8241408 167.4084
9.8261392 167.40839
9.8281376 167.40838
9.830136 167.40837
9.8321344 167.40835
9.8341328 167.40834
9.8361312 167.40833
9.8381296 167.40832
9.840128 167.40831
9.8421264 167.4083
9.8441248 167.40829
9.8461232 167.40828
9.8481216 167.40827
9.85012 167.40826
9.8521184 167.40825
9.8541168 167.40824
9.8561152 167.40823
9.8581136 167.40822
9.860112 167.40821
9.8621104 167.40819
9.8641088 167.40818
9.8661072 167.40817
9.8681056 167.40816
9.870104 167.40815
9.8721024 167.40814
9.8741008 167.40813
9.8760992 167.40812
9.8780976 167.40811
9.880096 167.4081
9.8820944 167.40809
9.8840928 167.40808
9.8860912 167.40807
9.8880896 167.40806
9.890088 167.40805
9.8920864 167.40803
9.8940848 167.40802
9.8960832 167.40801
9.8980816 167.408
9.90008 167.40799
9.9020784 167.40798
9.9040768 167.40797
9.9060752 167.40796
9.9080736 167.40795
9.910072 167.40794
9.9120704 167.40793
9.9140688 167.40792
9.9160672 167.40791
9.9180656 167.4079
9.920064 167.40789
9.9220624 167.40788
9.9240608 167.40787
9.9260592 167.40786
9.9280576 167.40784
9.930056 167.40783
9.9320544 167.40782
9.9340528 167.40781
9.9360512 167.4078
9.9380496 167.40779
9.940048 167.40778
9.9420464 167.40777
9.9440448 167.40776
9.9460432 167.40775
9.9480416 167.40774
9.95004 167.40773
9.9520384 167.40772
9.9540368 167.40771
9.9560352 167.4077
9.9580336 167.40769
9.960032 167.40768
9.9620304 167.40767
9.9640288 167.40766
9.9660272 167.40765
9.9680256 167.40764
9.970024 167.40762
9.9720224 167.40761
9.9740208 167.4076
9.9760192 167.40759
9.9780176 167.40758
9.980016 167.40757
9.9820144 167.40756
9.9840128 167.40755
9.9860112 167.40754
9.9880096 167.40753
9.990008 167.40752
9.9920064 167.40751
9.9940048 167.4075
9.9960032 167.40749
9.9980016 167.40748
10 167.40747

