0.01 28.186035
0.0119984 28.186035
0.013996799 28.186035
0.015995199 28.186035
0.017993599 28.186035
0.019991998 28.186035
0.021990398 28.186035
0.023988798 28.186035
0.025987197 28.186035
0.027985597 28.186035
0.029983997 28.186035
0.031982396 28.186035
0.033980796 28.186035
0.035979196 28.186035
0.037977596 28.186035
0.039975995 28.186035
0.041974395 28.186035
0.043972795 28.186035
0.045971194 28.186035
0.047969594 28.186035
0.049967994 28.186035
0.051966393 28.186035
0.053964793 28.186035
0.055963193 28.186035
0.057961592 28.186035
0.059959992 28.186035
0.061958392 28.186035
0.063956791 28.186035
0.065955191 28.186035
0.067953591 28.186035
0.06995199 28.186035
0.07195039 28.186035
0.07394879 28.186035
0.075947189 28.186035
0.077945589 28.186035
0.079943989 28.186035
0.081942388 28.186035
0.083940788 28.186035
0.085939188 28.186035
0.087937588 28.186035
0.089935987 28.186034
0.091934387 28.186034
0.093932787 28.186033
0.095931186 28.18603
0.097929586 28.186026
0.099927986 28.18602
0.10192639 28.186009
0.10392478 28.185993
0.10592318 28.185971
0.10792158 28.185939
0.10991998 28.185896
0.11191838 28.185837
0.11391678 28.185747
0.11591518 28.185581
0.11791358 28.185218
0.11991198 28.184376
0.12191038 28.182503
0.12390878 28.178756
0.12590718 28.172258
0.12790558 28.162678
0.12990398 28.150665
0.13190238 28.137569
0.13390078 28.124727
0.13589918 28.113017
0.13789758 28.102851
0.13989598 28.094331
0.14189438 28.087384
0.14389278 28.081844
0.14589118 28.07751
0.14788958 28.074192
0.14988798 28.071758
0.15188638 28.070118
0.15388478 28.069156
0.15588318 28.068678
0.15788158 28.068475
0.15987998 28.068398
0.16187838 28.068374
0.16387678 28.068379
0.16587518 28.068431
0.16787357 28.068628
0.16987197 28.06924
0.17187037 28.070937
0.17386877 28.075274
0.17586717 28.085553
0.17786557 28.107656
0.17986397 28.148601
0.18186237 28.209127
0.18386077 28.27601
0.18585917 28.331089
0.18785757 28.367285
0.18985597 28.388176
0.19185437 28.399649
0.19385277 28.405964
0.19585117 28.409554
0.19784957 28.411699
0.19984797 28.413068
0.20184637 28.414026
0.20384477 28.414754
0.20584317 28.415265
0.20784157 28.415302
0.20983997 28.41414
0.21183837 28.410321
0.21383677 28.401379
0.21583517 28.383672
0.21783357 28.352443
0.21983197 28.302211
0.22183037 28.227514
0.22382877 28.123955
0.22582717 27.989353
0.22782557 27.82472
0.22982396 27.634701
0.23182236 27.427227
0.23382076 27.212359
0.23581916 27.000657
0.23781756 26.801562
0.23981596 26.62227
0.24181436 26.467295
0.24381276 26.338644
0.24581116 26.236352
0.24780956 26.15911
0.24980796 26.10479
0.25180636 26.070815
0.25380476 26.054384
0.25580316 26.052623
0.25780156 26.062701
0.25979996 26.081931
0.26179836 26.107863
0.26379676 26.138349
0.26579516 26.171582
0.26779356 26.206108
0.26979196 26.240817
0.27179036 26.274928
0.27378876 26.307976
0.27578716 26.33979
0.27778556 26.370489
0.27978396 26.400466
0.28178236 26.430376
0.28378076 26.461113
0.28577916 26.493781
0.28777756 26.529644
0.28977596 26.570062
0.29177435 26.616408
0.29377275 26.669962
0.29577115 26.731795
0.29776955 26.802636
0.29976795 26.882747
0.30176635 26.971814
0.30376475 27.068885
0.30576315 27.172369
0.30776155 27.280115
0.30975995 27.389557
0.31175835 27.497923
0.31375675 27.60245
0.31575515 27.700591
0.31775355 27.790159
0.31975195 27.869408
0.32175035 27.937038
0.32374875 27.992136
0.32574715 28.034086
0.32774555 28.062448
0.32974395 28.076835
0.33174235 28.07681
0.33374075 28.06179
0.33573915 28.031006
0.33773755 27.983522
0.33973595 27.918369
0.34173435 27.834845
0.34373275 27.733023
0.34573115 27.614418
0.34772955 27.482633
0.34972795 27.343602
0.35172635 27.205069
0.35372474 27.075191
0.35572314 26.96077
0.35772154 26.865894
0.35971994 26.791579
0.36171834 26.736351
0.36371674 26.697286
0.36571514 26.670986
0.36771354 26.654246
0.36971194 26.64437
0.37171034 26.639261
0.37370874 26.637367
0.37570714 26.637583
0.37770554 26.639145
0.37970394 26.641535
0.38170234 26.644414
0.38370074 26.647562
0.38569914 26.650841
0.38769754 26.654171
0.38969594 26.657505
0.39169434 26.660823
0.39369274 26.664118
0.39569114 26.667395
0.39768954 26.670662
0.39968794 26.673933
0.40168634 26.677223
0.40368474 26.680546
0.40568314 26.683919
0.40768154 26.687358
0.40967994 26.690877
0.41167834 26.694491
0.41367674 26.698214
0.41567514 26.702059
0.41767353 26.706039
0.41967193 26.710165
0.42167033 26.714448
0.42366873 26.718898
0.42566713 26.723522
0.42766553 26.728327
0.42966393 26.733321
0.43166233 26.738506
0.43366073 26.743885
0.43565913 26.749459
0.43765753 26.755227
0.43965593 26.761185
0.44165433 26.767329
0.44365273 26.773651
0.44565113 26.780141
0.44764953 26.786787
0.44964793 26.793577
0.45164633 26.800494
0.45364473 26.807521
0.45564313 26.81464
0.45764153 26.82183
0.45963993 26.82907
0.46163833 26.836339
0.46363673 26.843614
0.46563513 26.850874
0.46763353 26.858098
0.46963193 26.865263
0.47163033 26.872351
0.47362873 26.879341
0.47562713 26.886218
0.47762553 26.892964
0.47962392 26.899566
0.48162232 26.90601
0.48362072 26.912288
0.48561912 26.918388
0.48761752 26.924305
0.48961592 26.930033
0.49161432 26.935569
0.49361272 26.940909
0.49561112 26.946053
0.49760952 26.951002
0.49960792 26.955757
0.50160632 26.960321
0.50360472 26.964696
0.50560312 26.968888
0.50760152 26.972901
0.50959992 26.97674
0.51159832 26.980411
0.51359672 26.98392
0.51559512 26.987274
0.51759352 26.990479
0.51959192 26.993541
0.52159032 26.996468
0.52358872 26.999266
0.52558712 27.001942
0.52758552 27.004503
0.52958392 27.006956
0.53158232 27.009308
0.53358072 27.011565
0.53557912 27.013736
0.53757752 27.015827
0.53957592 27.017847
0.54157431 27.019803
0.54357271 27.021704
0.54557111 27.023559
0.54756951 27.02538
0.54956791 27.027178
0.55156631 27.028965
0.55356471 27.030759
0.55556311 27.032577
0.55756151 27.034442
0.55955991 27.036378
0.56155831 27.038418
0.56355671 27.040601
0.56555511 27.042971
0.56755351 27.045586
0.56955191 27.048512
0.57155031 27.051831
0.57354871 27.05564
0.57554711 27.060052
0.57754551 27.065199
0.57954391 27.071229
0.58154231 27.078309
0.58354071 27.086614
0.58553911 27.096324
0.58753751 27.10761
0.58953591 27.12062
0.59153431 27.135464
0.59353271 27.152193
0.59553111 27.17079
0.59752951 27.191164
0.59952791 27.213153
0.60152631 27.236545
0.6035247 27.261102
0.6055231 27.286595
0.6075215 27.312836
0.6095199 27.339709
0.6115183 27.367187
0.6135167 27.395346
0.6155151 27.424361
0.6175135 27.454511
0.6195119 27.486166
0.6215103 27.51978
0.6235087 27.555891
0.6255071 27.595108
0.6275055 27.638111
0.6295039 27.685644
0.6315023 27.738508
0.6335007 27.797548
0.6354991 27.863642
0.6374975 27.937675
0.6394959 28.020514
0.6414943 28.112977
0.6434927 28.215802
0.6454911 28.32962
0.6474895 28.454945
0.6494879 28.592179
0.6514863 28.741651
0.6534847 28.903689
0.6554831 29.078735
0.6574815 29.267493
0.6594799 29.47113
0.6614783 29.691524
0.6634767 29.931584
0.6654751 30.19568
0.66747349 30.490242
0.66947189 30.824626
0.67147029 31.212381
0.67346869 31.673078
0.67546709 32.234877
0.67746549 32.937931
0.67946389 33.83849
0.68146229 35.013016
0.68346069 36.56063
0.68545909 38.600844
0.68745749 41.262452
0.68945589 44.660135
0.69145429 48.859964
0.69345269 53.843596
0.69545109 59.488682
0.69744949 65.580869
0.69944789 71.857269
0.70144629 78.062745
0.70344469 83.994695
0.70544309 89.522681
0.70744149 94.584758
0.70943989 99.17094
0.71143829 103.30403
0.71343669 107.02371
0.71543509 110.37557
0.71743349 113.40474
0.71943189 116.15259
0.72143029 118.65554
0.72342869 120.94491
0.72542709 123.04734
0.72742549 124.98534
0.72942388 126.778
0.73142228 128.44151
0.73342068 129.98966
0.73541908 131.43432
0.73741748 132.78573
0.73941588 134.05279
0.74141428 135.2433
0.74341268 136.3641
0.74541108 137.42126
0.74740948 138.42017
0.74940788 139.36565
0.75140628 140.26201
0.75340468 141.11313
0.75540308 141.92251
0.75740148 142.6933
0.75939988 143.42838
0.76139828 144.13035
0.76339668 144.80156
0.76539508 145.44417
0.76739348 146.06015
0.76939188 146.65129
0.77139028 147.21921
0.77338868 147.76543
0.77538708 148.29131
0.77738548 148.7981
0.77938388 149.28696
0.78138228 149.75895
0.78338068 150.21504
0.78537908 150.65611
0.78737748 151.083
0.78937588 151.49646
0.79137427 151.89718
0.79337267 152.28581
0.79537107 152.66295
0.79736947 153.02915
0.79936787 153.38492
0.80136627 153.73072
0.80336467 154.067
0.80536307 154.39417
0.80736147 154.71261
0.80935987 155.02267
0.81135827 155.32468
0.81335667 155.61895
0.81535507 155.90577
0.81735347 156.18541
0.81935187 156.45813
0.82135027 156.72417
0.82334867 156.98375
0.82534707 157.23709
0.82734547 157.48439
0.82934387 157.72584
0.83134227 157.96163
0.83334067 158.19192
0.83533907 158.41689
0.83733747 158.63668
0.83933587 158.85145
0.84133427 159.06135
0.84333267 159.2665
0.84533107 159.46704
0.84732947 159.6631
0.84932787 159.8548
0.85132627 160.04225
0.85332466 160.22556
0.85532306 160.40485
0.85732146 160.58022
0.85931986 160.75177
0.86131826 160.9196
0.86331666 161.0838
0.86531506 161.24446
0.86731346 161.40167
0.86931186 161.55552
0.87131026 161.70609
0.87330866 161.85346
0.87530706 161.99771
0.87730546 162.13891
0.87930386 162.27714
0.88130226 162.41247
0.88330066 162.54497
0.88529906 162.67471
0.88729746 162.80174
0.88929586 162.92614
0.89129426 163.04797
0.89329266 163.16729
0.89529106 163.28416
0.89728946 163.39863
0.89928786 163.51076
0.90128626 163.62061
0.90328466 163.72822
0.90528306 163.83365
0.90728146 163.93695
0.90927986 164.03817
0.91127826 164.13735
0.91327666 164.23454
0.91527506 164.32979
0.91727345 164.42314
0.91927185 164.51463
0.92127025 164.60431
0.92326865 164.69221
0.92526705 164.77837
0.92726545 164.86284
0.92926385 164.94565
0.93126225 165.02683
0.93326065 165.10643
0.93525905 165.18448
0.93725745 165.261
0.93925585 165.33604
0.94125425 165.40963
0.94325265 165.48179
0.94525105 165.55256
0.94724945 165.62197
0.94924785 165.69005
0.95124625 165.75682
0.95324465 165.82232
0.95524305 165.88656
0.95724145 165.94958
0.95923985 166.01141
0.96123825 166.07206
0.96323665 166.13156
0.96523505 166.18993
0.96723345 166.24721
0.96923185 166.3034
0.97123025 166.35854
0.97322865 166.41264
0.97522705 166.46573
0.97722545 166.51783
0.97922384 166.56895
0.98122224 166.61911
0.98322064 166.66835
0.98521904 166.71666
0.98721744 166.76408
0.98921584 166.81061
0.99121424 166.85629
0.99321264 166.90111
0.99521104 166.94511
0.99720944 166.9883
0.99920784 167.03068
1.0012062 167.07229
1.0032046 167.11313
1.005203 167.15322
1.0072014 167.19257
1.0091998 167.23119
1.0111982 167.26911
1.0131966 167.30633
1.015195 167.34287
1.0171934 167.37874
1.0191918 167.41395
1.0211902 167.44851
1.0231886 167.48244
1.025187 167.51576
1.0271854 167.54846
1.0291838 167.58056
1.0311822 167.61208
1.0331806 167.64302
1.035179 167.67339
1.0371774 167.70321
1.0391758 167.73248
1.0411742 167.76122
1.0431726 167.78943
1.045171 167.81713
1.0471694 167.84432
1.0491678 167.87101
1.0511662 167.89721
1.0531646 167.92294
1.055163 167.94819
1.0571614 167.97297
1.0591598 167.99731
1.0611582 168.02119
1.0631566 168.04464
1.065155 168.06766
1.0671534 168.09025
1.0691518 168.11242
1.0711502 168.13419
1.0731486 168.15555
1.075147 168.17652
1.0771454 168.1971
1.0791438 168.2173
1.0811422 168.23713
1.0831406 168.25659
1.085139 168.27568
1.0871374 168.29442
1.0891358 168.31281
1.0911342 168.33085
1.0931326 168.34856
1.095131 168.36593
1.0971294 168.38298
1.0991278 168.3997
1.1011262 168.41611
1.1031246 168.43221
1.105123 168.44801
1.1071214 168.4635
1.1091198 168.4787
1.1111182 168.49361
1.1131166 168.50823
1.115115 168.52257
1.1171134 168.53664
1.1191118 168.55043
1.1211102 168.56395
1.1231086 168.57722
1.125107 168.59022
1.1271054 168.60297
1.1291038 168.61547
1.1311022 168.62773
1.1331006 168.63974
1.135099 168.65151
1.1370974 168.66305
1.1390958 168.67436
1.1410942 168.68544
1.1430926 168.6963
1.145091 168.70693
1.1470894 168.71735
1.1490878 168.72756
1.1510862 168.73756
1.1530846 168.74736
1.155083 168.75695
1.1570814 168.76634
1.1590798 168.77553
1.1610782 168.78453
1.1630766 168.79334
1.165075 168.80197
1.1670734 168.8104
1.1690718 168.81866
1.1710702 168.82674
1.1730686 168.83464
1.175067 168.84237
1.1770654 168.84993
1.1790638 168.85732
1.1810622 168.86455
1.1830606 168.87161
1.185059 168.87851
1.1870574 168.88526
1.1890558 168.89185
1.1910542 168.89828
1.1930526 168.90457
1.195051 168.91071
1.1970494 168.9167
1.1990478 168.92255
1.2010462 168.92826
1.2030446 168.93382
1.205043 168.93925
1.2070414 168.94455
1.2090398 168.94971
1.2110382 168.95474
1.2130366 168.95964
1.215035 168.96441
1.2170334 168.96906
1.2190318 168.97359
1.2210302 168.97799
1.2230286 168.98227
1.225027 168.98644
1.2270254 168.99049
1.2290238 168.99442
1.2310222 168.99825
1.2330206 169.00196
1.235019 169.00556
1.2370174 169.00905
1.2390158 169.01244
1.2410142 169.01572
1.2430126 169.0189
1.245011 169.02198
1.2470094 169.02496
1.2490078 169.02784
1.2510062 169.03063
1.2530046 169.03331
1.255003 169.03591
1.2570014 169.03841
1.2589998 169.04082
1.2609982 169.04314
1.2629966 169.04537
1.264995 169.04751
1.2669934 169.04957
1.2689918 169.05154
1.2709902 169.05343
1.2729886 169.05523
1.274987 169.05696
1.2769854 169.0586
1.2789838 169.06017
1.2809822 169.06165
1.2829806 169.06307
1.284979 169.0644
1.2869774 169.06566
1.2889758 169.06685
1.2909742 169.06797
1.2929726 169.06902
1.294971 169.06999
1.2969694 169.0709
1.2989678 169.07174
1.3009662 169.07251
1.3029646 169.07321
1.304963 169.07385
1.3069614 169.07443
1.3089598 169.07494
1.3109582 169.0754
1.3129566 169.07578
1.314955 169.07611
1.3169534 169.07638
1.3189518 169.0766
1.3209502 169.07675
1.3229486 169.07685
1.324947 169.07689
1.3269454 169.07687
1.3289438 169.0768
1.3309422 169.07668
1.3329406 169.0765
1.334939 169.07628
1.3369374 169.076
1.3389358 169.07567
1.3409342 169.07529
1.3429326 169.07486
1.344931 169.07438
1.3469294 169.07386
1.3489278 169.07329
1.3509262 169.07267
1.3529246 169.07201
1.354923 169.0713
1.3569214 169.07055
1.3589198 169.06975
1.3609182 169.06892
1.3629166 169.06804
1.364915 169.06711
1.3669134 169.06615
1.3689118 169.06515
1.3709102 169.0641
1.3729086 169.06302
1.374907 169.0619
1.3769054 169.06074
1.3789038 169.05955
1.3809022 169.05831
1.3829006 169.05704
1.384899 169.05574
1.3868974 169.0544
1.3888958 169.05302
1.3908942 169.05162
1.3928926 169.05017
1.394891 169.0487
1.3968894 169.04719
1.3988878 169.04565
1.4008862 169.04408
1.4028846 169.04248
1.404883 169.04084
1.4068814 169.03918
1.4088798 169.03749
1.4108782 169.03576
1.4128766 169.03401
1.414875 169.03223
1.4168734 169.03043
1.4188718 169.02859
1.4208702 169.02673
1.4228686 169.02484
1.424867 169.02293
1.4268654 169.02099
1.4288638 169.01902
1.4308622 169.01703
1.4328606 169.01502
1.434859 169.01298
1.4368574 169.01092
1.4388558 169.00883
1.4408542 169.00672
1.4428526 169.00459
1.444851 169.00244
1.4468494 169.00026
1.4488478 168.99807
1.4508462 168.99585
1.4528446 168.99361
1.454843 168.99135
1.4568414 168.98907
1.4588398 168.98677
1.4608382 168.98446
1.4628366 168.98212
1.464835 168.97976
1.4668334 168.97739
1.4688318 168.975
1.4708302 168.97259
1.4728286 168.97016
1.474827 168.96771
1.4768254 168.96525
1.4788238 168.96277
1.4808222 168.96028
1.4828206 168.95777
1.484819 168.95524
1.4868174 168.9527
1.4888158 168.95014
1.4908142 168.94757
1.4928126 168.94498
1.494811 168.94238
1.4968094 168.93977
1.4988078 168.93714
1.5008062 168.9345
1.5028046 168.93184
1.504803 168.92917
1.5068014 168.92649
1.5087998 168.9238
1.5107982 168.92109
1.5127966 168.91837
1.514795 168.91564
1.5167934 168.9129
1.5187918 168.91014
1.5207902 168.90738
1.5227886 168.9046
1.524787 168.90182
1.5267854 168.89902
1.5287838 168.89621
1.5307822 168.89339
1.5327806 168.89057
1.534779 168.88773
1.5367774 168.88488
1.5387758 168.88203
1.5407742 168.87916
1.5427726 168.87629
1.544771 168.8734
1.5467694 168.87051
1.5487678 168.86761
1.5507662 168.86471
1.5527646 168.86179
1.554763 168.85887
1.5567614 168.85594
1.5587598 168.853
1.5607582 168.85005
1.5627566 168.8471
1.564755 168.84414
1.5667534 168.84117
1.5687518 168.8382
1.5707502 168.83522
1.5727485 168.83223
1.5747469 168.82924
1.5767453 168.82625
1.5787437 168.82324
1.5807421 168.82023
1.5827405 168.81722
1.5847389 168.8142
1.5867373 168.81117
1.5887357 168.80814
1.5907341 168.80511
1.5927325 168.80207
1.5947309 168.79902
1.5967293 168.79598
1.5987277 168.79292
1.6007261 168.78986
1.6027245 168.7868
1.6047229 168.78374
1.6067213 168.78067
1.6087197 168.7776
1.6107181 168.77452
1.6127165 168.77144
1.6147149 168.76836
1.6167133 168.76527
1.6187117 168.76218
1.6207101 168.75909
1.6227085 168.75599
1.6247069 168.75289
1.6267053 168.74979
1.6287037 168.74669
1.6307021 168.74358
1.6327005 168.74047
1.6346989 168.73736
1.6366973 168.73425
1.6386957 168.73114
1.6406941 168.72802
1.6426925 168.7249
1.6446909 168.72178
1.6466893 168.71866
1.6486877 168.71554
1.6506861 168.71242
1.6526845 168.70929
1.6546829 168.70616
1.6566813 168.70304
1.6586797 168.69991
1.6606781 168.69678
1.6626765 168.69365
1.6646749 168.69052
1.6666733 168.68739
1.6686717 168.68425
1.6706701 168.68112
1.6726685 168.67799
1.6746669 168.67485
1.6766653 168.67172
1.6786637 168.66859
1.6806621 168.66545
1.6826605 168.66232
1.6846589 168.65918
1.6866573 168.65605
1.6886557 168.65291
1.6906541 168.64978
1.6926525 168.64665
1.6946509 168.64352
1.6966493 168.64038
1.6986477 168.63725
1.7006461 168.63412
1.7026445 168.63099
1.7046429 168.62786
1.7066413 168.62473
1.7086397 168.6216
1.7106381 168.61848
1.7126365 168.61535
1.7146349 168.61223
1.7166333 168.6091
1.7186317 168.60598
1.7206301 168.60286
1.7226285 168.59974
1.7246269 168.59662
1.7266253 168.5935
1.7286237 168.59039
1.7306221 168.58727
1.7326205 168.58416
1.7346189 168.58105
1.7366173 168.57794
1.7386157 168.57483
1.7406141 168.57172
1.7426125 168.56862
1.7446109 168.56552
1.7466093 168.56242
1.7486077 168.55932
1.7506061 168.55622
1.7526045 168.55313
1.7546029 168.55004
1.7566013 168.54695
1.7585997 168.54386
1.7605981 168.54078
1.7625965 168.53769
1.7645949 168.53461
1.7665933 168.53153
1.7685917 168.52846
1.7705901 168.52538
1.7725885 168.52231
1.7745869 168.51925
1.7765853 168.51618
1.7785837 168.51312
1.7805821 168.51006
1.7825805 168.507
1.7845789 168.50394
1.7865773 168.50089
1.7885757 168.49784
1.7905741 168.4948
1.7925725 168.49175
1.7945709 168.48871
1.7965693 168.48567
1.7985677 168.48264
1.8005661 168.47961
1.8025645 168.47658
1.8045629 168.47355
1.8065613 168.47053
1.8085597 168.46751
1.8105581 168.46449
1.8125565 168.46148
1.8145549 168.45847
1.8165533 168.45546
1.8185517 168.45246
1.8205501 168.44946
1.8225485 168.44646
1.8245469 168.44347
1.8265453 168.44048
1.8285437 168.43749
1.8305421 168.43451
1.8325405 168.43153
1.8345389 168.42855
1.8365373 168.42558
1.8385357 168.42261
1.8405341 168.41964
1.8425325 168.41668
1.8445309 168.41372
1.8465293 168.41076
1.8485277 168.40781
1.8505261 168.40486
1.8525245 168.40192
1.8545229 168.39898
1.8565213 168.39604
1.8585197 168.39311
1.8605181 168.39018
1.8625165 168.38725
1.8645149 168.38433
1.8665133 168.38141
1.8685117 168.3785
1.8705101 168.37559
1.8725085 168.37268
1.8745069 168.36978
1.8765053 168.36688
1.8785037 168.36398
1.8805021 168.36109
1.8825005 168.3582
1.8844989 168.35532
1.8864973 168.35244
1.8884957 168.34956
1.8904941 168.34669
1.8924925 168.34382
1.8944909 168.34096
1.8964893 168.3381
1.8984877 168.33524
1.9004861 168.33239
1.9024845 168.32954
1.9044829 168.3267
1.9064813 168.32386
1.9084797 168.32103
1.9104781 168.31819
1.9124765 168.31537
1.9144749 168.31254
1.9164733 168.30972
1.9184717 168.30691
1.9204701 168.3041
1.9224685 168.30129
1.9244669 168.29849
1.9264653 168.29569
1.9284637 168.2929
1.9304621 168.29011
1.9324605 168.28732
1.9344589 168.28454
1.9364573 168.28176
1.9384557 168.27899
1.9404541 168.27622
1.9424525 168.27345
1.9444509 168.27069
1.9464493 168.26794
1.9484477 168.26518
1.9504461 168.26244
1.9524445 168.25969
1.9544429 168.25695
1.9564413 168.25422
1.9584397 168.25149
1.9604381 168.24876
1.9624365 168.24604
1.9644349 168.24332
1.9664333 168.24061
1.9684317 168.2379
1.9704301 168.23519
1.9724285 168.23249
1.9744269 168.22979
1.9764253 168.2271
1.9784237 168.22441
1.9804221 168.22173
1.9824205 168.21905
1.9844189 168.21637
1.9864173 168.2137
1.9884157 168.21104
1.9904141 168.20838
1.9924125 168.20572
1.9944109 168.20306
1.9964093 168.20041
1.9984077 168.19777
2.0004061 168.19513
2.0024045 168.19249
2.0044029 168.18986
2.0064013 168.18723
2.0083997 168.18461
2.0103981 168.18199
2.0123965 168.17938
2.0143949 168.17677
2.0163933 168.17416
2.0183917 168.17156
2.0203901 168.16896
2.0223885 168.16637
2.0243869 168.16378
2.0263853 168.1612
2.0283837 168.15862
2.0303821 168.15604
2.0323805 168.15347
2.0343789 168.15091
2.0363773 168.14834
2.0383757 168.14579
2.0403741 168.14323
2.0423725 168.14068
2.0443709 168.13814
2.0463693 168.1356
2.0483677 168.13306
2.0503661 168.13053
2.0523645 168.128
2.0543629 168.12548
2.0563613 168.12296
2.0583597 168.12044
2.0603581 168.11793
2.0623565 168.11543
2.0643549 168.11293
2.0663533 168.11043
2.0683517 168.10793
2.0703501 168.10545
2.0723485 168.10296
2.0743469 168.10048
2.0763453 168.09801
2.0783437 168.09553
2.0803421 168.09307
2.0823405 168.0906
2.0843389 168.08815
2.0863373 168.08569
2.0883357 168.08324
2.0903341 168.08079
2.0923325 168.07835
2.0943309 168.07592
2.0963293 168.07348
2.0983277 168.07105
2.1003261 168.06863
2.1023245 168.06621
2.1043229 168.06379
2.1063213 168.06138
2.1083197 168.05897
2.1103181 168.05657
2.1123165 168.05417
2.1143149 168.05178
2.1163133 168.04939
2.1183117 168.047
2.1203101 168.04462
2.1223085 168.04224
2.1243069 168.03987
2.1263053 168.0375
2.1283037 168.03513
2.1303021 168.03277
2.1323005 168.03041
2.1342989 168.02806
2.1362973 168.02571
2.1382957 168.02337
2.1402941 168.02103
2.1422925 168.01869
2.1442909 168.01636
2.1462893 168.01403
2.1482877 168.01171
2.1502861 168.00939
2.1522845 168.00708
2.1542829 168.00476
2.1562813 168.00246
2.1582797 168.00015
2.1602781 167.99786
2.1622765 167.99556
2.1642749 167.99327
2.1662733 167.99099
2.1682717 167.9887
2.1702701 167.98642
2.1722685 167.98415
2.1742669 167.98188
2.1762653 167.97962
2.1782637 167.97735
2.1802621 167.9751
2.1822605 167.97284
2.1842589 167.97059
2.1862573 167.96835
2.1882557 167.96611
2.1902541 167.96387
2.1922525 167.96163
2.1942509 167.95941
2.1962492 167.95718
2.1982476 167.95496
2.200246 167.95274
2.2022444 167.95053
2.2042428 167.94832
2.2062412 167.94611
2.2082396 167.94391
2.210238 167.94172
2.2122364 167.93952
2.2142348 167.93733
2.2162332 167.93515
2.2182316 167.93297
2.22023 167.93079
2.2222284 167.92861
2.2242268 167.92644
2.2262252 167.92428
2.2282236 167.92212
2.230222 167.91996
2.2322204 167.9178
2.2342188 167.91565
2.2362172 167.91351
2.2382156 167.91137
2.240214 167.90923
2.2422124 167.90709
2.2442108 167.90496
2.2462092 167.90284
2.2482076 167.90071
2.250206 167.89859
2.2522044 167.89648
2.2542028 167.89437
2.2562012 167.89226
2.2581996 167.89016
2.260198 167.88806
2.2621964 167.88596
2.2641948 167.88387
2.2661932 167.88178
2.2681916 167.87969
2.27019 167.87761
2.2721884 167.87554
2.2741868 167.87346
2.2761852 167.87139
2.2781836 167.86933
2.280182 167.86726
2.2821804 167.86521
2.2841788 167.86315
2.2861772 167.8611
2.2881756 167.85905
2.290174 167.85701
2.2921724 167.85497
2.2941708 167.85293
2.2961692 167.8509
2.2981676 167.84887
2.300166 167.84685
2.3021644 167.84482
2.3041628 167.84281
2.3061612 167.84079
2.3081596 167.83878
2.310158 167.83678
2.3121564 167.83477
2.3141548 167.83277
2.3161532 167.83078
2.3181516 167.82878
2.32015 167.8268
2.3221484 167.82481
2.3241468 167.82283
2.3261452 167.82085
2.3281436 167.81888
2.330142 167.81691
2.3321404 167.81494
2.3341388 167.81298
2.3361372 167.81102
2.3381356 167.80906
2.340134 167.80711
2.3421324 167.80516
2.3441308 167.80321
2.3461292 167.80127
2.3481276 167.79933
2.350126 167.79739
2.3521244 167.79546
2.3541228 167.79353
2.3561212 167.79161
2.3581196 167.78969
2.360118 167.78777
2.3621164 167.78585
2.3641148 167.78394
2.3661132 167.78204
2.3681116 167.78013
2.37011 167.77823
2.3721084 167.77633
2.3741068 167.77444
2.3761052 167.77255
2.3781036 167.77066
2.380102 167.76878
2.3821004 167.7669
2.3840988 167.76502
2.3860972 167.76315
2.3880956 167.76128
2.390094 167.75941
2.3920924 167.75755
2.3940908 167.75569
2.3960892 167.75383
2.3980876 167.75198
2.400086 167.75013
2.4020844 167.74828
2.4040828 167.74643
2.4060812 167.74459
2.4080796 167.74276
2.410078 167.74092
2.4120764 167.73909
2.4140748 167.73727
2.4160732 167.73544
2.4180716 167.73362
2.42007 167.73181
2.4220684 167.72999
2.4240668 167.72818
2.4260652 167.72637
2.4280636 167.72457
2.430062 167.72277
2.4320604 167.72097
2.4340588 167.71918
2.4360572 167.71738
2.4380556 167.7156
2.440054 167.71381
2.4420524 167.71203
2.4440508 167.71025
2.4460492 167.70847
2.4480476 167.7067
2.450046 167.70493
2.4520444 167.70317
2.4540428 167.7014
2.4560412 167.69964
2.4580396 167.69789
2.460038 167.69613
2.4620364 167.69438
2.4640348 167.69264
2.4660332 167.69089
2.4680316 167.68915
2.47003 167.68741
2.4720284 167.68568
2.4740268 167.68395
2.4760252 167.68222
2.4780236 167.68049
2.480022 167.67877
2.4820204 167.67705
2.4840188 167.67533
2.4860172 167.67362
2.4880156 167.67191
2.490014 167.6702
2.4920124 167.6685
2.4940108 167.66679
2.4960092 167.6651
2.4980076 167.6634
2.500006 167.66171
2.5020044 167.66002
2.5040028 167.65833
2.5060012 167.65665
2.5079996 167.65497
2.509998 167.65329
2.5119964 167.65161
2.5139948 167.64994
2.5159932 167.64827
2.5179916 167.64661
2.51999 167.64494
2.5219884 167.64328
2.5239868 167.64163
2.5259852 167.63997
2.5279836 167.63832
2.529982 167.63667
2.5319804 167.63503
2.5339788 167.63338
2.5359772 167.63174
2.5379756 167.63011
2.539974 167.62847
2.5419724 167.62684
2.5439708 167.62521
2.5459692 167.62359
2.5479676 167.62197
2.549966 167.62035
2.5519644 167.61873
2.5539628 167.61711
2.5559612 167.6155
2.5579596 167.61389
2.559958 167.61229
2.5619564 167.61068
2.5639548 167.60908
2.5659532 167.60749
2.5679516 167.60589
2.56995 167.6043
2.5719484 167.60271
2.5739468 167.60112
2.5759452 167.59954
2.5779436 167.59796
2.579942 167.59638
2.5819404 167.5948
2.5839388 167.59323
2.5859372 167.59166
2.5879356 167.59009
2.589934 167.58853
2.5919324 167.58697
2.5939308 167.58541
2.5959292 167.58385
2.5979276 167.5823
2.599926 167.58074
2.6019244 167.5792
2.6039228 167.57765
2.6059212 167.57611
2.6079196 167.57457
2.609918 167.57303
2.6119164 167.57149
2.6139148 167.56996
2.6159132 167.56843
2.6179116 167.5669
2.61991 167.56538
2.6219084 167.56385
2.6239068 167.56233
2.6259052 167.56082
2.6279036 167.5593
2.629902 167.55779
2.6319004 167.55628
2.6338988 167.55477
2.6358972 167.55327
2.6378956 167.55177
2.639894 167.55027
2.6418924 167.54877
2.6438908 167.54728
2.6458892 167.54579
2.6478876 167.5443
2.649886 167.54281
2.6518844 167.54133
2.6538828 167.53984
2.6558812 167.53837
2.6578796 167.53689
2.659878 167.53541
2.6618764 167.53394
2.6638748 167.53247
2.6658732 167.53101
2.6678716 167.52954
2.66987 167.52808
2.6718684 167.52662
2.6738668 167.52517
2.6758652 167.52371
2.6778636 167.52226
2.679862 167.52081
2.6818604 167.51936
2.6838588 167.51792
2.6858572 167.51648
2.6878556 167.51504
2.689854 167.5136
2.6918524 167.51216
2.6938508 167.51073
2.6958492 167.5093
2.6978476 167.50787
2.699846 167.50645
2.7018444 167.50503
2.7038428 167.50361
2.7058412 167.50219
2.7078396 167.50077
2.709838 167.49936
2.7118364 167.49795
2.7138348 167.49654
2.7158332 167.49513
2.7178316 167.49373
2.71983 167.49233
2.7218284 167.49093
2.7238268 167.48953
2.7258252 167.48813
2.7278236 167.48674
2.729822 167.48535
2.7318204 167.48396
2.7338188 167.48258
2.7358172 167.48119
2.7378156 167.47981
2.739814 167.47843
2.7418124 167.47706
2.7438108 167.47568
2.7458092 167.47431
2.7478076 167.47294
2.749806 167.47157
2.7518044 167.47021
2.7538028 167.46885
2.7558012 167.46749
2.7577996 167.46613
2.759798 167.46477
2.7617964 167.46342
2.7637948 167.46206
2.7657932 167.46072
2.7677916 167.45937
2.76979 167.45802
2.7717884 167.45668
2.7737868 167.45534
2.7757852 167.454
2.7777836 167.45266
2.779782 167.45133
2.7817804 167.45
2.7837788 167.44867
2.7857772 167.44734
2.7877756 167.44601
2.789774 167.44469
2.7917724 167.44337
2.7937708 167.44205
2.7957692 167.44073
2.7977676 167.43942
2.799766 167.43811
2.8017644 167.43679
2.8037628 167.43549
2.8057612 167.43418
2.8077596 167.43288
2.809758 167.43157
2.8117564 167.43027
2.8137548 167.42897
2.8157532 167.42768
2.8177516 167.42639
2.8197499 167.42509
2.8217483 167.4238
2.8237467 167.42252
2.8257451 167.42123
2.8277435 167.41995
2.8297419 167.41867
2.8317403 167.41739
2.8337387 167.41611
2.8357371 167.41483
2.8377355 167.41356
2.8397339 167.41229
2.8417323 167.41102
2.8437307 167.40975
2.8457291 167.40849
2.8477275 167.40722
2.8497259 167.40596
2.8517243 167.4047
2.8537227 167.40345
2.8557211 167.40219
2.8577195 167.40094
2.8597179 167.39969
2.8617163 167.39844
2.8637147 167.39719
2.8657131 167.39595
2.8677115 167.3947
2.8697099 167.39346
2.8717083 167.39222
2.8737067 167.39098
2.8757051 167.38975
2.8777035 167.38852
2.8797019 167.38728
2.8817003 167.38606
2.8836987 167.38483
2.8856971 167.3836
2.8876955 167.38238
2.8896939 167.38116
2.8916923 167.37994
2.8936907 167.37872
2.8956891 167.3775
2.8976875 167.37629
2.8996859 167.37508
2.9016843 167.37387
2.9036827 167.37266
2.9056811 167.37145
2.9076795 167.37025
2.9096779 167.36904
2.9116763 167.36784
2.9136747 167.36664
2.9156731 167.36545
2.9176715 167.36425
2.9196699 167.36306
2.9216683 167.36187
2.9236667 167.36068
2.9256651 167.35949
2.9276635 167.3583
2.9296619 167.35712
2.9316603 167.35593
2.9336587 167.35475
2.9356571 167.35358
2.9376555 167.3524
2.9396539 167.35122
2.9416523 167.35005
2.9436507 167.34888
2.9456491 167.34771
2.9476475 167.34654
2.9496459 167.34537
2.9516443 167.34421
2.9536427 167.34305
2.9556411 167.34189
2.9576395 167.34073
2.9596379 167.33957
2.9616363 167.33842
2.9636347 167.33726
2.9656331 167.33611
2.9676315 167.33496
2.9696299 167.33381
2.9716283 167.33267
2.9736267 167.33152
2.9756251 167.33038
2.9776235 167.32924
2.9796219 167.3281
2.9816203 167.32696
2.9836187 167.32582
2.9856171 167.32469
2.9876155 167.32356
2.9896139 167.32243
2.9916123 167.3213
2.9936107 167.32017
2.9956091 167.31904
2.9976075 167.31792
2.9996059 167.3168
3.0016043 167.31568
3.0036027 167.31456
3.0056011 167.31344
3.0075995 167.31232
3.0095979 167.31121
3.0115963 167.3101
3.0135947 167.30899
3.0155931 167.30788
3.0175915 167.30677
3.0195899 167.30567
3.0215883 167.30456
3.0235867 167.30346
3.0255851 167.30236
3.0275835 167.30126
3.0295819 167.30016
3.0315803 167.29907
3.0335787 167.29797
3.0355771 167.29688
3.0375755 167.29579
3.0395739 167.2947
3.0415723 167.29361
3.0435707 167.29253
3.0455691 167.29144
3.0475675 167.29036
3.0495659 167.28928
3.0515643 167.2882
3.0535627 167.28712
3.0555611 167.28605
3.0575595 167.28497
3.0595579 167.2839
3.0615563 167.28283
3.0635547 167.28176
3.0655531 167.28069
3.0675515 167.27962
3.0695499 167.27856
3.0715483 167.27749
3.0735467 167.27643
3.0755451 167.27537
3.0775435 167.27431
3.0795419 167.27326
3.0815403 167.2722
3.0835387 167.27115
3.0855371 167.27009
3.0875355 167.26904
3.0895339 167.26799
3.0915323 167.26695
3.0935307 167.2659
3.0955291 167.26485
3.0975275 167.26381
3.0995259 167.26277
3.1015243 167.26173
3.1035227 167.26069
3.1055211 167.25965
3.1075195 167.25862
3.1095179 167.25758
3.1115163 167.25655
3.1135147 167.25552
3.1155131 167.25449
3.1175115 167.25346
3.1195099 167.25244
3.1215083 167.25141
3.1235067 167.25039
3.1255051 167.24936
3.1275035 167.24834
3.1295019 167.24732
3.1315003 167.24631
3.1334987 167.24529
3.1354971 167.24428
3.1374955 167.24326
3.1394939 167.24225
3.1414923 167.24124
3.1434907 167.24023
3.1454891 167.23922
3.1474875 167.23822
3.1494859 167.23721
3.1514843 167.23621
3.1534827 167.23521
3.1554811 167.23421
3.1574795 167.23321
3.1594779 167.23221
3.1614763 167.23121
3.1634747 167.23022
3.1654731 167.22923
3.1674715 167.22824
3.1694699 167.22724
3.1714683 167.22626
3.1734667 167.22527
3.1754651 167.22428
3.1774635 167.2233
3.1794619 167.22231
3.1814603 167.22133
3.1834587 167.22035
3.1854571 167.21937
3.1874555 167.2184
3.1894539 167.21742
3.1914523 167.21644
3.1934507 167.21547
3.1954491 167.2145
3.1974475 167.21353
3.1994459 167.21256
3.2014443 167.21159
3.2034427 167.21062
3.2054411 167.20966
3.2074395 167.20869
3.2094379 167.20773
3.2114363 167.20677
3.2134347 167.20581
3.2154331 167.20485
3.2174315 167.2039
3.2194299 167.20294
3.2214283 167.20199
3.2234267 167.20103
3.2254251 167.20008
3.2274235 167.19913
3.2294219 167.19818
3.2314203 167.19723
3.2334187 167.19629
3.2354171 167.19534
3.2374155 167.1944
3.2394139 167.19346
3.2414123 167.19251
3.2434107 167.19157
3.2454091 167.19064
3.2474075 167.1897
3.2494059 167.18876
3.2514043 167.18783
3.2534027 167.18689
3.2554011 167.18596
3.2573995 167.18503
3.2593979 167.1841
3.2613963 167.18317
3.2633947 167.18225
3.2653931 167.18132
3.2673915 167.1804
3.2693899 167.17947
3.2713883 167.17855
3.2733867 167.17763
3.2753851 167.17671
3.2773835 167.17579
3.2793819 167.17488
3.2813803 167.17396
3.2833787 167.17305
3.2853771 167.17214
3.2873755 167.17122
3.2893739 167.17031
3.2913723 167.1694
3.2933707 167.1685
3.2953691 167.16759
3.2973675 167.16668
3.2993659 167.16578
3.3013643 167.16488
3.3033627 167.16398
3.3053611 167.16307
3.3073595 167.16218
3.3093579 167.16128
3.3113563 167.16038
3.3133547 167.15949
3.3153531 167.15859
3.3173515 167.1577
3.3193499 167.15681
3.3213483 167.15591
3.3233467 167.15503
3.3253451 167.15414
3.3273435 167.15325
3.3293419 167.15236
3.3313403 167.15148
3.3333387 167.1506
3.3353371 167.14971
3.3373355 167.14883
3.3393339 167.14795
3.3413323 167.14707
3.3433307 167.1462
3.3453291 167.14532
3.3473275 167.14444
3.3493259 167.14357
3.3513243 167.1427
3.3533227 167.14183
3.3553211 167.14096
3.3573195 167.14009
3.3593179 167.13922
3.3613163 167.13835
3.3633147 167.13749
3.3653131 167.13662
3.3673115 167.13576
3.3693099 167.13489
3.3713083 167.13403
3.3733067 167.13317
3.3753051 167.13231
3.3773035 167.13146
3.3793019 167.1306
3.3813003 167.12974
3.3832987 167.12889
3.3852971 167.12804
3.3872955 167.12719
3.3892939 167.12633
3.3912923 167.12548
3.3932907 167.12464
3.3952891 167.12379
3.3972875 167.12294
3.3992859 167.1221
3.4012843 167.12125
3.4032827 167.12041
3.4052811 167.11957
3.4072795 167.11873
3.4092779 167.11789
3.4112763 167.11705
3.4132747 167.11621
3.4152731 167.11537
3.4172715 167.11454
3.4192699 167.1137
3.4212683 167.11287
3.4232667 167.11204
3.4252651 167.11121
3.4272635 167.11038
3.4292619 167.10955
3.4312603 167.10872
3.4332587 167.1079
3.4352571 167.10707
3.4372555 167.10625
3.4392539 167.10542
3.4412523 167.1046
3.4432507 167.10378
3.445249 167.10296
3.4472474 167.10214
3.4492458 167.10132
3.4512442 167.1005
3.4532426 167.09969
3.455241 167.09887
3.4572394 167.09806
3.4592378 167.09725
3.4612362 167.09644
3.4632346 167.09563
3.465233 167.09482
3.4672314 167.09401
3.4692298 167.0932
3.4712282 167.09239
3.4732266 167.09159
3.475225 167.09078
3.4772234 167.08998
3.4792218 167.08918
3.4812202 167.08838
3.4832186 167.08758
3.485217 167.08678
3.4872154 167.08598
3.4892138 167.08518
3.4912122 167.08439
3.4932106 167.08359
3.495209 167.0828
3.4972074 167.082
3.4992058 167.08121
3.5012042 167.08042
3.5032026 167.07963
3.505201 167.07884
3.5071994 167.07805
3.5091978 167.07727
3.5111962 167.07648
3.5131946 167.0757
3.515193 167.07491
3.5171914 167.07413
3.5191898 167.07335
3.5211882 167.07257
3.5231866 167.07179
3.525185 167.07101
3.5271834 167.07023
3.5291818 167.06945
3.5311802 167.06868
3.5331786 167.0679
3.535177 167.06713
3.5371754 167.06636
3.5391738 167.06558
3.5411722 167.06481
3.5431706 167.06404
3.545169 167.06327
3.5471674 167.0625
3.5491658 167.06174
3.5511642 167.06097
3.5531626 167.06021
3.555161 167.05944
3.5571594 167.05868
3.5591578 167.05792
3.5611562 167.05715
3.5631546 167.05639
3.565153 167.05563
3.5671514 167.05488
3.5691498 167.05412
3.5711482 167.05336
3.5731466 167.05261
3.575145 167.05185
3.5771434 167.0511
3.5791418 167.05034
3.5811402 167.04959
3.5831386 167.04884
3.585137 167.04809
3.5871354 167.04734
3.5891338 167.04659
3.5911322 167.04585
3.5931306 167.0451
3.595129 167.04435
3.5971274 167.04361
3.5991258 167.04287
3.6011242 167.04212
3.6031226 167.04138
3.605121 167.04064
3.6071194 167.0399
3.6091178 167.03916
3.6111162 167.03842
3.6131146 167.03769
3.615113 167.03695
3.6171114 167.03622
3.6191098 167.03548
3.6211082 167.03475
3.6231066 167.03401
3.625105 167.03328
3.6271034 167.03255
3.6291018 167.03182
3.6311002 167.03109
3.6330986 167.03037
3.635097 167.02964
3.6370954 167.02891
3.6390938 167.02819
3.6410922 167.02746
3.6430906 167.02674
3.645089 167.02602
3.6470874 167.02529
3.6490858 167.02457
3.6510842 167.02385
3.6530826 167.02313
3.655081 167.02241
3.6570794 167.0217
3.6590778 167.02098
3.6610762 167.02026
3.6630746 167.01955
3.665073 167.01884
3.6670714 167.01812
3.6690698 167.01741
3.6710682 167.0167
3.6730666 167.01599
3.675065 167.01528
3.6770634 167.01457
3.6790618 167.01386
3.6810602 167.01315
3.6830586 167.01245
3.685057 167.01174
3.6870554 167.01104
3.6890538 167.01033
3.6910522 167.00963
3.6930506 167.00893
3.695049 167.00823
3.6970474 167.00753
3.6990458 167.00683
3.7010442 167.00613
3.7030426 167.00543
3.705041 167.00473
3.7070394 167.00404
3.7090378 167.00334
3.7110362 167.00265
3.7130346 167.00195
3.715033 167.00126
3.7170314 167.00057
3.7190298 166.99988
3.7210282 166.99919
3.7230266 166.9985
3.725025 166.99781
3.7270234 166.99712
3.7290218 166.99644
3.7310202 166.99575
3.7330186 166.99506
3.735017 166.99438
3.7370154 166.99369
3.7390138 166.99301
3.7410122 166.99233
3.7430106 166.99165
3.745009 166.99097
3.7470074 166.99029
3.7490058 166.98961
3.7510042 166.98893
3.7530026 166.98825
3.755001 166.98758
3.7569994 166.9869
3.7589978 166.98623
3.7609962 166.98555
3.7629946 166.98488
3.764993 166.98421
3.7669914 166.98353
3.7689898 166.98286
3.7709882 166.98219
3.7729866 166.98152
3.774985 166.98086
3.7769834 166.98019
3.7789818 166.97952
3.7809802 166.97885
3.7829786 166.97819
3.784977 166.97752
3.7869754 166.97686
3.7889738 166.9762
3.7909722 166.97553
3.7929706 166.97487
3.794969 166.97421
3.7969674 166.97355
3.7989658 166.97289
3.8009642 166.97223
3.8029626 166.97158
3.804961 166.97092
3.8069594 166.97026
3.8089578 166.96961
3.8109562 166.96895
3.8129546 166.9683
3.814953 166.96765
3.8169514 166.96699
3.8189498 166.96634
3.8209482 166.96569
3.8229466 166.96504
3.824945 166.96439
3.8269434 166.96374
3.8289418 166.96309
3.8309402 166.96245
3.8329386 166.9618
3.834937 166.96116
3.8369354 166.96051
3.8389338 166.95987
3.8409322 166.95922
3.8429306 166.95858
3.844929 166.95794
3.8469274 166.9573
3.8489258 166.95666
3.8509242 166.95602
3.8529226 166.95538
3.854921 166.95474
3.8569194 166.9541
3.8589178 166.95346
3.8609162 166.95283
3.8629146 166.95219
3.864913 166.95156
3.8669114 166.95092
3.8689098 166.95029
3.8709082 166.94966
3.8729066 166.94903
3.874905 166.9484
3.8769034 166.94777
3.8789018 166.94714
3.8809002 166.94651
3.8828986 166.94588
3.884897 166.94525
3.8868954 166.94462
3.8888938 166.944
3.8908922 166.94337
3.8928906 166.94275
3.894889 166.94213
3.8968874 166.9415
3.8988858 166.94088
3.9008842 166.94026
3.9028826 166.93964
3.904881 166.93902
3.9068794 166.9384
3.9088778 166.93778
3.9108762 166.93716
3.9128746 166.93654
3.914873 166.93592
3.9168714 166.93531
3.9188698 166.93469
3.9208682 166.93408
3.9228666 166.93346
3.924865 166.93285
3.9268634 166.93224
3.9288618 166.93163
3.9308602 166.93101
3.9328586 166.9304
3.934857 166.92979
3.9368554 166.92918
3.9388538 166.92858
3.9408522 166.92797
3.9428506 166.92736
3.944849 166.92675
3.9468474 166.92615
3.9488458 166.92554
3.9508442 166.92494
3.9528426 166.92433
3.954841 166.92373
3.9568394 166.92313
3.9588378 166.92253
3.9608362 166.92193
3.9628346 166.92132
3.964833 166.92072
3.9668314 166.92013
3.9688298 166.91953
3.9708282 166.91893
3.9728266 166.91833
3.974825 166.91774
3.9768234 166.91714
3.9788218 166.91654
3.9808202 166.91595
3.9828186 166.91536
3.984817 166.91476
3.9868154 166.91417
3.9888138 166.91358
3.9908122 166.91299
3.9928106 166.9124
3.994809 166.91181
3.9968074 166.91122
3.9988058 166.91063
4.0008042 166.91004
4.0028026 166.90945
4.004801 166.90886
4.0067994 166.90828
4.0087978 166.90769
4.0107962 166.90711
4.0127946 166.90652
4.014793 166.90594
4.0167914 166.90536
4.0187898 166.90478
4.0207882 166.90419
4.0227866 166.90361
4.024785 166.90303
4.0267834 166.90245
4.0287818 166.90187
4.0307802 166.90129
4.0327786 166.90072
4.034777 166.90014
4.0367754 166.89956
4.0387738 166.89899
4.0407722 166.89841
4.0427706 166.89784
4.044769 166.89726
4.0467674 166.89669
4.0487658 166.89612
4.0507642 166.89554
4.0527626 166.89497
4.054761 166.8944
4.0567594 166.89383
4.0587578 166.89326
4.0607562 166.89269
4.0627546 166.89212
4.064753 166.89155
4.0667514 166.89099
4.0687497 166.89042
4.0707481 166.88985
4.0727465 166.88929
4.0747449 166.88872
4.0767433 166.88816
4.0787417 166.8876
4.0807401 166.88703
4.0827385 166.88647
4.0847369 166.88591
4.0867353 166.88535
4.0887337 166.88479
4.0907321 166.88423
4.0927305 166.88367
4.0947289 166.88311
4.0967273 166.88255
4.0987257 166.88199
4.1007241 166.88144
4.1027225 166.88088
4.1047209 166.88032
4.1067193 166.87977
4.1087177 166.87921
4.1107161 166.87866
4.1127145 166.8781
4.1147129 166.87755
4.1167113 166.877
4.1187097 166.87645
4.1207081 166.8759
4.1227065 166.87535
4.1247049 166.8748
4.1267033 166.87425
4.1287017 166.8737
4.1307001 166.87315
4.1326985 166.8726
4.1346969 166.87205
4.1366953 166.87151
4.1386937 166.87096
4.1406921 166.87042
4.1426905 166.86987
4.1446889 166.86933
4.1466873 166.86878
4.1486857 166.86824
4.1506841 166.8677
4.1526825 166.86716
4.1546809 166.86661
4.1566793 166.86607
4.1586777 166.86553
4.1606761 166.86499
4.1626745 166.86445
4.1646729 166.86392
4.1666713 166.86338
4.1686697 166.86284
4.1706681 166.8623
4.1726665 166.86177
4.1746649 166.86123
4.1766633 166.8607
4.1786617 166.86016
4.1806601 166.85963
4.1826585 166.85909
4.1846569 166.85856
4.1866553 166.85803
4.1886537 166.8575
4.1906521 166.85697
4.1926505 166.85643
4.1946489 166.8559
4.1966473 166.85538
4.1986457 166.85485
4.2006441 166.85432
4.2026425 166.85379
4.2046409 166.85326
4.2066393 166.85273
4.2086377 166.85221
4.2106361 166.85168
4.2126345 166.85116
4.2146329 166.85063
4.2166313 166.85011
4.2186297 166.84958
4.2206281 166.84906
4.2226265 166.84854
4.2246249 166.84802
4.2266233 166.8475
4.2286217 166.84697
4.2306201 166.84645
4.2326185 166.84593
4.2346169 166.84542
4.2366153 166.8449
4.2386137 166.84438
4.2406121 166.84386
4.2426105 166.84334
4.2446089 166.84283
4.2466073 166.84231
4.2486057 166.84179
4.2506041 166.84128
4.2526025 166.84076
4.2546009 166.84025
4.2565993 166.83974
4.2585977 166.83922
4.2605961 166.83871
4.2625945 166.8382
4.2645929 166.83769
4.2665913 166.83718
4.2685897 166.83667
4.2705881 166.83616
4.2725865 166.83565
4.2745849 166.83514
4.2765833 166.83463
4.2785817 166.83412
4.2805801 166.83362
4.2825785 166.83311
4.2845769 166.8326
4.2865753 166.8321
4.2885737 166.83159
4.2905721 166.83109
4.2925705 166.83058
4.2945689 166.83008
4.2965673 166.82958
4.2985657 166.82907
4.3005641 166.82857
4.3025625 166.82807
4.3045609 166.82757
4.3065593 166.82707
4.3085577 166.82657
4.3105561 166.82607
4.3125545 166.82557
4.3145529 166.82507
4.3165513 166.82457
4.3185497 166.82407
4.3205481 166.82358
4.3225465 166.82308
4.3245449 166.82258
4.3265433 166.82209
4.3285417 166.82159
4.3305401 166.8211
4.3325385 166.8206
4.3345369 166.82011
4.3365353 166.81962
4.3385337 166.81912
4.3405321 166.81863
4.3425305 166.81814
4.3445289 166.81765
4.3465273 166.81716
4.3485257 166.81667
4.3505241 166.81618
4.3525225 166.81569
4.3545209 166.8152
4.3565193 166.81471
4.3585177 166.81422
4.3605161 166.81374
4.3625145 166.81325
4.3645129 166.81276
4.3665113 166.81228
4.3685097 166.81179
4.3705081 166.81131
4.3725065 166.81082
4.3745049 166.81034
4.3765033 166.80986
4.3785017 166.80937
4.3805001 166.80889
4.3824985 166.80841
4.3844969 166.80793
4.3864953 166.80745
4.3884937 166.80697
4.3904921 166.80649
4.3924905 166.80601
4.3944889 166.80553
4.3964873 166.80505
4.3984857 166.80457
4.4004841 166.80409
4.4024825 166.80361
4.4044809 166.80314
4.4064793 166.80266
4.4084777 166.80219
4.4104761 166.80171
4.4124745 166.80123
4.4144729 166.80076
4.4164713 166.80029
4.4184697 166.79981
4.4204681 166.79934
4.4224665 166.79887
4.4244649 166.79839
4.4264633 166.79792
4.4284617 166.79745
4.4304601 166.79698
4.4324585 166.79651
4.4344569 166.79604
4.4364553 166.79557
4.4384537 166.7951
4.4404521 166.79463
4.4424505 166.79417
4.4444489 166.7937
4.4464473 166.79323
4.4484457 166.79276
4.4504441 166.7923
4.4524425 166.79183
4.4544409 166.79137
4.4564393 166.7909
4.4584377 166.79044
4.4604361 166.78997
4.4624345 166.78951
4.4644329 166.78905
4.4664313 166.78858
4.4684297 166.78812
4.4704281 166.78766
4.4724265 166.7872
4.4744249 166.78674
4.4764233 166.78628
4.4784217 166.78582
4.4804201 166.78536
4.4824185 166.7849
4.4844169 166.78444
4.4864153 166.78398
4.4884137 166.78352
4.4904121 166.78307
4.4924105 166.78261
4.4944089 166.78215
4.4964073 166.7817
4.4984057 166.78124
4.5004041 166.78079
4.5024025 166.78033
4.5044009 166.77988
4.5063993 166.77942
4.5083977 166.77897
4.5103961 166.77852
4.5123945 166.77806
4.5143929 166.77761
4.5163913 166.77716
4.5183897 166.77671
4.5203881 166.77626
4.5223865 166.77581
4.5243849 166.77536
4.5263833 166.77491
4.5283817 166.77446
4.5303801 166.77401
4.5323785 166.77356
4.5343769 166.77312
4.5363753 166.77267
4.5383737 166.77222
4.5403721 166.77177
4.5423705 166.77133
4.5443689 166.77088
4.5463673 166.77044
4.5483657 166.76999
4.5503641 166.76955
4.5523625 166.7691
4.5543609 166.76866
4.5563593 166.76822
4.5583577 166.76777
4.5603561 166.76733
4.5623545 166.76689
4.5643529 166.76645
4.5663513 166.76601
4.5683497 166.76557
4.5703481 166.76513
4.5723465 166.76469
4.5743449 166.76425
4.5763433 166.76381
4.5783417 166.76337
4.5803401 166.76293
4.5823385 166.76249
4.5843369 166.76206
4.5863353 166.76162
4.5883337 166.76118
4.5903321 166.76075
4.5923305 166.76031
4.5943289 166.75988
4.5963273 166.75944
4.5983257 166.75901
4.6003241 166.75857
4.6023225 166.75814
4.6043209 166.7577
4.6063193 166.75727
4.6083177 166.75684
4.6103161 166.75641
4.6123145 166.75598
4.6143129 166.75554
4.6163113 166.75511
4.6183097 166.75468
4.6203081 166.75425
4.6223065 166.75382
4.6243049 166.75339
4.6263033 166.75296
4.6283017 166.75254
4.6303001 166.75211
4.6322985 166.75168
4.6342969 166.75125
4.6362953 166.75083
4.6382937 166.7504
4.6402921 166.74997
4.6422905 166.74955
4.6442889 166.74912
4.6462873 166.7487
4.6482857 166.74827
4.6502841 166.74785
4.6522825 166.74743
4.6542809 166.747
4.6562793 166.74658
4.6582777 166.74616
4.6602761 166.74573
4.6622745 166.74531
4.6642729 166.74489
4.6662713 166.74447
4.6682697 166.74405
4.6702681 166.74363
4.6722665 166.74321
4.6742649 166.74279
4.6762633 166.74237
4.6782617 166.74195
4.6802601 166.74153
4.6822585 166.74111
4.6842569 166.7407
4.6862553 166.74028
4.6882537 166.73986
4.6902521 166.73945
4.6922505 166.73903
4.6942488 166.73862
4.6962472 166.7382
4.6982456 166.73778
4.700244 166.73737
4.7022424 166.73696
4.7042408 166.73654
4.7062392 166.73613
4.7082376 166.73572
4.710236 166.7353
4.7122344 166.73489
4.7142328 166.73448
4.7162312 166.73407
4.7182296 166.73366
4.720228 166.73325
4.7222264 166.73284
4.7242248 166.73243
4.7262232 166.73202
4.7282216 166.73161
4.73022 166.7312
4.7322184 166.73079
4.7342168 166.73038
4.7362152 166.72997
4.7382136 166.72956
4.740212 166.72916
4.7422104 166.72875
4.7442088 166.72834
4.7462072 166.72794
4.7482056 166.72753
4.750204 166.72713
4.7522024 166.72672
4.7542008 166.72632
4.7561992 166.72591
4.7581976 166.72551
4.760196 166.72511
4.7621944 166.7247
4.7641928 166.7243
4.7661912 166.7239
4.7681896 166.7235
4.770188 166.7231
4.7721864 166.72269
4.7741848 166.72229
4.7761832 166.72189
4.7781816 166.72149
4.78018 166.72109
4.7821784 166.72069
4.7841768 166.72029
4.7861752 166.71989
4.7881736 166.7195
4.790172 166.7191
4.7921704 166.7187
4.7941688 166.7183
4.7961672 166.71791
4.7981656 166.71751
4.800164 166.71711
4.8021624 166.71672
4.8041608 166.71632
4.8061592 166.71593
4.8081576 166.71553
4.810156 166.71514
4.8121544 166.71474
4.8141528 166.71435
4.8161512 166.71396
4.8181496 166.71356
4.820148 166.71317
4.8221464 166.71278
4.8241448 166.71238
4.8261432 166.71199
4.8281416 166.7116
4.83014 166.71121
4.8321384 166.71082
4.8341368 166.71043
4.8361352 166.71004
4.8381336 166.70965
4.840132 166.70926
4.8421304 166.70887
4.8441288 166.70848
4.8461272 166.70809
4.8481256 166.70771
4.850124 166.70732
4.8521224 166.70693
4.8541208 166.70654
4.8561192 166.70616
4.8581176 166.70577
4.860116 166.70539
4.8621144 166.705
4.8641128 166.70461
4.8661112 166.70423
4.8681096 166.70385
4.870108 166.70346
4.8721064 166.70308
4.8741048 166.70269
4.8761032 166.70231
4.8781016 166.70193
4.8801 166.70154
4.8820984 166.70116
4.8840968 166.70078
4.8860952 166.7004
4.8880936 166.70002
4.890092 166.69964
4.8920904 166.69926
4.8940888 166.69888
4.8960872 166.6985
4.8980856 166.69812
4.900084 166.69774
4.9020824 166.69736
4.9040808 166.69698
4.9060792 166.6966
4.9080776 166.69622
4.910076 166.69585
4.9120744 166.69547
4.9140728 166.69509
4.9160712 166.69472
4.9180696 166.69434
4.920068 166.69396
4.9220664 166.69359
4.9240648 166.69321
4.9260632 166.69284
4.9280616 166.69246
4.93006 166.69209
4.9320584 166.69171
4.9340568 166.69134
4.9360552 166.69097
4.9380536 166.69059
4.940052 166.69022
4.9420504 166.68985
4.9440488 166.68948
4.9460472 166.6891
4.9480456 166.68873
4.950044 166.68836
4.9520424 166.68799
4.9540408 166.68762
4.9560392 166.68725
4.9580376 166.68688
4.960036 166.68651
4.9620344 166.68614
4.9640328 166.68577
4.9660312 166.6854
4.9680296 166.68504
4.970028 166.68467
4.9720264 166.6843
4.9740248 166.68393
4.9760232 166.68357
4.9780216 166.6832
4.98002 166.68283
4.9820184 166.68247
4.9840168 166.6821
4.9860152 166.68173
4.9880136 166.68137
4.990012 166.681
4.9920104 166.68064
4.9940088 166.68028
4.9960072 166.67991
4.9980056 166.67955
5.000004 166.67919
5.0020024 166.67882
5.0040008 166.67846
5.0059992 166.6781
5.0079976 166.67773
5.009996 166.67737
5.0119944 166.67701
5.0139928 166.67665
5.0159912 166.67629
5.0179896 166.67593
5.019988 166.67557
5.0219864 166.67521
5.0239848 166.67485
5.0259832 166.67449
5.0279816 166.67413
5.02998 166.67377
5.0319784 166.67341
5.0339768 166.67306
5.0359752 166.6727
5.0379736 166.67234
5.039972 166.67198
5.0419704 166.67163
5.0439688 166.67127
5.0459672 166.67091
5.0479656 166.67056
5.049964 166.6702
5.0519624 166.66985
5.0539608 166.66949
5.0559592 166.66914
5.0579576 166.66878
5.059956 166.66843
5.0619544 166.66807
5.0639528 166.66772
5.0659512 166.66737
5.0679496 166.66701
5.069948 166.66666
5.0719464 166.66631
5.0739448 166.66596
5.0759432 166.6656
5.0779416 166.66525
5.07994 166.6649
5.0819384 166.66455
5.0839368 166.6642
5.0859352 166.66385
5.0879336 166.6635
5.089932 166.66315
5.0919304 166.6628
5.0939288 166.66245
5.0959272 166.6621
5.0979256 166.66175
5.099924 166.6614
5.1019224 166.66106
5.1039208 166.66071
5.1059192 166.66036
5.1079176 166.66001
5.109916 166.65967
5.1119144 166.65932
5.1139128 166.65897
5.1159112 166.65863
5.1179096 166.65828
5.119908 166.65794
5.1219064 166.65759
5.1239048 166.65725
5.1259032 166.6569
5.1279016 166.65656
5.1299 166.65621
5.1318984 166.65587
5.1338968 166.65553
5.1358952 166.65518
5.1378936 166.65484
5.139892 166.6545
5.1418904 166.65415
5.1438888 166.65381
5.1458872 166.65347
5.1478856 166.65313
5.149884 166.65279
5.1518824 166.65245
5.1538808 166.65211
5.1558792 166.65177
5.1578776 166.65142
5.159876 166.65109
5.1618744 166.65075
5.1638728 166.65041
5.1658712 166.65007
5.1678696 166.64973
5.169868 166.64939
5.1718664 166.64905
5.1738648 166.64871
5.1758632 166.64838
5.1778616 166.64804
5.17986 166.6477
5.1818584 166.64736
5.1838568 166.64703
5.1858552 166.64669
5.1878536 166.64636
5.189852 166.64602
5.1918504 166.64568
5.1938488 166.64535
5.1958472 166.64501
5.1978456 166.64468
5.199844 166.64435
5.2018424 166.64401
5.2038408 166.64368
5.2058392 166.64334
5.2078376 166.64301
5.209836 166.64268
5.2118344 166.64235
5.2138328 166.64201
5.2158312 166.64168
5.2178296 166.64135
5.219828 166.64102
5.2218264 166.64069
5.2238248 166.64035
5.2258232 166.64002
5.2278216 166.63969
5.22982 166.63936
5.2318184 166.63903
5.2338168 166.6387
5.2358152 166.63837
5.2378136 166.63804
5.239812 166.63771
5.2418104 166.63739
5.2438088 166.63706
5.2458072 166.63673
5.2478056 166.6364
5.249804 166.63607
5.2518024 166.63575
5.2538008 166.63542
5.2557992 166.63509
5.2577976 166.63477
5.259796 166.63444
5.2617944 166.63411
5.2637928 166.63379
5.2657912 166.63346
5.2677896 166.63314
5.269788 166.63281
5.2717864 166.63249
5.2737848 166.63216
5.2757832 166.63184
5.2777816 166.63151
5.27978 166.63119
5.2817784 166.63087
5.2837768 166.63054
5.2857752 166.63022
5.2877736 166.6299
5.289772 166.62957
5.2917704 166.62925
5.2937688 166.62893
5.2957672 166.62861
5.2977656 166.62829
5.299764 166.62797
5.3017624 166.62765
5.3037608 166.62732
5.3057592 166.627
5.3077576 166.62668
5.309756 166.62636
5.3117544 166.62604
5.3137528 166.62572
5.3157512 166.62541
5.3177495 166.62509
5.3197479 166.62477
5.3217463 166.62445
5.3237447 166.62413
5.3257431 166.62381
5.3277415 166.6235
5.3297399 166.62318
5.3317383 166.62286
5.3337367 166.62254
5.3357351 166.62223
5.3377335 166.62191
5.3397319 166.6216
5.3417303 166.62128
5.3437287 166.62096
5.3457271 166.62065
5.3477255 166.62033
5.3497239 166.62002
5.3517223 166.6197
5.3537207 166.61939
5.3557191 166.61907
5.3577175 166.61876
5.3597159 166.61845
5.3617143 166.61813
5.3637127 166.61782
5.3657111 166.61751
5.3677095 166.61719
5.3697079 166.61688
5.3717063 166.61657
5.3737047 166.61626
5.3757031 166.61595
5.3777015 166.61564
5.3796999 166.61532
5.3816983 166.61501
5.3836967 166.6147
5.3856951 166.61439
5.3876935 166.61408
5.3896919 166.61377
5.3916903 166.61346
5.3936887 166.61315
5.3956871 166.61284
5.3976855 166.61253
5.3996839 166.61222
5.4016823 166.61192
5.4036807 166.61161
5.4056791 166.6113
5.4076775 166.61099
5.4096759 166.61068
5.4116743 166.61038
5.4136727 166.61007
5.4156711 166.60976
5.4176695 166.60946
5.4196679 166.60915
5.4216663 166.60884
5.4236647 166.60854
5.4256631 166.60823
5.4276615 166.60793
5.4296599 166.60762
5.4316583 166.60732
5.4336567 166.60701
5.4356551 166.60671
5.4376535 166.6064
5.4396519 166.6061
5.4416503 166.60579
5.4436487 166.60549
5.4456471 166.60519
5.4476455 166.60488
5.4496439 166.60458
5.4516423 166.60428
5.4536407 166.60398
5.4556391 166.60367
5.4576375 166.60337
5.4596359 166.60307
5.4616343 166.60277
5.4636327 166.60247
5.4656311 166.60217
5.4676295 166.60187
5.4696279 166.60157
5.4716263 166.60127
5.4736247 166.60097
5.4756231 166.60067
5.4776215 166.60037
5.4796199 166.60007
5.4816183 166.59977
5.4836167 166.59947
5.4856151 166.59917
5.4876135 166.59887
5.4896119 166.59857
5.4916103 166.59827
5.4936087 166.59798
5.4956071 166.59768
5.4976055 166.59738
5.4996039 166.59708
5.5016023 166.59679
5.5036007 166.59649
5.5055991 166.59619
5.5075975 166.5959
5.5095959 166.5956
5.5115943 166.59531
5.5135927 166.59501
5.5155911 166.59472
5.5175895 166.59442
5.5195879 166.59413
5.5215863 166.59383
5.5235847 166.59354
5.5255831 166.59324
5.5275815 166.59295
5.5295799 166.59265
5.5315783 166.59236
5.5335767 166.59207
5.5355751 166.59177
5.5375735 166.59148
5.5395719 166.59119
5.5415703 166.5909
5.5435687 166.5906
5.5455671 166.59031
5.5475655 166.59002
5.5495639 166.58973
5.5515623 166.58944
5.5535607 166.58915
5.5555591 166.58886
5.5575575 166.58856
5.5595559 166.58827
5.5615543 166.58798
5.5635527 166.58769
5.5655511 166.5874
5.5675495 166.58711
5.5695479 166.58683
5.5715463 166.58654
5.5735447 166.58625
5.5755431 166.58596
5.5775415 166.58567
5.5795399 166.58538
5.5815383 166.58509
5.5835367 166.58481
5.5855351 166.58452
5.5875335 166.58423
5.5895319 166.58394
5.5915303 166.58366
5.5935287 166.58337
5.5955271 166.58308
5.5975255 166.5828
5.5995239 166.58251
5.6015223 166.58222
5.6035207 166.58194
5.6055191 166.58165
5.6075175 166.58137
5.6095159 166.58108
5.6115143 166.5808
5.6135127 166.58051
5.6155111 166.58023
5.6175095 166.57994
5.6195079 166.57966
5.6215063 166.57938
5.6235047 166.57909
5.6255031 166.57881
5.6275015 166.57853
5.6294999 166.57824
5.6314983 166.57796
5.6334967 166.57768
5.6354951 166.5774
5.6374935 166.57711
5.6394919 166.57683
5.6414903 166.57655
5.6434887 166.57627
5.6454871 166.57599
5.6474855 166.57571
5.6494839 166.57543
5.6514823 166.57514
5.6534807 166.57486
5.6554791 166.57458
5.6574775 166.5743
5.6594759 166.57402
5.6614743 166.57374
5.6634727 166.57347
5.6654711 166.57319
5.6674695 166.57291
5.6694679 166.57263
5.6714663 166.57235
5.6734647 166.57207
5.6754631 166.57179
5.6774615 166.57152
5.6794599 166.57124
5.6814583 166.57096
5.6834567 166.57068
5.6854551 166.57041
5.6874535 166.57013
5.6894519 166.56985
5.6914503 166.56957
5.6934487 166.5693
5.6954471 166.56902
5.6974455 166.56875
5.6994439 166.56847
5.7014423 166.5682
5.7034407 166.56792
5.7054391 166.56764
5.7074375 166.56737
5.7094359 166.56709
5.7114343 166.56682
5.7134327 166.56655
5.7154311 166.56627
5.7174295 166.566
5.7194279 166.56572
5.7214263 166.56545
5.7234247 166.56518
5.7254231 166.5649
5.7274215 166.56463
5.7294199 166.56436
5.7314183 166.56409
5.7334167 166.56381
5.7354151 166.56354
5.7374135 166.56327
5.7394119 166.563
5.7414103 166.56273
5.7434087 166.56245
5.7454071 166.56218
5.7474055 166.56191
5.7494039 166.56164
5.7514023 166.56137
5.7534007 166.5611
5.7553991 166.56083
5.7573975 166.56056
5.7593959 166.56029
5.7613943 166.56002
5.7633927 166.55975
5.7653911 166.55948
5.7673895 166.55921
5.7693879 166.55895
5.7713863 166.55868
5.7733847 166.55841
5.7753831 166.55814
5.7773815 166.55787
5.7793799 166.5576
5.7813783 166.55734
5.7833767 166.55707
5.7853751 166.5568
5.7873735 166.55653
5.7893719 166.55627
5.7913703 166.556
5.7933687 166.55573
5.7953671 166.55547
5.7973655 166.5552
5.7993639 166.55494
5.8013623 166.55467
5.8033607 166.5544
5.8053591 166.55414
5.8073575 166.55387
5.8093559 166.55361
5.8113543 166.55334
5.8133527 166.55308
5.8153511 166.55282
5.8173495 166.55255
5.8193479 166.55229
5.8213463 166.55202
5.8233447 166.55176
5.8253431 166.5515
5.8273415 166.55123
5.8293399 166.55097
5.8313383 166.55071
5.8333367 166.55044
5.8353351 166.55018
5.8373335 166.54992
5.8393319 166.54966
5.8413303 166.5494
5.8433287 166.54913
5.8453271 166.54887
5.8473255 166.54861
5.8493239 166.54835
5.8513223 166.54809
5.8533207 166.54783
5.8553191 166.54757
5.8573175 166.54731
5.8593159 166.54705
5.8613143 166.54679
5.8633127 166.54653
5.8653111 166.54627
5.8673095 166.54601
5.8693079 166.54575
5.8713063 166.54549
5.8733047 166.54523
5.8753031 166.54497
5.8773015 166.54471
5.8792999 166.54445
5.8812983 166.5442
5.8832967 166.54394
5.8852951 166.54368
5.8872935 166.54342
5.8892919 166.54316
5.8912903 166.54291
5.8932887 166.54265
5.8952871 166.54239
5.8972855 166.54214
5.8992839 166.54188
5.9012823 166.54162
5.9032807 166.54137
5.9052791 166.54111
5.9072775 166.54085
5.9092759 166.5406
5.9112743 166.54034
5.9132727 166.54009
5.9152711 166.53983
5.9172695 166.53958
5.9192679 166.53932
5.9212663 166.53907
5.9232647 166.53881
5.9252631 166.53856
5.9272615 166.53831
5.9292599 166.53805
5.9312583 166.5378
5.9332567 166.53754
5.9352551 166.53729
5.9372535 166.53704
5.9392519 166.53678
5.9412503 166.53653
5.9432486 166.53628
5.945247 166.53603
5.9472454 166.53577
5.9492438 166.53552
5.9512422 166.53527
5.9532406 166.53502
5.955239 166.53477
5.9572374 166.53452
5.9592358 166.53426
5.9612342 166.53401
5.9632326 166.53376
5.965231 166.53351
5.9672294 166.53326
5.9692278 166.53301
5.9712262 166.53276
5.9732246 166.53251
5.975223 166.53226
5.9772214 166.53201
5.9792198 166.53176
5.9812182 166.53151
5.9832166 166.53126
5.985215 166.53101
5.9872134 166.53076
5.9892118 166.53052
5.9912102 166.53027
5.9932086 166.53002
5.995207 166.52977
5.9972054 166.52952
5.9992038 166.52928
6.0012022 166.52903
6.0032006 166.52878
6.005199 166.52853
6.0071974 166.52829
6.0091958 166.52804
6.0111942 166.52779
6.0131926 166.52755
6.015191 166.5273
6.0171894 166.52705
6.0191878 166.52681
6.0211862 166.52656
6.0231846 166.52631
6.025183 166.52607
6.0271814 166.52582
6.0291798 166.52558
6.0311782 166.52533
6.0331766 166.52509
6.035175 166.52484
6.0371734 166.5246
6.0391718 166.52435
6.0411702 166.52411
6.0431686 166.52387
6.045167 166.52362
6.0471654 166.52338
6.0491638 166.52314
6.0511622 166.52289
6.0531606 166.52265
6.055159 166.52241
6.0571574 166.52216
6.0591558 166.52192
6.0611542 166.52168
6.0631526 166.52143
6.065151 166.52119
6.0671494 166.52095
6.0691478 166.52071
6.0711462 166.52047
6.0731446 166.52023
6.075143 166.51998
6.0771414 166.51974
6.0791398 166.5195
6.0811382 166.51926
6.0831366 166.51902
6.085135 166.51878
6.0871334 166.51854
6.0891318 166.5183
6.0911302 166.51806
6.0931286 166.51782
6.095127 166.51758
6.0971254 166.51734
6.0991238 166.5171
6.1011222 166.51686
6.1031206 166.51662
6.105119 166.51638
6.1071174 166.51614
6.1091158 166.5159
6.1111142 166.51567
6.1131126 166.51543
6.115111 166.51519
6.1171094 166.51495
6.1191078 166.51471
6.1211062 166.51448
6.1231046 166.51424
6.125103 166.514
6.1271014 166.51376
6.1290998 166.51353
6.1310982 166.51329
6.1330966 166.51305
6.135095 166.51282
6.1370934 166.51258
6.1390918 166.51234
6.1410902 166.51211
6.1430886 166.51187
6.145087 166.51164
6.1470854 166.5114
6.1490838 166.51117
6.1510822 166.51093
6.1530806 166.5107
6.155079 166.51046
6.1570774 166.51023
6.1590758 166.50999
6.1610742 166.50976
6.1630726 166.50952
6.165071 166.50929
6.1670694 166.50905
6.1690678 166.50882
6.1710662 166.50859
6.1730646 166.50835
6.175063 166.50812
6.1770614 166.50789
6.1790598 166.50765
6.1810582 166.50742
6.1830566 166.50719
6.185055 166.50695
6.1870534 166.50672
6.1890518 166.50649
6.1910502 166.50626
6.1930486 166.50603
6.195047 166.50579
6.1970454 166.50556
6.1990438 166.50533
6.2010422 166.5051
6.2030406 166.50487
6.205039 166.50464
6.2070374 166.50441
6.2090358 166.50418
6.2110342 166.50395
6.2130326 166.50371
6.215031 166.50348
6.2170294 166.50325
6.2190278 166.50302
6.2210262 166.50279
6.2230246 166.50256
6.225023 166.50234
6.2270214 166.50211
6.2290198 166.50188
6.2310182 166.50165
6.2330166 166.50142
6.235015 166.50119
6.2370134 166.50096
6.2390118 166.50073
6.2410102 166.5005
6.2430086 166.50028
6.245007 166.50005
6.2470054 166.49982
6.2490038 166.49959
6.2510022 166.49937
6.2530006 166.49914
6.254999 166.49891
6.2569974 166.49868
6.2589958 166.49846
6.2609942 166.49823
6.2629926 166.498
6.264991 166.49778
6.2669894 166.49755
6.2689878 166.49732
6.2709862 166.4971
6.2729846 166.49687
6.274983 166.49665
6.2769814 166.49642
6.2789798 166.4962
6.2809782 166.49597
6.2829766 166.49574
6.284975 166.49552
6.2869734 166.49529
6.2889718 166.49507
6.2909702 166.49485
6.2929686 166.49462
6.294967 166.4944
6.2969654 166.49417
6.2989638 166.49395
6.3009622 166.49372
6.3029606 166.4935
6.304959 166.49328
6.3069574 166.49305
6.3089558 166.49283
6.3109542 166.49261
6.3129526 166.49239
6.314951 166.49216
6.3169494 166.49194
6.3189478 166.49172
6.3209462 166.49149
6.3229446 166.49127
6.324943 166.49105
6.3269414 166.49083
6.3289398 166.49061
6.3309382 166.49038
6.3329366 166.49016
6.334935 166.48994
6.3369334 166.48972
6.3389318 166.4895
6.3409302 166.48928
6.3429286 166.48906
6.344927 166.48884
6.3469254 166.48862
6.3489238 166.4884
6.3509222 166.48818
6.3529206 166.48796
6.354919 166.48774
6.3569174 166.48752
6.3589158 166.4873
6.3609142 166.48708
6.3629126 166.48686
6.364911 166.48664
6.3669094 166.48642
6.3689078 166.4862
6.3709062 166.48598
6.3729046 166.48576
6.374903 166.48555
6.3769014 166.48533
6.3788998 166.48511
6.3808982 166.48489
6.3828966 166.48467
6.384895 166.48445
6.3868934 166.48424
6.3888918 166.48402
6.3908902 166.4838
6.3928886 166.48358
6.394887 166.48337
6.3968854 166.48315
6.3988838 166.48293
6.4008822 166.48272
6.4028806 166.4825
6.404879 166.48228
6.4068774 166.48207
6.4088758 166.48185
6.4108742 166.48164
6.4128726 166.48142
6.414871 166.4812
6.4168694 166.48099
6.4188678 166.48077
6.4208662 166.48056
6.4228646 166.48034
6.424863 166.48013
6.4268614 166.47991
6.4288598 166.4797
6.4308582 166.47948
6.4328566 166.47927
6.434855 166.47906
6.4368534 166.47884
6.4388518 166.47863
6.4408502 166.47841
6.4428486 166.4782
6.444847 166.47799
6.4468454 166.47777
6.4488438 166.47756
6.4508422 166.47735
6.4528406 166.47713
6.454839 166.47692
6.4568374 166.47671
6.4588358 166.47649
6.4608342 166.47628
6.4628326 166.47607
6.464831 166.47586
6.4668294 166.47564
6.4688278 166.47543
6.4708262 166.47522
6.4728246 166.47501
6.474823 166.4748
6.4768214 166.47459
6.4788198 166.47437
6.4808182 166.47416
6.4828166 166.47395
6.484815 166.47374
6.4868134 166.47353
6.4888118 166.47332
6.4908102 166.47311
6.4928086 166.4729
6.494807 166.47269
6.4968054 166.47248
6.4988038 166.47227
6.5008022 166.47206
6.5028006 166.47185
6.504799 166.47164
6.5067974 166.47143
6.5087958 166.47122
6.5107942 166.47101
6.5127926 166.4708
6.514791 166.47059
6.5167894 166.47039
6.5187878 166.47018
6.5207862 166.46997
6.5227846 166.46976
6.524783 166.46955
6.5267814 166.46934
6.5287798 166.46914
6.5307782 166.46893
6.5327766 166.46872
6.534775 166.46851
6.5367734 166.4683
6.5387718 166.4681
6.5407702 166.46789
6.5427686 166.46768
6.544767 166.46748
6.5467654 166.46727
6.5487638 166.46706
6.5507622 166.46686
6.5527606 166.46665
6.554759 166.46644
6.5567574 166.46624
6.5587558 166.46603
6.5607542 166.46582
6.5627526 166.46562
6.564751 166.46541
6.5667493 166.46521
6.5687477 166.465
6.5707461 166.4648
6.5727445 166.46459
6.5747429 166.46439
6.5767413 166.46418
6.5787397 166.46398
6.5807381 166.46377
6.5827365 166.46357
6.5847349 166.46336
6.5867333 166.46316
6.5887317 166.46296
6.5907301 166.46275
6.5927285 166.46255
6.5947269 166.46234
6.5967253 166.46214
6.5987237 166.46194
6.6007221 166.46173
6.6027205 166.46153
6.6047189 166.46133
6.6067173 166.46112
6.6087157 166.46092
6.6107141 166.46072
6.6127125 166.46052
6.6147109 166.46031
6.6167093 166.46011
6.6187077 166.45991
6.6207061 166.45971
6.6227045 166.45951
6.6247029 166.4593
6.6267013 166.4591
6.6286997 166.4589
6.6306981 166.4587
6.6326965 166.4585
6.6346949 166.4583
6.6366933 166.45809
6.6386917 166.45789
6.6406901 166.45769
6.6426885 166.45749
6.6446869 166.45729
6.6466853 166.45709
6.6486837 166.45689
6.6506821 166.45669
6.6526805 166.45649
6.6546789 166.45629
6.6566773 166.45609
6.6586757 166.45589
6.6606741 166.45569
6.6626725 166.45549
6.6646709 166.45529
6.6666693 166.45509
6.6686677 166.45489
6.6706661 166.4547
6.6726645 166.4545
6.6746629 166.4543
6.6766613 166.4541
6.6786597 166.4539
6.6806581 166.4537
6.6826565 166.4535
6.6846549 166.45331
6.6866533 166.45311
6.6886517 166.45291
6.6906501 166.45271
6.6926485 166.45251
6.6946469 166.45232
6.6966453 166.45212
6.6986437 166.45192
6.7006421 166.45173
6.7026405 166.45153
6.7046389 166.45133
6.7066373 166.45113
6.7086357 166.45094
6.7106341 166.45074
6.7126325 166.45054
6.7146309 166.45035
6.7166293 166.45015
6.7186277 166.44996
6.7206261 166.44976
6.7226245 166.44956
6.7246229 166.44937
6.7266213 166.44917
6.7286197 166.44898
6.7306181 166.44878
6.7326165 166.44859
6.7346149 166.44839
6.7366133 166.4482
6.7386117 166.448
6.7406101 166.44781
6.7426085 166.44761
6.7446069 166.44742
6.7466053 166.44722
6.7486037 166.44703
6.7506021 166.44684
6.7526005 166.44664
6.7545989 166.44645
6.7565973 166.44625
6.7585957 166.44606
6.7605941 166.44587
6.7625925 166.44567
6.7645909 166.44548
6.7665893 166.44529
6.7685877 166.44509
6.7705861 166.4449
6.7725845 166.44471
6.7745829 166.44451
6.7765813 166.44432
6.7785797 166.44413
6.7805781 166.44394
6.7825765 166.44374
6.7845749 166.44355
6.7865733 166.44336
6.7885717 166.44317
6.7905701 166.44298
6.7925685 166.44278
6.7945669 166.44259
6.7965653 166.4424
6.7985637 166.44221
6.8005621 166.44202
6.8025605 166.44183
6.8045589 166.44164
6.8065573 166.44145
6.8085557 166.44126
6.8105541 166.44106
6.8125525 166.44087
6.8145509 166.44068
6.8165493 166.44049
6.8185477 166.4403
6.8205461 166.44011
6.8225445 166.43992
6.8245429 166.43973
6.8265413 166.43954
6.8285397 166.43935
6.8305381 166.43916
6.8325365 166.43897
6.8345349 166.43879
6.8365333 166.4386
6.8385317 166.43841
6.8405301 166.43822
6.8425285 166.43803
6.8445269 166.43784
6.8465253 166.43765
6.8485237 166.43746
6.8505221 166.43727
6.8525205 166.43709
6.8545189 166.4369
6.8565173 166.43671
6.8585157 166.43652
6.8605141 166.43633
6.8625125 166.43615
6.8645109 166.43596
6.8665093 166.43577
6.8685077 166.43558
6.8705061 166.4354
6.8725045 166.43521
6.8745029 166.43502
6.8765013 166.43484
6.8784997 166.43465
6.8804981 166.43446
6.8824965 166.43428
6.8844949 166.43409
6.8864933 166.4339
6.8884917 166.43372
6.8904901 166.43353
6.8924885 166.43334
6.8944869 166.43316
6.8964853 166.43297
6.8984837 166.43279
6.9004821 166.4326
6.9024805 166.43242
6.9044789 166.43223
6.9064773 166.43205
6.9084757 166.43186
6.9104741 166.43168
6.9124725 166.43149
6.9144709 166.43131
6.9164693 166.43112
6.9184677 166.43094
6.9204661 166.43075
6.9224645 166.43057
6.9244629 166.43038
6.9264613 166.4302
6.9284597 166.43001
6.9304581 166.42983
6.9324565 166.42965
6.9344549 166.42946
6.9364533 166.42928
6.9384517 166.4291
6.9404501 166.42891
6.9424485 166.42873
6.9444469 166.42855
6.9464453 166.42836
6.9484437 166.42818
6.9504421 166.428
6.9524405 166.42781
6.9544389 166.42763
6.9564373 166.42745
6.9584357 166.42727
6.9604341 166.42708
6.9624325 166.4269
6.9644309 166.42672
6.9664293 166.42654
6.9684277 166.42636
6.9704261 166.42617
6.9724245 166.42599
6.9744229 166.42581
6.9764213 166.42563
6.9784197 166.42545
6.9804181 166.42527
6.9824165 166.42509
6.9844149 166.4249
6.9864133 166.42472
6.9884117 166.42454
6.9904101 166.42436
6.9924085 166.42418
6.9944069 166.424
6.9964053 166.42382
6.9984037 166.42364
7.0004021 166.42346
7.0024005 166.42328
7.0043989 166.4231
7.0063973 166.42292
7.0083957 166.42274
7.0103941 166.42256
7.0123925 166.42238
7.0143909 166.4222
7.0163893 166.42202
7.0183877 166.42184
7.0203861 166.42166
7.0223845 166.42148
7.0243829 166.42131
7.0263813 166.42113
7.0283797 166.42095
7.0303781 166.42077
7.0323765 166.42059
7.0343749 166.42041
7.0363733 166.42023
7.0383717 166.42006
7.0403701 166.41988
7.0423685 166.4197
7.0443669 166.41952
7.0463653 166.41934
7.0483637 166.41917
7.0503621 166.41899
7.0523605 166.41881
7.0543589 166.41863
7.0563573 166.41846
7.0583557 166.41828
7.0603541 166.4181
7.0623525 166.41793
7.0643509 166.41775
7.0663493 166.41757
7.0683477 166.41739
7.0703461 166.41722
7.0723445 166.41704
7.0743429 166.41687
7.0763413 166.41669
7.0783397 166.41651
7.0803381 166.41634
7.0823365 166.41616
7.0843349 166.41599
7.0863333 166.41581
7.0883317 166.41563
7.0903301 166.41546
7.0923285 166.41528
7.0943269 166.41511
7.0963253 166.41493
7.0983237 166.41476
7.1003221 166.41458
7.1023205 166.41441
7.1043189 166.41423
7.1063173 166.41406
7.1083157 166.41388
7.1103141 166.41371
7.1123125 166.41353
7.1143109 166.41336
7.1163093 166.41319
7.1183077 166.41301
7.1203061 166.41284
7.1223045 166.41266
7.1243029 166.41249
7.1263013 166.41232
7.1282997 166.41214
7.1302981 166.41197
7.1322965 166.41179
7.1342949 166.41162
7.1362933 166.41145
7.1382917 166.41128
7.1402901 166.4111
7.1422885 166.41093
7.1442869 166.41076
7.1462853 166.41058
7.1482837 166.41041
7.1502821 166.41024
7.1522805 166.41007
7.1542789 166.40989
7.1562773 166.40972
7.1582757 166.40955
7.1602741 166.40938
7.1622725 166.40921
7.1642709 166.40903
7.1662693 166.40886
7.1682677 166.40869
7.1702661 166.40852
7.1722645 166.40835
7.1742629 166.40818
7.1762613 166.408
7.1782597 166.40783
7.1802581 166.40766
7.1822565 166.40749
7.1842549 166.40732
7.1862533 166.40715
7.1882517 166.40698
7.1902501 166.40681
7.1922484 166.40664
7.1942468 166.40647
7.1962452 166.4063
7.1982436 166.40613
7.200242 166.40596
7.2022404 166.40579
7.2042388 166.40562
7.2062372 166.40545
7.2082356 166.40528
7.210234 166.40511
7.2122324 166.40494
7.2142308 166.40477
7.2162292 166.4046
7.2182276 166.40443
7.220226 166.40426
7.2222244 166.40409
7.2242228 166.40392
7.2262212 166.40375
7.2282196 166.40358
7.230218 166.40342
7.2322164 166.40325
7.2342148 166.40308
7.2362132 166.40291
7.2382116 166.40274
7.24021 166.40257
7.2422084 166.40241
7.2442068 166.40224
7.2462052 166.40207
7.2482036 166.4019
7.250202 166.40173
7.2522004 166.40157
7.2541988 166.4014
7.2561972 166.40123
7.2581956 166.40106
7.260194 166.4009
7.2621924 166.40073
7.2641908 166.40056
7.2661892 166.4004
7.2681876 166.40023
7.270186 166.40006
7.2721844 166.3999
7.2741828 166.39973
7.2761812 166.39956
7.2781796 166.3994
7.280178 166.39923
7.2821764 166.39906
7.2841748 166.3989
7.2861732 166.39873
7.2881716 166.39857
7.29017 166.3984
7.2921684 166.39823
7.2941668 166.39807
7.2961652 166.3979
7.2981636 166.39774
7.300162 166.39757
7.3021604 166.39741
7.3041588 166.39724
7.3061572 166.39708
7.3081556 166.39691
7.310154 166.39675
7.3121524 166.39658
7.3141508 166.39642
7.3161492 166.39625
7.3181476 166.39609
7.320146 166.39592
7.3221444 166.39576
7.3241428 166.39559
7.3261412 166.39543
7.3281396 166.39527
7.330138 166.3951
7.3321364 166.39494
7.3341348 166.39477
7.3361332 166.39461
7.3381316 166.39445
7.34013 166.39428
7.3421284 166.39412
7.3441268 166.39396
7.3461252 166.39379
7.3481236 166.39363
7.350122 166.39347
7.3521204 166.3933
7.3541188 166.39314
7.3561172 166.39298
7.3581156 166.39282
7.360114 166.39265
7.3621124 166.39249
7.3641108 166.39233
7.3661092 166.39217
7.3681076 166.392
7.370106 166.39184
7.3721044 166.39168
7.3741028 166.39152
7.3761012 166.39136
7.3780996 166.39119
7.380098 166.39103
7.3820964 166.39087
7.3840948 166.39071
7.3860932 166.39055
7.3880916 166.39039
7.39009 166.39022
7.3920884 166.39006
7.3940868 166.3899
7.3960852 166.38974
7.3980836 166.38958
7.400082 166.38942
7.4020804 166.38926
7.4040788 166.3891
7.4060772 166.38894
7.4080756 166.38878
7.410074 166.38862
7.4120724 166.38846
7.4140708 166.3883
7.4160692 166.38814
7.4180676 166.38798
7.420066 166.38782
7.4220644 166.38766
7.4240628 166.3875
7.4260612 166.38734
7.4280596 166.38718
7.430058 166.38702
7.4320564 166.38686
7.4340548 166.3867
7.4360532 166.38654
7.4380516 166.38638
7.44005 166.38622
7.4420484 166.38606
7.4440468 166.3859
7.4460452 166.38574
7.4480436 166.38559
7.450042 166.38543
7.4520404 166.38527
7.4540388 166.38511
7.4560372 166.38495
7.4580356 166.38479
7.460034 166.38463
7.4620324 166.38448
7.4640308 166.38432
7.4660292 166.38416
7.4680276 166.384
7.470026 166.38385
7.4720244 166.38369
7.4740228 166.38353
7.4760212 166.38337
7.4780196 166.38321
7.480018 166.38306
7.4820164 166.3829
7.4840148 166.38274
7.4860132 166.38259
7.4880116 166.38243
7.49001 166.38227
7.4920084 166.38212
7.4940068 166.38196
7.4960052 166.3818
7.4980036 166.38165
7.500002 166.38149
7.5020004 166.38133
7.5039988 166.38118
7.5059972 166.38102
7.5079956 166.38086
7.509994 166.38071
7.5119924 166.38055
7.5139908 166.3804
7.5159892 166.38024
7.5179876 166.38008
7.519986 166.37993
7.5219844 166.37977
7.5239828 166.37962
7.5259812 166.37946
7.5279796 166.37931
7.529978 166.37915
7.5319764 166.379
7.5339748 166.37884
7.5359732 166.37869
7.5379716 166.37853
7.53997 166.37838
7.5419684 166.37822
7.5439668 166.37807
7.5459652 166.37791
7.5479636 166.37776
7.549962 166.3776
7.5519604 166.37745
7.5539588 166.37729
7.5559572 166.37714
7.5579556 166.37699
7.559954 166.37683
7.5619524 166.37668
7.5639508 166.37652
7.5659492 166.37637
7.5679476 166.37622
7.569946 166.37606
7.5719444 166.37591
7.5739428 166.37576
7.5759412 166.3756
7.5779396 166.37545
7.579938 166.3753
7.5819364 166.37514
7.5839348 166.37499
7.5859332 166.37484
7.5879316 166.37469
7.58993 166.37453
7.5919284 166.37438
7.5939268 166.37423
7.5959252 166.37408
7.5979236 166.37392
7.599922 166.37377
7.6019204 166.37362
7.6039188 166.37347
7.6059172 166.37331
7.6079156 166.37316
7.609914 166.37301
7.6119124 166.37286
7.6139108 166.37271
7.6159092 166.37255
7.6179076 166.3724
7.619906 166.37225
7.6219044 166.3721
7.6239028 166.37195
7.6259012 166.3718
7.6278996 166.37165
7.629898 166.3715
7.6318964 166.37134
7.6338948 166.37119
7.6358932 166.37104
7.6378916 166.37089
7.63989 166.37074
7.6418884 166.37059
7.6438868 166.37044
7.6458852 166.37029
7.6478836 166.37014
7.649882 166.36999
7.6518804 166.36984
7.6538788 166.36969
7.6558772 166.36954
7.6578756 166.36939
7.659874 166.36924
7.6618724 166.36909
7.6638708 166.36894
7.6658692 166.36879
7.6678676 166.36864
7.669866 166.36849
7.6718644 166.36834
7.6738628 166.36819
7.6758612 166.36804
7.6778596 166.36789
7.679858 166.36774
7.6818564 166.36759
7.6838548 166.36745
7.6858532 166.3673
7.6878516 166.36715
7.68985 166.367
7.6918484 166.36685
7.6938468 166.3667
7.6958452 166.36655
7.6978436 166.3664
7.699842 166.36626
7.7018404 166.36611
7.7038388 166.36596
7.7058372 166.36581
7.7078356 166.36566
7.709834 166.36552
7.7118324 166.36537
7.7138308 166.36522
7.7158292 166.36507
7.7178276 166.36492
7.719826 166.36478
7.7218244 166.36463
7.7238228 166.36448
7.7258212 166.36434
7.7278196 166.36419
7.729818 166.36404
7.7318164 166.36389
7.7338148 166.36375
7.7358132 166.3636
7.7378116 166.36345
7.73981 166.36331
7.7418084 166.36316
7.7438068 166.36301
7.7458052 166.36287
7.7478036 166.36272
7.749802 166.36257
7.7518004 166.36243
7.7537988 166.36228
7.7557972 166.36213
7.7577956 166.36199
7.759794 166.36184
7.7617924 166.3617
7.7637908 166.36155
7.7657892 166.36141
7.7677876 166.36126
7.769786 166.36111
7.7717844 166.36097
7.7737828 166.36082
7.7757812 166.36068
7.7777796 166.36053
7.779778 166.36039
7.7817764 166.36024
7.7837748 166.3601
7.7857732 166.35995
7.7877716 166.35981
7.78977 166.35966
7.7917684 166.35952
7.7937668 166.35937
7.7957652 166.35923
7.7977636 166.35908
7.799762 166.35894
7.8017604 166.35879
7.8037588 166.35865
7.8057572 166.35851
7.8077556 166.35836
7.809754 166.35822
7.8117524 166.35807
7.8137508 166.35793
7.8157491 166.35779
7.8177475 166.35764
7.8197459 166.3575
7.8217443 166.35735
7.8237427 166.35721
7.8257411 166.35707
7.8277395 166.35692
7.8297379 166.35678
7.8317363 166.35664
7.8337347 166.35649
7.8357331 166.35635
7.8377315 166.35621
7.8397299 166.35606
7.8417283 166.35592
7.8437267 166.35578
7.8457251 166.35564
7.8477235 166.35549
7.8497219 166.35535
7.8517203 166.35521
7.8537187 166.35507
7.8557171 166.35492
7.8577155 166.35478
7.8597139 166.35464
7.8617123 166.3545
7.8637107 166.35435
7.8657091 166.35421
7.8677075 166.35407
7.8697059 166.35393
7.8717043 166.35379
7.8737027 166.35365
7.8757011 166.3535
7.8776995 166.35336
7.8796979 166.35322
7.8816963 166.35308
7.8836947 166.35294
7.8856931 166.3528
7.8876915 166.35265
7.8896899 166.35251
7.8916883 166.35237
7.8936867 166.35223
7.8956851 166.35209
7.8976835 166.35195
7.8996819 166.35181
7.9016803 166.35167
7.9036787 166.35153
7.9056771 166.35139
7.9076755 166.35125
7.9096739 166.35111
7.9116723 166.35097
7.9136707 166.35083
7.9156691 166.35069
7.9176675 166.35055
7.9196659 166.35041
7.9216643 166.35027
7.9236627 166.35013
7.9256611 166.34999
7.9276595 166.34985
7.9296579 166.34971
7.9316563 166.34957
7.9336547 166.34943
7.9356531 166.34929
7.9376515 166.34915
7.9396499 166.34901
7.9416483 166.34887
7.9436467 166.34873
7.9456451 166.34859
7.9476435 166.34845
7.9496419 166.34831
7.9516403 166.34817
7.9536387 166.34803
7.9556371 166.3479
7.9576355 166.34776
7.9596339 166.34762
7.9616323 166.34748
7.9636307 166.34734
7.9656291 166.3472
7.9676275 166.34706
7.9696259 166.34693
7.9716243 166.34679
7.9736227 166.34665
7.9756211 166.34651
7.9776195 166.34637
7.9796179 166.34624
7.9816163 166.3461
7.9836147 166.34596
7.9856131 166.34582
7.9876115 166.34569
7.9896099 166.34555
7.9916083 166.34541
7.9936067 166.34527
7.9956051 166.34514
7.9976035 166.345
7.9996019 166.34486
8.0016003 166.34472
8.0035987 166.34459
8.0055971 166.34445
8.0075955 166.34431
8.0095939 166.34418
8.0115923 166.34404
8.0135907 166.3439
8.0155891 166.34377
8.0175875 166.34363
8.0195859 166.34349
8.0215843 166.34336
8.0235827 166.34322
8.0255811 166.34308
8.0275795 166.34295
8.0295779 166.34281
8.0315763 166.34267
8.0335747 166.34254
8.0355731 166.3424
8.0375715 166.34227
8.0395699 166.34213
8.0415683 166.34199
8.0435667 166.34186
8.0455651 166.34172
8.0475635 166.34159
8.0495619 166.34145
8.0515603 166.34132
8.0535587 166.34118
8.0555571 166.34105
8.0575555 166.34091
8.0595539 166.34078
8.0615523 166.34064
8.0635507 166.34051
8.0655491 166.34037
8.0675475 166.34024
8.0695459 166.3401
8.0715443 166.33997
8.0735427 166.33983
8.0755411 166.3397
8.0775395 166.33956
8.0795379 166.33943
8.0815363 166.33929
8.0835347 166.33916
8.0855331 166.33902
8.0875315 166.33889
8.0895299 166.33876
8.0915283 166.33862
8.0935267 166.33849
8.0955251 166.33835
8.0975235 166.33822
8.0995219 166.33809
8.1015203 166.33795
8.1035187 166.33782
8.1055171 166.33769
8.1075155 166.33755
8.1095139 166.33742
8.1115123 166.33729
8.1135107 166.33715
8.1155091 166.33702
8.1175075 166.33689
8.1195059 166.33675
8.1215043 166.33662
8.1235027 166.33649
8.1255011 166.33635
8.1274995 166.33622
8.1294979 166.33609
8.1314963 166.33595
8.1334947 166.33582
8.1354931 166.33569
8.1374915 166.33556
8.1394899 166.33542
8.1414883 166.33529
8.1434867 166.33516
8.1454851 166.33503
8.1474835 166.3349
8.1494819 166.33476
8.1514803 166.33463
8.1534787 166.3345
8.1554771 166.33437
8.1574755 166.33424
8.1594739 166.3341
8.1614723 166.33397
8.1634707 166.33384
8.1654691 166.33371
8.1674675 166.33358
8.1694659 166.33345
8.1714643 166.33331
8.1734627 166.33318
8.1754611 166.33305
8.1774595 166.33292
8.1794579 166.33279
8.1814563 166.33266
8.1834547 166.33253
8.1854531 166.3324
8.1874515 166.33226
8.1894499 166.33213
8.1914483 166.332
8.1934467 166.33187
8.1954451 166.33174
8.1974435 166.33161
8.1994419 166.33148
8.2014403 166.33135
8.2034387 166.33122
8.2054371 166.33109
8.2074355 166.33096
8.2094339 166.33083
8.2114323 166.3307
8.2134307 166.33057
8.2154291 166.33044
8.2174275 166.33031
8.2194259 166.33018
8.2214243 166.33005
8.2234227 166.32992
8.2254211 166.32979
8.2274195 166.32966
8.2294179 166.32953
8.2314163 166.3294
8.2334147 166.32927
8.2354131 166.32914
8.2374115 166.32901
8.2394099 166.32888
8.2414083 166.32875
8.2434067 166.32863
8.2454051 166.3285
8.2474035 166.32837
8.2494019 166.32824
8.2514003 166.32811
8.2533987 166.32798
8.2553971 166.32785
8.2573955 166.32772
8.2593939 166.32759
8.2613923 166.32747
8.2633907 166.32734
8.2653891 166.32721
8.2673875 166.32708
8.2693859 166.32695
8.2713843 166.32682
8.2733827 166.3267
8.2753811 166.32657
8.2773795 166.32644
8.2793779 166.32631
8.2813763 166.32618
8.2833747 166.32606
8.2853731 166.32593
8.2873715 166.3258
8.2893699 166.32567
8.2913683 166.32555
8.2933667 166.32542
8.2953651 166.32529
8.2973635 166.32516
8.2993619 166.32504
8.3013603 166.32491
8.3033587 166.32478
8.3053571 166.32465
8.3073555 166.32453
8.3093539 166.3244
8.3113523 166.32427
8.3133507 166.32415
8.3153491 166.32402
8.3173475 166.32389
8.3193459 166.32377
8.3213443 166.32364
8.3233427 166.32351
8.3253411 166.32339
8.3273395 166.32326
8.3293379 166.32313
8.3313363 166.32301
8.3333347 166.32288
8.3353331 166.32275
8.3373315 166.32263
8.3393299 166.3225
8.3413283 166.32238
8.3433267 166.32225
8.3453251 166.32212
8.3473235 166.322
8.3493219 166.32187
8.3513203 166.32175
8.3533187 166.32162
8.3553171 166.32149
8.3573155 166.32137
8.3593139 166.32124
8.3613123 166.32112
8.3633107 166.32099
8.3653091 166.32087
8.3673075 166.32074
8.3693059 166.32062
8.3713043 166.32049
8.3733027 166.32037
8.3753011 166.32024
8.3772995 166.32012
8.3792979 166.31999
8.3812963 166.31987
8.3832947 166.31974
8.3852931 166.31962
8.3872915 166.31949
8.3892899 166.31937
8.3912883 166.31924
8.3932867 166.31912
8.3952851 166.31899
8.3972835 166.31887
8.3992819 166.31875
8.4012803 166.31862
8.4032787 166.3185
8.4052771 166.31837
8.4072755 166.31825
8.4092739 166.31813
8.4112723 166.318
8.4132707 166.31788
8.4152691 166.31775
8.4172675 166.31763
8.4192659 166.31751
8.4212643 166.31738
8.4232627 166.31726
8.4252611 166.31714
8.4272595 166.31701
8.4292579 166.31689
8.4312563 166.31677
8.4332547 166.31664
8.4352531 166.31652
8.4372515 166.3164
8.4392498 166.31627
8.4412482 166.31615
8.4432466 166.31603
8.445245 166.3159
8.4472434 166.31578
8.4492418 166.31566
8.4512402 166.31554
8.4532386 166.31541
8.455237 166.31529
8.4572354 166.31517
8.4592338 166.31504
8.4612322 166.31492
8.4632306 166.3148
8.465229 166.31468
8.4672274 166.31456
8.4692258 166.31443
8.4712242 166.31431
8.4732226 166.31419
8.475221 166.31407
8.4772194 166.31394
8.4792178 166.31382
8.4812162 166.3137
8.4832146 166.31358
8.485213 166.31346
8.4872114 166.31334
8.4892098 166.31321
8.4912082 166.31309
8.4932066 166.31297
8.495205 166.31285
8.4972034 166.31273
8.4992018 166.31261
8.5012002 166.31249
8.5031986 166.31236
8.505197 166.31224
8.5071954 166.31212
8.5091938 166.312
8.5111922 166.31188
8.5131906 166.31176
8.515189 166.31164
8.5171874 166.31152
8.5191858 166.3114
8.5211842 166.31128
8.5231826 166.31116
8.525181 166.31103
8.5271794 166.31091
8.5291778 166.31079
8.5311762 166.31067
8.5331746 166.31055
8.535173 166.31043
8.5371714 166.31031
8.5391698 166.31019
8.5411682 166.31007
8.5431666 166.30995
8.545165 166.30983
8.5471634 166.30971
8.5491618 166.30959
8.5511602 166.30947
8.5531586 166.30935
8.555157 166.30923
8.5571554 166.30911
8.5591538 166.30899
8.5611522 166.30887
8.5631506 166.30875
8.565149 166.30863
8.5671474 166.30852
8.5691458 166.3084
8.5711442 166.30828
8.5731426 166.30816
8.575141 166.30804
8.5771394 166.30792
8.5791378 166.3078
8.5811362 166.30768
8.5831346 166.30756
8.585133 166.30744
8.5871314 166.30732
8.5891298 166.30721
8.5911282 166.30709
8.5931266 166.30697
8.595125 166.30685
8.5971234 166.30673
8.5991218 166.30661
8.6011202 166.30649
8.6031186 166.30638
8.605117 166.30626
8.6071154 166.30614
8.6091138 166.30602
8.6111122 166.3059
8.6131106 166.30578
8.615109 166.30567
8.6171074 166.30555
8.6191058 166.30543
8.6211042 166.30531
8.6231026 166.30519
8.625101 166.30508
8.6270994 166.30496
8.6290978 166.30484
8.6310962 166.30472
8.6330946 166.30461
8.635093 166.30449
8.6370914 166.30437
8.6390898 166.30425
8.6410882 166.30414
8.6430866 166.30402
8.645085 166.3039
8.6470834 166.30378
8.6490818 166.30367
8.6510802 166.30355
8.6530786 166.30343
8.655077 166.30332
8.6570754 166.3032
8.6590738 166.30308
8.6610722 166.30297
8.6630706 166.30285
8.665069 166.30273
8.6670674 166.30262
8.6690658 166.3025
8.6710642 166.30238
8.6730626 166.30227
8.675061 166.30215
8.6770594 166.30203
8.6790578 166.30192
8.6810562 166.3018
8.6830546 166.30168
8.685053 166.30157
8.6870514 166.30145
8.6890498 166.30134
8.6910482 166.30122
8.6930466 166.3011
8.695045 166.30099
8.6970434 166.30087
8.6990418 166.30076
8.7010402 166.30064
8.7030386 166.30053
8.705037 166.30041
8.7070354 166.30029
8.7090338 166.30018
8.7110322 166.30006
8.7130306 166.29995
8.715029 166.29983
8.7170274 166.29972
8.7190258 166.2996
8.7210242 166.29949
8.7230226 166.29937
8.725021 166.29926
8.7270194 166.29914
8.7290178 166.29903
8.7310162 166.29891
8.7330146 166.2988
8.735013 166.29868
8.7370114 166.29857
8.7390098 166.29845
8.7410082 166.29834
8.7430066 166.29822
8.745005 166.29811
8.7470034 166.29799
8.7490018 166.29788
8.7510002 166.29777
8.7529986 166.29765
8.754997 166.29754
8.7569954 166.29742
8.7589938 166.29731
8.7609922 166.29719
8.7629906 166.29708
8.764989 166.29697
8.7669874 166.29685
8.7689858 166.29674
8.7709842 166.29662
8.7729826 166.29651
8.774981 166.2964
8.7769794 166.29628
8.7789778 166.29617
8.7809762 166.29606
8.7829746 166.29594
8.784973 166.29583
8.7869714 166.29572
8.7889698 166.2956
8.7909682 166.29549
8.7929666 166.29538
8.794965 166.29526
8.7969634 166.29515
8.7989618 166.29504
8.8009602 166.29492
8.8029586 166.29481
8.804957 166.2947
8.8069554 166.29458
8.8089538 166.29447
8.8109522 166.29436
8.8129506 166.29425
8.814949 166.29413
8.8169474 166.29402
8.8189458 166.29391
8.8209442 166.2938
8.8229426 166.29368
8.824941 166.29357
8.8269394 166.29346
8.8289378 166.29335
8.8309362 166.29323
8.8329346 166.29312
8.834933 166.29301
8.8369314 166.2929
8.8389298 166.29278
8.8409282 166.29267
8.8429266 166.29256
8.844925 166.29245
8.8469234 166.29234
8.8489218 166.29222
8.8509202 166.29211
8.8529186 166.292
8.854917 166.29189
8.8569154 166.29178
8.8589138 166.29167
8.8609122 166.29155
8.8629106 166.29144
8.864909 166.29133
8.8669074 166.29122
8.8689058 166.29111
8.8709042 166.291
8.8729026 166.29089
8.874901 166.29078
8.8768994 166.29066
8.8788978 166.29055
8.8808962 166.29044
8.8828946 166.29033
8.884893 166.29022
8.8868914 166.29011
8.8888898 166.29
8.8908882 166.28989
8.8928866 166.28978
8.894885 166.28967
8.8968834 166.28956
8.8988818 166.28945
8.9008802 166.28934
8.9028786 166.28922
8.904877 166.28911
8.9068754 166.289
8.9088738 166.28889
8.9108722 166.28878
8.9128706 166.28867
8.914869 166.28856
8.9168674 166.28845
8.9188658 166.28834
8.9208642 166.28823
8.9228626 166.28812
8.924861 166.28801
8.9268594 166.2879
8.9288578 166.28779
8.9308562 166.28768
8.9328546 166.28757
8.934853 166.28746
8.9368514 166.28735
8.9388498 166.28724
8.9408482 166.28714
8.9428466 166.28703
8.944845 166.28692
8.9468434 166.28681
8.9488418 166.2867
8.9508402 166.28659
8.9528386 166.28648
8.954837 166.28637
8.9568354 166.28626
8.9588338 166.28615
8.9608322 166.28604
8.9628306 166.28593
8.964829 166.28582
8.9668274 166.28572
8.9688258 166.28561
8.9708242 166.2855
8.9728226 166.28539
8.974821 166.28528
8.9768194 166.28517
8.9788178 166.28506
8.9808162 166.28496
8.9828146 166.28485
8.984813 166.28474
8.9868114 166.28463
8.9888098 166.28452
8.9908082 166.28441
8.9928066 166.2843
8.994805 166.2842
8.9968034 166.28409
8.9988018 166.28398
9.0008002 166.28387
9.0027986 166.28376
9.004797 166.28366
9.0067954 166.28355
9.0087938 166.28344
9.0107922 166.28333
9.0127906 166.28323
9.014789 166.28312
9.0167874 166.28301
9.0187858 166.2829
9.0207842 166.28279
9.0227826 166.28269
9.024781 166.28258
9.0267794 166.28247
9.0287778 166.28236
9.0307762 166.28226
9.0327746 166.28215
9.034773 166.28204
9.0367714 166.28194
9.0387698 166.28183
9.0407682 166.28172
9.0427666 166.28161
9.044765 166.28151
9.0467634 166.2814
9.0487618 166.28129
9.0507602 166.28119
9.0527586 166.28108
9.054757 166.28097
9.0567554 166.28087
9.0587538 166.28076
9.0607522 166.28065
9.0627506 166.28055
9.0647489 166.28044
9.0667473 166.28033
9.0687457 166.28023
9.0707441 166.28012
9.0727425 166.28001
9.0747409 166.27991
9.0767393 166.2798
9.0787377 166.2797
9.0807361 166.27959
9.0827345 166.27948
9.0847329 166.27938
9.0867313 166.27927
9.0887297 166.27917
9.0907281 166.27906
9.0927265 166.27895
9.0947249 166.27885
9.0967233 166.27874
9.0987217 166.27864
9.1007201 166.27853
9.1027185 166.27843
9.1047169 166.27832
9.1067153 166.27821
9.1087137 166.27811
9.1107121 166.278
9.1127105 166.2779
9.1147089 166.27779
9.1167073 166.27769
9.1187057 166.27758
9.1207041 166.27748
9.1227025 166.27737
9.1247009 166.27727
9.1266993 166.27716
9.1286977 166.27706
9.1306961 166.27695
9.1326945 166.27685
9.1346929 166.27674
9.1366913 166.27664
9.1386897 166.27653
9.1406881 166.27643
9.1426865 166.27632
9.1446849 166.27622
9.1466833 166.27611
9.1486817 166.27601
9.1506801 166.2759
9.1526785 166.2758
9.1546769 166.2757
9.1566753 166.27559
9.1586737 166.27549
9.1606721 166.27538
9.1626705 166.27528
9.1646689 166.27517
9.1666673 166.27507
9.1686657 166.27497
9.1706641 166.27486
9.1726625 166.27476
9.1746609 166.27465
9.1766593 166.27455
9.1786577 166.27445
9.1806561 166.27434
9.1826545 166.27424
9.1846529 166.27414
9.1866513 166.27403
9.1886497 166.27393
9.1906481 166.27382
9.1926465 166.27372
9.1946449 166.27362
9.1966433 166.27351
9.1986417 166.27341
9.2006401 166.27331
9.2026385 166.2732
9.2046369 166.2731
9.2066353 166.273
9.2086337 166.27289
9.2106321 166.27279
9.2126305 166.27269
9.2146289 166.27258
9.2166273 166.27248
9.2186257 166.27238
9.2206241 166.27228
9.2226225 166.27217
9.2246209 166.27207
9.2266193 166.27197
9.2286177 166.27186
9.2306161 166.27176
9.2326145 166.27166
9.2346129 166.27156
9.2366113 166.27145
9.2386097 166.27135
9.2406081 166.27125
9.2426065 166.27115
9.2446049 166.27104
9.2466033 166.27094
9.2486017 166.27084
9.2506001 166.27074
9.2525985 166.27064
9.2545969 166.27053
9.2565953 166.27043
9.2585937 166.27033
9.2605921 166.27023
9.2625905 166.27013
9.2645889 166.27002
9.2665873 166.26992
9.2685857 166.26982
9.2705841 166.26972
9.2725825 166.26962
9.2745809 166.26951
9.2765793 166.26941
9.2785777 166.26931
9.2805761 166.26921
9.2825745 166.26911
9.2845729 166.26901
9.2865713 166.26891
9.2885697 166.2688
9.2905681 166.2687
9.2925665 166.2686
9.2945649 166.2685
9.2965633 166.2684
9.2985617 166.2683
9.3005601 166.2682
9.3025585 166.2681
9.3045569 166.26799
9.3065553 166.26789
9.3085537 166.26779
9.3105521 166.26769
9.3125505 166.26759
9.3145489 166.26749
9.3165473 166.26739
9.3185457 166.26729
9.3205441 166.26719
9.3225425 166.26709
9.3245409 166.26699
9.3265393 166.26689
9.3285377 166.26679
9.3305361 166.26668
9.3325345 166.26658
9.3345329 166.26648
9.3365313 166.26638
9.3385297 166.26628
9.3405281 166.26618
9.3425265 166.26608
9.3445249 166.26598
9.3465233 166.26588
9.3485217 166.26578
9.3505201 166.26568
9.3525185 166.26558
9.3545169 166.26548
9.3565153 166.26538
9.3585137 166.26528
9.3605121 166.26518
9.3625105 166.26508
9.3645089 166.26498
9.3665073 166.26488
9.3685057 166.26478
9.3705041 166.26468
9.3725025 166.26458
9.3745009 166.26449
9.3764993 166.26439
9.3784977 166.26429
9.3804961 166.26419
9.3824945 166.26409
9.3844929 166.26399
9.3864913 166.26389
9.3884897 166.26379
9.3904881 166.26369
9.3924865 166.26359
9.3944849 166.26349
9.3964833 166.26339
9.3984817 166.26329
9.4004801 166.2632
9.4024785 166.2631
9.4044769 166.263
9.4064753 166.2629
9.4084737 166.2628
9.4104721 166.2627
9.4124705 166.2626
9.4144689 166.2625
9.4164673 166.26241
9.4184657 166.26231
9.4204641 166.26221
9.4224625 166.26211
9.4244609 166.26201
9.4264593 166.26191
9.4284577 166.26181
9.4304561 166.26172
9.4324545 166.26162
9.4344529 166.26152
9.4364513 166.26142
9.4384497 166.26132
9.4404481 166.26122
9.4424465 166.26113
9.4444449 166.26103
9.4464433 166.26093
9.4484417 166.26083
9.4504401 166.26073
9.4524385 166.26064
9.4544369 166.26054
9.4564353 166.26044
9.4584337 166.26034
9.4604321 166.26025
9.4624305 166.26015
9.4644289 166.26005
9.4664273 166.25995
9.4684257 166.25986
9.4704241 166.25976
9.4724225 166.25966
9.4744209 166.25956
9.4764193 166.25947
9.4784177 166.25937
9.4804161 166.25927
9.4824145 166.25917
9.4844129 166.25908
9.4864113 166.25898
9.4884097 166.25888
9.4904081 166.25879
9.4924065 166.25869
9.4944049 166.25859
9.4964033 166.25849
9.4984017 166.2584
9.5004001 166.2583
9.5023985 166.2582
9.5043969 166.25811
9.5063953 166.25801
9.5083937 166.25791
9.5103921 166.25782
9.5123905 166.25772
9.5143889 166.25762
9.5163873 166.25753
9.5183857 166.25743
9.5203841 166.25733
9.5223825 166.25724
9.5243809 166.25714
9.5263793 166.25704
9.5283777 166.25695
9.5303761 166.25685
9.5323745 166.25676
9.5343729 166.25666
9.5363713 166.25656
9.5383697 166.25647
9.5403681 166.25637
9.5423665 166.25628
9.5443649 166.25618
9.5463633 166.25608
9.5483617 166.25599
9.5503601 166.25589
9.5523585 166.2558
9.5543569 166.2557
9.5563553 166.2556
9.5583537 166.25551
9.5603521 166.25541
9.5623505 166.25532
9.5643489 166.25522
9.5663473 166.25513
9.5683457 166.25503
9.5703441 166.25494
9.5723425 166.25484
9.5743409 166.25474
9.5763393 166.25465
9.5783377 166.25455
9.5803361 166.25446
9.5823345 166.25436
9.5843329 166.25427
9.5863313 166.25417
9.5883297 166.25408
9.5903281 166.25398
9.5923265 166.25389
9.5943249 166.25379
9.5963233 166.2537
9.5983217 166.2536
9.6003201 166.25351
9.6023185 166.25341
9.6043169 166.25332
9.6063153 166.25322
9.6083137 166.25313
9.6103121 166.25303
9.6123105 166.25294
9.6143089 166.25285
9.6163073 166.25275
9.6183057 166.25266
9.6203041 166.25256
9.6223025 166.25247
9.6243009 166.25237
9.6262993 166.25228
9.6282977 166.25218
9.6302961 166.25209
9.6322945 166.252
9.6342929 166.2519
9.6362913 166.25181
9.6382897 166.25171
9.6402881 166.25162
9.6422865 166.25153
9.6442849 166.25143
9.6462833 166.25134
9.6482817 166.25124
9.6502801 166.25115
9.6522785 166.25106
9.6542769 166.25096
9.6562753 166.25087
9.6582737 166.25077
9.6602721 166.25068
9.6622705 166.25059
9.6642689 166.25049
9.6662673 166.2504
9.6682657 166.25031
9.6702641 166.25021
9.6722625 166.25012
9.6742609 166.25003
9.6762593 166.24993
9.6782577 166.24984
9.6802561 166.24975
9.6822545 166.24965
9.6842529 166.24956
9.6862513 166.24947
9.6882496 166.24937
9.690248 166.24928
9.6922464 166.24919
9.6942448 166.24909
9.6962432 166.249
9.6982416 166.24891
9.70024 166.24882
9.7022384 166.24872
9.7042368 166.24863
9.7062352 166.24854
9.7082336 166.24844
9.710232 166.24835
9.7122304 166.24826
9.7142288 166.24817
9.7162272 166.24807
9.7182256 166.24798
9.720224 166.24789
9.7222224 166.2478
9.7242208 166.2477
9.7262192 166.24761
9.7282176 166.24752
9.730216 166.24743
9.7322144 166.24733
9.7342128 166.24724
9.7362112 166.24715
9.7382096 166.24706
9.740208 166.24697
9.7422064 166.24687
9.7442048 166.24678
9.7462032 166.24669
9.7482016 166.2466
9.7502 166.24651
9.7521984 166.24641
9.7541968 166.24632
9.7561952 166.24623
9.7581936 166.24614
9.760192 166.24605
9.7621904 166.24596
9.7641888 166.24586
9.7661872 166.24577
9.7681856 166.24568
9.770184 166.24559
9.7721824 166.2455
9.7741808 166.24541
9.7761792 166.24531
9.7781776 166.24522
9.780176 166.24513
9.7821744 166.24504
9.7841728 166.24495
9.7861712 166.24486
9.7881696 166.24477
9.790168 166.24468
9.7921664 166.24458
9.7941648 166.24449
9.7961632 166.2444
9.7981616 166.24431
9.80016 166.24422
9.8021584 166.24413
9.8041568 166.24404
9.8061552 166.24395
9.8081536 166.24386
9.810152 166.24377
9.8121504 166.24367
9.8141488 166.24358
9.8161472 166.24349
9.8181456 166.2434
9.820144 166.24331
9.8221424 166.24322
9.8241408 166.24313
9.8261392 166.24304
9.8281376 166.24295
9.830136 166.24286
9.8321344 166.24277
9.8341328 166.24268
9.8361312 166.24259
9.8381296 166.2425
9.840128 166.24241
9.8421264 166.24232
9.8441248 166.24223
9.8461232 166.24214
9.8481216 166.24205
9.85012 166.24196
9.8521184 166.24187
9.8541168 166.24178
9.8561152 166.24169
9.8581136 166.2416
9.860112 166.24151
9.8621104 166.24142
9.8641088 166.24133
9.8661072 166.24124
9.8681056 166.24115
9.870104 166.24106
9.8721024 166.24097
9.8741008 166.24088
9.8760992 166.24079
9.8780976 166.2407
9.880096 166.24061
9.8820944 166.24052
9.8840928 166.24043
9.8860912 166.24034
9.8880896 166.24025
9.890088 166.24016
9.8920864 166.24007
9.8940848 166.23998
9.8960832 166.2399
9.8980816 166.23981
9.90008 166.23972
9.9020784 166.23963
9.9040768 166.23954
9.9060752 166.23945
9.9080736 166.23936
9.910072 166.23927
9.9120704 166.23918
9.9140688 166.23909
9.9160672 166.23901
9.9180656 166.23892
9.920064 166.23883
9.9220624 166.23874
9.9240608 166.23865
9.9260592 166.23856
9.9280576 166.23847
9.930056 166.23838
9.9320544 166.2383
9.9340528 166.23821
9.9360512 166.23812
9.9380496 166.23803
9.940048 166.23794
9.9420464 166.23785
9.9440448 166.23777
9.9460432 166.23768
9.9480416 166.23759
9.95004 166.2375
9.9520384 166.23741
9.9540368 166.23732
9.9560352 166.23724
9.9580336 166.23715
9.960032 166.23706
9.9620304 166.23697
9.9640288 166.23688
9.9660272 166.2368
9.9680256 166.23671
9.970024 166.23662
9.9720224 166.23653
9.9740208 166.23644
9.9760192 166.23636
9.9780176 166.23627
9.980016 166.23618
9.9820144 166.23609
9.9840128 166.23601
9.9860112 166.23592
9.9880096 166.23583
9.990008 166.23574
9.9920064 166.23566
9.9940048 166.23557
9.9960032 166.23548
9.9980016 166.23539
10 166.23531

