10 197.20172
9.9980016 197.20172
9.9960032 197.20172
9.9940048 197.20172
9.9920064 197.20172
9.990008 197.20172
9.9880096 197.20172
9.9860112 197.20172
9.9840128 197.20172
9.9820144 197.20172
9.980016 197.20172
9.9780176 197.20172
9.9760192 197.20171
9.9740208 197.20171
9.9720224 197.20171
9.970024 197.20171
9.9680256 197.20171
9.9660272 197.20171
9.9640288 197.20171
9.9620304 197.20171
9.960032 197.20171
9.9580336 197.20171
9.9560352 197.20171
9.9540368 197.20171
9.9520384 197.20171
9.95004 197.20171
9.9480416 197.2017
9.9460432 197.2017
9.9440448 197.2017
9.9420464 197.2017
9.940048 197.2017
9.9380496 197.2017
9.9360512 197.2017
9.9340528 197.2017
9.9320544 197.2017
9.930056 197.2017
9.9280576 197.2017
9.9260592 197.2017
9.9240608 197.2017
9.9220624 197.20169
9.920064 197.20169
9.9180656 197.20169
9.9160672 197.20169
9.9140688 197.20169
9.9120704 197.20169
9.910072 197.20169
9.9080736 197.20169
9.9060752 197.20169
9.9040768 197.20169
9.9020784 197.20169
9.90008 197.20169
9.8980816 197.20169
9.8960832 197.20168
9.8940848 197.20168
9.8920864 197.20168
9.890088 197.20168
9.8880896 197.20168
9.8860912 197.20168
9.8840928 197.20168
9.8820944 197.20168
9.880096 197.20168
9.8780976 197.20168
9.8760992 197.20168
9.8741008 197.20168
9.8721024 197.20168
9.870104 197.20168
9.8681056 197.20167
9.8661072 197.20167
9.8641088 197.20167
9.8621104 197.20167
9.860112 197.20167
9.8581136 197.20167
9.8561152 197.20167
9.8541168 197.20167
9.8521184 197.20167
9.85012 197.20167
9.8481216 197.20167
9.8461232 197.20167
9.8441248 197.20167
9.8421264 197.20166
9.840128 197.20166
9.8381296 197.20166
9.8361312 197.20166
9.8341328 197.20166
9.8321344 197.20166
9.830136 197.20166
9.8281376 197.20166
9.8261392 197.20166
9.8241408 197.20166
9.8221424 197.20166
9.820144 197.20166
9.8181456 197.20166
9.8161472 197.20165
9.8141488 197.20165
9.8121504 197.20165
9.810152 197.20165
9.8081536 197.20165
9.8061552 197.20165
9.8041568 197.20165
9.8021584 197.20165
9.80016 197.20165
9.7981616 197.20165
9.7961632 197.20165
9.7941648 197.20165
9.7921664 197.20165
9.790168 197.20165
9.7881696 197.20164
9.7861712 197.20164
9.7841728 197.20164
9.7821744 197.20164
9.780176 197.20164
9.7781776 197.20164
9.7761792 197.20164
9.7741808 197.20164
9.7721824 197.20164
9.770184 197.20164
9.7681856 197.20164
9.7661872 197.20164
9.7641888 197.20164
9.7621904 197.20163
9.760192 197.20163
9.7581936 197.20163
9.7561952 197.20163
9.7541968 197.20163
9.7521984 197.20163
9.7502 197.20163
9.7482016 197.20163
9.7462032 197.20163
9.7442048 197.20163
9.7422064 197.20163
9.740208 197.20163
9.7382096 197.20163
9.7362112 197.20162
9.7342128 197.20162
9.7322144 197.20162
9.730216 197.20162
9.7282176 197.20162
9.7262192 197.20162
9.7242208 197.20162
9.7222224 197.20162
9.720224 197.20162
9.7182256 197.20162
9.7162272 197.20162
9.7142288 197.20162
9.7122304 197.20162
9.710232 197.20161
9.7082336 197.20161
9.7062352 197.20161
9.7042368 197.20161
9.7022384 197.20161
9.70024 197.20161
9.6982416 197.20161
9.6962432 197.20161
9.6942448 197.20161
9.6922464 197.20161
9.690248 197.20161
9.6882496 197.20161
9.6862513 197.2016
9.6842529 197.2016
9.6822545 197.2016
9.6802561 197.2016
9.6782577 197.2016
9.6762593 197.2016
9.6742609 197.2016
9.6722625 197.2016
9.6702641 197.2016
9.6682657 197.2016
9.6662673 197.2016
9.6642689 197.2016
9.6622705 197.2016
9.6602721 197.20159
9.6582737 197.20159
9.6562753 197.20159
9.6542769 197.20159
9.6522785 197.20159
9.6502801 197.20159
9.6482817 197.20159
9.6462833 197.20159
9.6442849 197.20159
9.6422865 197.20159
9.6402881 197.20159
9.6382897 197.20159
9.6362913 197.20159
9.6342929 197.20158
9.6322945 197.20158
9.6302961 197.20158
9.6282977 197.20158
9.6262993 197.20158
9.6243009 197.20158
9.6223025 197.20158
9.6203041 197.20158
9.6183057 197.20158
9.6163073 197.20158
9.6143089 197.20158
9.6123105 197.20158
9.6103121 197.20157
9.6083137 197.20157
9.6063153 197.20157
9.6043169 197.20157
9.6023185 197.20157
9.6003201 197.20157
9.5983217 197.20157
9.5963233 197.20157
9.5943249 197.20157
9.5923265 197.20157
9.5903281 197.20157
9.5883297 197.20157
9.5863313 197.20157
9.5843329 197.20156
9.5823345 197.20156
9.5803361 197.20156
9.5783377 197.20156
9.5763393 197.20156
9.5743409 197.20156
9.5723425 197.20156
9.5703441 197.20156
9.5683457 197.20156
9.5663473 197.20156
9.5643489 197.20156
9.5623505 197.20156
9.5603521 197.20156
9.5583537 197.20155
9.5563553 197.20155
9.5543569 197.20155
9.5523585 197.20155
9.5503601 197.20155
9.5483617 197.20155
9.5463633 197.20155
9.5443649 197.20155
9.5423665 197.20155
9.5403681 197.20155
9.5383697 197.20155
9.5363713 197.20155
9.5343729 197.20154
9.5323745 197.20154
9.5303761 197.20154
9.5283777 197.20154
9.5263793 197.20154
9.5243809 197.20154
9.5223825 197.20154
9.5203841 197.20154
9.5183857 197.20154
9.5163873 197.20154
9.5143889 197.20154
9.5123905 197.20154
9.5103921 197.20153
9.5083937 197.20153
9.5063953 197.20153
9.5043969 197.20153
9.5023985 197.20153
9.5004001 197.20153
9.4984017 197.20153
9.4964033 197.20153
9.4944049 197.20153
9.4924065 197.20153
9.4904081 197.20153
9.4884097 197.20153
9.4864113 197.20153
9.4844129 197.20152
9.4824145 197.20152
9.4804161 197.20152
9.4784177 197.20152
9.4764193 197.20152
9.4744209 197.20152
9.4724225 197.20152
9.4704241 197.20152
9.4684257 197.20152
9.4664273 197.20152
9.4644289 197.20152
9.4624305 197.20152
9.4604321 197.20151
9.4584337 197.20151
9.4564353 197.20151
9.4544369 197.20151
9.4524385 197.20151
9.4504401 197.20151
9.4484417 197.20151
9.4464433 197.20151
9.4444449 197.20151
9.4424465 197.20151
9.4404481 197.20151
9.4384497 197.20151
9.4364513 197.2015
9.4344529 197.2015
9.4324545 197.2015
9.4304561 197.2015
9.4284577 197.2015
9.4264593 197.2015
9.4244609 197.2015
9.4224625 197.2015
9.4204641 197.2015
9.4184657 197.2015
9.4164673 197.2015
9.4144689 197.2015
9.4124705 197.20149
9.4104721 197.20149
9.4084737 197.20149
9.4064753 197.20149
9.4044769 197.20149
9.4024785 197.20149
9.4004801 197.20149
9.3984817 197.20149
9.3964833 197.20149
9.3944849 197.20149
9.3924865 197.20149
9.3904881 197.20149
9.3884897 197.20148
9.3864913 197.20148
9.3844929 197.20148
9.3824945 197.20148
9.3804961 197.20148
9.3784977 197.20148
9.3764993 197.20148
9.3745009 197.20148
9.3725025 197.20148
9.3705041 197.20148
9.3685057 197.20148
9.3665073 197.20148
9.3645089 197.20147
9.3625105 197.20147
9.3605121 197.20147
9.3585137 197.20147
9.3565153 197.20147
9.3545169 197.20147
9.3525185 197.20147
9.3505201 197.20147
9.3485217 197.20147
9.3465233 197.20147
9.3445249 197.20147
9.3425265 197.20147
9.3405281 197.20146
9.3385297 197.20146
9.3365313 197.20146
9.3345329 197.20146
9.3325345 197.20146
9.3305361 197.20146
9.3285377 197.20146
9.3265393 197.20146
9.3245409 197.20146
9.3225425 197.20146
9.3205441 197.20146
9.3185457 197.20146
9.3165473 197.20145
9.3145489 197.20145
9.3125505 197.20145
9.3105521 197.20145
9.3085537 197.20145
9.3065553 197.20145
9.3045569 197.20145
9.3025585 197.20145
9.3005601 197.20145
9.2985617 197.20145
9.2965633 197.20145
9.2945649 197.20144
9.2925665 197.20144
9.2905681 197.20144
9.2885697 197.20144
9.2865713 197.20144
9.2845729 197.20144
9.2825745 197.20144
9.2805761 197.20144
9.2785777 197.20144
9.2765793 197.20144
9.2745809 197.20144
9.2725825 197.20144
9.2705841 197.20143
9.2685857 197.20143
9.2665873 197.20143
9.2645889 197.20143
9.2625905 197.20143
9.2605921 197.20143
9.2585937 197.20143
9.2565953 197.20143
9.2545969 197.20143
9.2525985 197.20143
9.2506001 197.20143
9.2486017 197.20143
9.2466033 197.20142
9.2446049 197.20142
9.2426065 197.20142
9.2406081 197.20142
9.2386097 197.20142
9.2366113 197.20142
9.2346129 197.20142
9.2326145 197.20142
9.2306161 197.20142
9.2286177 197.20142
9.2266193 197.20142
9.2246209 197.20141
9.2226225 197.20141
9.2206241 197.20141
9.2186257 197.20141
9.2166273 197.20141
9.2146289 197.20141
9.2126305 197.20141
9.2106321 197.20141
9.2086337 197.20141
9.2066353 197.20141
9.2046369 197.20141
9.2026385 197.20141
9.2006401 197.2014
9.1986417 197.2014
9.1966433 197.2014
9.1946449 197.2014
9.1926465 197.2014
9.1906481 197.2014
9.1886497 197.2014
9.1866513 197.2014
9.1846529 197.2014
9.1826545 197.2014
9.1806561 197.2014
9.1786577 197.20139
9.1766593 197.20139
9.1746609 197.20139
9.1726625 197.20139
9.1706641 197.20139
9.1686657 197.20139
9.1666673 197.20139
9.1646689 197.20139
9.1626705 197.20139
9.1606721 197.20139
9.1586737 197.20139
9.1566753 197.20138
9.1546769 197.20138
9.1526785 197.20138
9.1506801 197.20138
9.1486817 197.20138
9.1466833 197.20138
9.1446849 197.20138
9.1426865 197.20138
9.1406881 197.20138
9.1386897 197.20138
9.1366913 197.20138
9.1346929 197.20138
9.1326945 197.20137
9.1306961 197.20137
9.1286977 197.20137
9.1266993 197.20137
9.1247009 197.20137
9.1227025 197.20137
9.1207041 197.20137
9.1187057 197.20137
9.1167073 197.20137
9.1147089 197.20137
9.1127105 197.20137
9.1107121 197.20136
9.1087137 197.20136
9.1067153 197.20136
9.1047169 197.20136
9.1027185 197.20136
9.1007201 197.20136
9.0987217 197.20136
9.0967233 197.20136
9.0947249 197.20136
9.0927265 197.20136
9.0907281 197.20136
9.0887297 197.20135
9.0867313 197.20135
9.0847329 197.20135
9.0827345 197.20135
9.0807361 197.20135
9.0787377 197.20135
9.0767393 197.20135
9.0747409 197.20135
9.0727425 197.20135
9.0707441 197.20135
9.0687457 197.20135
9.0667473 197.20134
9.0647489 197.20134
9.0627506 197.20134
9.0607522 197.20134
9.0587538 197.20134
9.0567554 197.20134
9.054757 197.20134
9.0527586 197.20134
9.0507602 197.20134
9.0487618 197.20134
9.0467634 197.20134
9.044765 197.20133
9.0427666 197.20133
9.0407682 197.20133
9.0387698 197.20133
9.0367714 197.20133
9.034773 197.20133
9.0327746 197.20133
9.0307762 197.20133
9.0287778 197.20133
9.0267794 197.20133
9.024781 197.20133
9.0227826 197.20132
9.0207842 197.20132
9.0187858 197.20132
9.0167874 197.20132
9.014789 197.20132
9.0127906 197.20132
9.0107922 197.20132
9.0087938 197.20132
9.0067954 197.20132
9.004797 197.20132
9.0027986 197.20132
9.0008002 197.20131
8.9988018 197.20131
8.9968034 197.20131
8.994805 197.20131
8.9928066 197.20131
8.9908082 197.20131
8.9888098 197.20131
8.9868114 197.20131
8.984813 197.20131
8.9828146 197.20131
8.9808162 197.20131
8.9788178 197.2013
8.9768194 197.2013
8.974821 197.2013
8.9728226 197.2013
8.9708242 197.2013
8.9688258 197.2013
8.9668274 197.2013
8.964829 197.2013
8.9628306 197.2013
8.9608322 197.2013
8.9588338 197.2013
8.9568354 197.20129
8.954837 197.20129
8.9528386 197.20129
8.9508402 197.20129
8.9488418 197.20129
8.9468434 197.20129
8.944845 197.20129
8.9428466 197.20129
8.9408482 197.20129
8.9388498 197.20129
8.9368514 197.20129
8.934853 197.20128
8.9328546 197.20128
8.9308562 197.20128
8.9288578 197.20128
8.9268594 197.20128
8.924861 197.20128
8.9228626 197.20128
8.9208642 197.20128
8.9188658 197.20128
8.9168674 197.20128
8.914869 197.20127
8.9128706 197.20127
8.9108722 197.20127
8.9088738 197.20127
8.9068754 197.20127
8.904877 197.20127
8.9028786 197.20127
8.9008802 197.20127
8.8988818 197.20127
8.8968834 197.20127
8.894885 197.20127
8.8928866 197.20126
8.8908882 197.20126
8.8888898 197.20126
8.8868914 197.20126
8.884893 197.20126
8.8828946 197.20126
8.8808962 197.20126
8.8788978 197.20126
8.8768994 197.20126
8.874901 197.20126
8.8729026 197.20126
8.8709042 197.20125
8.8689058 197.20125
8.8669074 197.20125
8.864909 197.20125
8.8629106 197.20125
8.8609122 197.20125
8.8589138 197.20125
8.8569154 197.20125
8.854917 197.20125
8.8529186 197.20125
8.8509202 197.20124
8.8489218 197.20124
8.8469234 197.20124
8.844925 197.20124
8.8429266 197.20124
8.8409282 197.20124
8.8389298 197.20124
8.8369314 197.20124
8.834933 197.20124
8.8329346 197.20124
8.8309362 197.20124
8.8289378 197.20123
8.8269394 197.20123
8.824941 197.20123
8.8229426 197.20123
8.8209442 197.20123
8.8189458 197.20123
8.8169474 197.20123
8.814949 197.20123
8.8129506 197.20123
8.8109522 197.20123
8.8089538 197.20122
8.8069554 197.20122
8.804957 197.20122
8.8029586 197.20122
8.8009602 197.20122
8.7989618 197.20122
8.7969634 197.20122
8.794965 197.20122
8.7929666 197.20122
8.7909682 197.20122
8.7889698 197.20122
8.7869714 197.20121
8.784973 197.20121
8.7829746 197.20121
8.7809762 197.20121
8.7789778 197.20121
8.7769794 197.20121
8.774981 197.20121
8.7729826 197.20121
8.7709842 197.20121
8.7689858 197.20121
8.7669874 197.2012
8.764989 197.2012
8.7629906 197.2012
8.7609922 197.2012
8.7589938 197.2012
8.7569954 197.2012
8.754997 197.2012
8.7529986 197.2012
8.7510002 197.2012
8.7490018 197.2012
8.7470034 197.20119
8.745005 197.20119
8.7430066 197.20119
8.7410082 197.20119
8.7390098 197.20119
8.7370114 197.20119
8.735013 197.20119
8.7330146 197.20119
8.7310162 197.20119
8.7290178 197.20119
8.7270194 197.20118
8.725021 197.20118
8.7230226 197.20118
8.7210242 197.20118
8.7190258 197.20118
8.7170274 197.20118
8.715029 197.20118
8.7130306 197.20118
8.7110322 197.20118
8.7090338 197.20118
8.7070354 197.20117
8.705037 197.20117
8.7030386 197.20117
8.7010402 197.20117
8.6990418 197.20117
8.6970434 197.20117
8.695045 197.20117
8.6930466 197.20117
8.6910482 197.20117
8.6890498 197.20117
8.6870514 197.20117
8.685053 197.20116
8.6830546 197.20116
8.6810562 197.20116
8.6790578 197.20116
8.6770594 197.20116
8.675061 197.20116
8.6730626 197.20116
8.6710642 197.20116
8.6690658 197.20116
8.6670674 197.20116
8.665069 197.20115
8.6630706 197.20115
8.6610722 197.20115
8.6590738 197.20115
8.6570754 197.20115
8.655077 197.20115
8.6530786 197.20115
8.6510802 197.20115
8.6490818 197.20115
8.6470834 197.20115
8.645085 197.20114
8.6430866 197.20114
8.6410882 197.20114
8.6390898 197.20114
8.6370914 197.20114
8.635093 197.20114
8.6330946 197.20114
8.6310962 197.20114
8.6290978 197.20114
8.6270994 197.20114
8.625101 197.20113
8.6231026 197.20113
8.6211042 197.20113
8.6191058 197.20113
8.6171074 197.20113
8.615109 197.20113
8.6131106 197.20113
8.6111122 197.20113
8.6091138 197.20113
8.6071154 197.20113
8.605117 197.20112
8.6031186 197.20112
8.6011202 197.20112
8.5991218 197.20112
8.5971234 197.20112
8.595125 197.20112
8.5931266 197.20112
8.5911282 197.20112
8.5891298 197.20112
8.5871314 197.20111
8.585133 197.20111
8.5831346 197.20111
8.5811362 197.20111
8.5791378 197.20111
8.5771394 197.20111
8.575141 197.20111
8.5731426 197.20111
8.5711442 197.20111
8.5691458 197.20111
8.5671474 197.2011
8.565149 197.2011
8.5631506 197.2011
8.5611522 197.2011
8.5591538 197.2011
8.5571554 197.2011
8.555157 197.2011
8.5531586 197.2011
8.5511602 197.2011
8.5491618 197.2011
8.5471634 197.20109
8.545165 197.20109
8.5431666 197.20109
8.5411682 197.20109
8.5391698 197.20109
8.5371714 197.20109
8.535173 197.20109
8.5331746 197.20109
8.5311762 197.20109
8.5291778 197.20109
8.5271794 197.20108
8.525181 197.20108
8.5231826 197.20108
8.5211842 197.20108
8.5191858 197.20108
8.5171874 197.20108
8.515189 197.20108
8.5131906 197.20108
8.5111922 197.20108
8.5091938 197.20107
8.5071954 197.20107
8.505197 197.20107
8.5031986 197.20107
8.5012002 197.20107
8.4992018 197.20107
8.4972034 197.20107
8.495205 197.20107
8.4932066 197.20107
8.4912082 197.20107
8.4892098 197.20106
8.4872114 197.20106
8.485213 197.20106
8.4832146 197.20106
8.4812162 197.20106
8.4792178 197.20106
8.4772194 197.20106
8.475221 197.20106
8.4732226 197.20106
8.4712242 197.20106
8.4692258 197.20105
8.4672274 197.20105
8.465229 197.20105
8.4632306 197.20105
8.4612322 197.20105
8.4592338 197.20105
8.4572354 197.20105
8.455237 197.20105
8.4532386 197.20105
8.4512402 197.20104
8.4492418 197.20104
8.4472434 197.20104
8.445245 197.20104
8.4432466 197.20104
8.4412482 197.20104
8.4392498 197.20104
8.4372515 197.20104
8.4352531 197.20104
8.4332547 197.20104
8.4312563 197.20103
8.4292579 197.20103
8.4272595 197.20103
8.4252611 197.20103
8.4232627 197.20103
8.4212643 197.20103
8.4192659 197.20103
8.4172675 197.20103
8.4152691 197.20103
8.4132707 197.20102
8.4112723 197.20102
8.4092739 197.20102
8.4072755 197.20102
8.4052771 197.20102
8.4032787 197.20102
8.4012803 197.20102
8.3992819 197.20102
8.3972835 197.20102
8.3952851 197.20101
8.3932867 197.20101
8.3912883 197.20101
8.3892899 197.20101
8.3872915 197.20101
8.3852931 197.20101
8.3832947 197.20101
8.3812963 197.20101
8.3792979 197.20101
8.3772995 197.20101
8.3753011 197.201
8.3733027 197.201
8.3713043 197.201
8.3693059 197.201
8.3673075 197.201
8.3653091 197.201
8.3633107 197.201
8.3613123 197.201
8.3593139 197.201
8.3573155 197.20099
8.3553171 197.20099
8.3533187 197.20099
8.3513203 197.20099
8.3493219 197.20099
8.3473235 197.20099
8.3453251 197.20099
8.3433267 197.20099
8.3413283 197.20099
8.3393299 197.20098
8.3373315 197.20098
8.3353331 197.20098
8.3333347 197.20098
8.3313363 197.20098
8.3293379 197.20098
8.3273395 197.20098
8.3253411 197.20098
8.3233427 197.20098
8.3213443 197.20097
8.3193459 197.20097
8.3173475 197.20097
8.3153491 197.20097
8.3133507 197.20097
8.3113523 197.20097
8.3093539 197.20097
8.3073555 197.20097
8.3053571 197.20097
8.3033587 197.20097
8.3013603 197.20096
8.2993619 197.20096
8.2973635 197.20096
8.2953651 197.20096
8.2933667 197.20096
8.2913683 197.20096
8.2893699 197.20096
8.2873715 197.20096
8.2853731 197.20096
8.2833747 197.20095
8.2813763 197.20095
8.2793779 197.20095
8.2773795 197.20095
8.2753811 197.20095
8.2733827 197.20095
8.2713843 197.20095
8.2693859 197.20095
8.2673875 197.20095
8.2653891 197.20094
8.2633907 197.20094
8.2613923 197.20094
8.2593939 197.20094
8.2573955 197.20094
8.2553971 197.20094
8.2533987 197.20094
8.2514003 197.20094
8.2494019 197.20094
8.2474035 197.20093
8.2454051 197.20093
8.2434067 197.20093
8.2414083 197.20093
8.2394099 197.20093
8.2374115 197.20093
8.2354131 197.20093
8.2334147 197.20093
8.2314163 197.20093
8.2294179 197.20092
8.2274195 197.20092
8.2254211 197.20092
8.2234227 197.20092
8.2214243 197.20092
8.2194259 197.20092
8.2174275 197.20092
8.2154291 197.20092
8.2134307 197.20092
8.2114323 197.20091
8.2094339 197.20091
8.2074355 197.20091
8.2054371 197.20091
8.2034387 197.20091
8.2014403 197.20091
8.1994419 197.20091
8.1974435 197.20091
8.1954451 197.20091
8.1934467 197.2009
8.1914483 197.2009
8.1894499 197.2009
8.1874515 197.2009
8.1854531 197.2009
8.1834547 197.2009
8.1814563 197.2009
8.1794579 197.2009
8.1774595 197.2009
8.1754611 197.20089
8.1734627 197.20089
8.1714643 197.20089
8.1694659 197.20089
8.1674675 197.20089
8.1654691 197.20089
8.1634707 197.20089
8.1614723 197.20089
8.1594739 197.20088
8.1574755 197.20088
8.1554771 197.20088
8.1534787 197.20088
8.1514803 197.20088
8.1494819 197.20088
8.1474835 197.20088
8.1454851 197.20088
8.1434867 197.20088
8.1414883 197.20087
8.1394899 197.20087
8.1374915 197.20087
8.1354931 197.20087
8.1334947 197.20087
8.1314963 197.20087
8.1294979 197.20087
8.1274995 197.20087
8.1255011 197.20087
8.1235027 197.20086
8.1215043 197.20086
8.1195059 197.20086
8.1175075 197.20086
8.1155091 197.20086
8.1135107 197.20086
8.1115123 197.20086
8.1095139 197.20086
8.1075155 197.20086
8.1055171 197.20085
8.1035187 197.20085
8.1015203 197.20085
8.0995219 197.20085
8.0975235 197.20085
8.0955251 197.20085
8.0935267 197.20085
8.0915283 197.20085
8.0895299 197.20084
8.0875315 197.20084
8.0855331 197.20084
8.0835347 197.20084
8.0815363 197.20084
8.0795379 197.20084
8.0775395 197.20084
8.0755411 197.20084
8.0735427 197.20084
8.0715443 197.20083
8.0695459 197.20083
8.0675475 197.20083
8.0655491 197.20083
8.0635507 197.20083
8.0615523 197.20083
8.0595539 197.20083
8.0575555 197.20083
8.0555571 197.20082
8.0535587 197.20082
8.0515603 197.20082
8.0495619 197.20082
8.0475635 197.20082
8.0455651 197.20082
8.0435667 197.20082
8.0415683 197.20082
8.0395699 197.20082
8.0375715 197.20081
8.0355731 197.20081
8.0335747 197.20081
8.0315763 197.20081
8.0295779 197.20081
8.0275795 197.20081
8.0255811 197.20081
8.0235827 197.20081
8.0215843 197.2008
8.0195859 197.2008
8.0175875 197.2008
8.0155891 197.2008
8.0135907 197.2008
8.0115923 197.2008
8.0095939 197.2008
8.0075955 197.2008
8.0055971 197.2008
8.0035987 197.20079
8.0016003 197.20079
7.9996019 197.20079
7.9976035 197.20079
7.9956051 197.20079
7.9936067 197.20079
7.9916083 197.20079
7.9896099 197.20079
7.9876115 197.20078
7.9856131 197.20078
7.9836147 197.20078
7.9816163 197.20078
7.9796179 197.20078
7.9776195 197.20078
7.9756211 197.20078
7.9736227 197.20078
7.9716243 197.20078
7.9696259 197.20077
7.9676275 197.20077
7.9656291 197.20077
7.9636307 197.20077
7.9616323 197.20077
7.9596339 197.20077
7.9576355 197.20077
7.9556371 197.20077
7.9536387 197.20076
7.9516403 197.20076
7.9496419 197.20076
7.9476435 197.20076
7.9456451 197.20076
7.9436467 197.20076
7.9416483 197.20076
7.9396499 197.20076
7.9376515 197.20075
7.9356531 197.20075
7.9336547 197.20075
7.9316563 197.20075
7.9296579 197.20075
7.9276595 197.20075
7.9256611 197.20075
7.9236627 197.20075
7.9216643 197.20074
7.9196659 197.20074
7.9176675 197.20074
7.9156691 197.20074
7.9136707 197.20074
7.9116723 197.20074
7.9096739 197.20074
7.9076755 197.20074
7.9056771 197.20074
7.9036787 197.20073
7.9016803 197.20073
7.8996819 197.20073
7.8976835 197.20073
7.8956851 197.20073
7.8936867 197.20073
7.8916883 197.20073
7.8896899 197.20073
7.8876915 197.20072
7.8856931 197.20072
7.8836947 197.20072
7.8816963 197.20072
7.8796979 197.20072
7.8776995 197.20072
7.8757011 197.20072
7.8737027 197.20072
7.8717043 197.20071
7.8697059 197.20071
7.8677075 197.20071
7.8657091 197.20071
7.8637107 197.20071
7.8617123 197.20071
7.8597139 197.20071
7.8577155 197.20071
7.8557171 197.2007
7.8537187 197.2007
7.8517203 197.2007
7.8497219 197.2007
7.8477235 197.2007
7.8457251 197.2007
7.8437267 197.2007
7.8417283 197.2007
7.8397299 197.20069
7.8377315 197.20069
7.8357331 197.20069
7.8337347 197.20069
7.8317363 197.20069
7.8297379 197.20069
7.8277395 197.20069
7.8257411 197.20069
7.8237427 197.20068
7.8217443 197.20068
7.8197459 197.20068
7.8177475 197.20068
7.8157491 197.20068
7.8137508 197.20068
7.8117524 197.20068
7.809754 197.20068
7.8077556 197.20067
7.8057572 197.20067
7.8037588 197.20067
7.8017604 197.20067
7.799762 197.20067
7.7977636 197.20067
7.7957652 197.20067
7.7937668 197.20067
7.7917684 197.20066
7.78977 197.20066
7.7877716 197.20066
7.7857732 197.20066
7.7837748 197.20066
7.7817764 197.20066
7.779778 197.20066
7.7777796 197.20066
7.7757812 197.20065
7.7737828 197.20065
7.7717844 197.20065
7.769786 197.20065
7.7677876 197.20065
7.7657892 197.20065
7.7637908 197.20065
7.7617924 197.20065
7.759794 197.20064
7.7577956 197.20064
7.7557972 197.20064
7.7537988 197.20064
7.7518004 197.20064
7.749802 197.20064
7.7478036 197.20064
7.7458052 197.20064
7.7438068 197.20063
7.7418084 197.20063
7.73981 197.20063
7.7378116 197.20063
7.7358132 197.20063
7.7338148 197.20063
7.7318164 197.20063
7.729818 197.20063
7.7278196 197.20062
7.7258212 197.20062
7.7238228 197.20062
7.7218244 197.20062
7.719826 197.20062
7.7178276 197.20062
7.7158292 197.20062
7.7138308 197.20061
7.7118324 197.20061
7.709834 197.20061
7.7078356 197.20061
7.7058372 197.20061
7.7038388 197.20061
7.7018404 197.20061
7.699842 197.20061
7.6978436 197.2006
7.6958452 197.2006
7.6938468 197.2006
7.6918484 197.2006
7.68985 197.2006
7.6878516 197.2006
7.6858532 197.2006
7.6838548 197.2006
7.6818564 197.20059
7.679858 197.20059
7.6778596 197.20059
7.6758612 197.20059
7.6738628 197.20059
7.6718644 197.20059
7.669866 197.20059
7.6678676 197.20058
7.6658692 197.20058
7.6638708 197.20058
7.6618724 197.20058
7.659874 197.20058
7.6578756 197.20058
7.6558772 197.20058
7.6538788 197.20058
7.6518804 197.20057
7.649882 197.20057
7.6478836 197.20057
7.6458852 197.20057
7.6438868 197.20057
7.6418884 197.20057
7.63989 197.20057
7.6378916 197.20057
7.6358932 197.20056
7.6338948 197.20056
7.6318964 197.20056
7.629898 197.20056
7.6278996 197.20056
7.6259012 197.20056
7.6239028 197.20056
7.6219044 197.20055
7.619906 197.20055
7.6179076 197.20055
7.6159092 197.20055
7.6139108 197.20055
7.6119124 197.20055
7.609914 197.20055
7.6079156 197.20055
7.6059172 197.20054
7.6039188 197.20054
7.6019204 197.20054
7.599922 197.20054
7.5979236 197.20054
7.5959252 197.20054
7.5939268 197.20054
7.5919284 197.20053
7.58993 197.20053
7.5879316 197.20053
7.5859332 197.20053
7.5839348 197.20053
7.5819364 197.20053
7.579938 197.20053
7.5779396 197.20053
7.5759412 197.20052
7.5739428 197.20052
7.5719444 197.20052
7.569946 197.20052
7.5679476 197.20052
7.5659492 197.20052
7.5639508 197.20052
7.5619524 197.20051
7.559954 197.20051
7.5579556 197.20051
7.5559572 197.20051
7.5539588 197.20051
7.5519604 197.20051
7.549962 197.20051
7.5479636 197.20051
7.5459652 197.2005
7.5439668 197.2005
7.5419684 197.2005
7.53997 197.2005
7.5379716 197.2005
7.5359732 197.2005
7.5339748 197.2005
7.5319764 197.20049
7.529978 197.20049
7.5279796 197.20049
7.5259812 197.20049
7.5239828 197.20049
7.5219844 197.20049
7.519986 197.20049
7.5179876 197.20048
7.5159892 197.20048
7.5139908 197.20048
7.5119924 197.20048
7.509994 197.20048
7.5079956 197.20048
7.5059972 197.20048
7.5039988 197.20048
7.5020004 197.20047
7.500002 197.20047
7.4980036 197.20047
7.4960052 197.20047
7.4940068 197.20047
7.4920084 197.20047
7.49001 197.20047
7.4880116 197.20046
7.4860132 197.20046
7.4840148 197.20046
7.4820164 197.20046
7.480018 197.20046
7.4780196 197.20046
7.4760212 197.20046
7.4740228 197.20045
7.4720244 197.20045
7.470026 197.20045
7.4680276 197.20045
7.4660292 197.20045
7.4640308 197.20045
7.4620324 197.20045
7.460034 197.20044
7.4580356 197.20044
7.4560372 197.20044
7.4540388 197.20044
7.4520404 197.20044
7.450042 197.20044
7.4480436 197.20044
7.4460452 197.20044
7.4440468 197.20043
7.4420484 197.20043
7.44005 197.20043
7.4380516 197.20043
7.4360532 197.20043
7.4340548 197.20043
7.4320564 197.20043
7.430058 197.20042
7.4280596 197.20042
7.4260612 197.20042
7.4240628 197.20042
7.4220644 197.20042
7.420066 197.20042
7.4180676 197.20042
7.4160692 197.20041
7.4140708 197.20041
7.4120724 197.20041
7.410074 197.20041
7.4080756 197.20041
7.4060772 197.20041
7.4040788 197.20041
7.4020804 197.2004
7.400082 197.2004
7.3980836 197.2004
7.3960852 197.2004
7.3940868 197.2004
7.3920884 197.2004
7.39009 197.2004
7.3880916 197.20039
7.3860932 197.20039
7.3840948 197.20039
7.3820964 197.20039
7.380098 197.20039
7.3780996 197.20039
7.3761012 197.20039
7.3741028 197.20038
7.3721044 197.20038
7.370106 197.20038
7.3681076 197.20038
7.3661092 197.20038
7.3641108 197.20038
7.3621124 197.20038
7.360114 197.20037
7.3581156 197.20037
7.3561172 197.20037
7.3541188 197.20037
7.3521204 197.20037
7.350122 197.20037
7.3481236 197.20037
7.3461252 197.20036
7.3441268 197.20036
7.3421284 197.20036
7.34013 197.20036
7.3381316 197.20036
7.3361332 197.20036
7.3341348 197.20036
7.3321364 197.20035
7.330138 197.20035
7.3281396 197.20035
7.3261412 197.20035
7.3241428 197.20035
7.3221444 197.20035
7.320146 197.20035
7.3181476 197.20034
7.3161492 197.20034
7.3141508 197.20034
7.3121524 197.20034
7.310154 197.20034
7.3081556 197.20034
7.3061572 197.20034
7.3041588 197.20033
7.3021604 197.20033
7.300162 197.20033
7.2981636 197.20033
7.2961652 197.20033
7.2941668 197.20033
7.2921684 197.20033
7.29017 197.20032
7.2881716 197.20032
7.2861732 197.20032
7.2841748 197.20032
7.2821764 197.20032
7.280178 197.20032
7.2781796 197.20031
7.2761812 197.20031
7.2741828 197.20031
7.2721844 197.20031
7.270186 197.20031
7.2681876 197.20031
7.2661892 197.20031
7.2641908 197.2003
7.2621924 197.2003
7.260194 197.2003
7.2581956 197.2003
7.2561972 197.2003
7.2541988 197.2003
7.2522004 197.2003
7.250202 197.20029
7.2482036 197.20029
7.2462052 197.20029
7.2442068 197.20029
7.2422084 197.20029
7.24021 197.20029
7.2382116 197.20029
7.2362132 197.20028
7.2342148 197.20028
7.2322164 197.20028
7.230218 197.20028
7.2282196 197.20028
7.2262212 197.20028
7.2242228 197.20028
7.2222244 197.20027
7.220226 197.20027
7.2182276 197.20027
7.2162292 197.20027
7.2142308 197.20027
7.2122324 197.20027
7.210234 197.20026
7.2082356 197.20026
7.2062372 197.20026
7.2042388 197.20026
7.2022404 197.20026
7.200242 197.20026
7.1982436 197.20026
7.1962452 197.20025
7.1942468 197.20025
7.1922484 197.20025
7.1902501 197.20025
7.1882517 197.20025
7.1862533 197.20025
7.1842549 197.20025
7.1822565 197.20024
7.1802581 197.20024
7.1782597 197.20024
7.1762613 197.20024
7.1742629 197.20024
7.1722645 197.20024
7.1702661 197.20023
7.1682677 197.20023
7.1662693 197.20023
7.1642709 197.20023
7.1622725 197.20023
7.1602741 197.20023
7.1582757 197.20023
7.1562773 197.20022
7.1542789 197.20022
7.1522805 197.20022
7.1502821 197.20022
7.1482837 197.20022
7.1462853 197.20022
7.1442869 197.20021
7.1422885 197.20021
7.1402901 197.20021
7.1382917 197.20021
7.1362933 197.20021
7.1342949 197.20021
7.1322965 197.20021
7.1302981 197.2002
7.1282997 197.2002
7.1263013 197.2002
7.1243029 197.2002
7.1223045 197.2002
7.1203061 197.2002
7.1183077 197.20019
7.1163093 197.20019
7.1143109 197.20019
7.1123125 197.20019
7.1103141 197.20019
7.1083157 197.20019
7.1063173 197.20019
7.1043189 197.20018
7.1023205 197.20018
7.1003221 197.20018
7.0983237 197.20018
7.0963253 197.20018
7.0943269 197.20018
7.0923285 197.20017
7.0903301 197.20017
7.0883317 197.20017
7.0863333 197.20017
7.0843349 197.20017
7.0823365 197.20017
7.0803381 197.20017
7.0783397 197.20016
7.0763413 197.20016
7.0743429 197.20016
7.0723445 197.20016
7.0703461 197.20016
7.0683477 197.20016
7.0663493 197.20015
7.0643509 197.20015
7.0623525 197.20015
7.0603541 197.20015
7.0583557 197.20015
7.0563573 197.20015
7.0543589 197.20014
7.0523605 197.20014
7.0503621 197.20014
7.0483637 197.20014
7.0463653 197.20014
7.0443669 197.20014
7.0423685 197.20014
7.0403701 197.20013
7.0383717 197.20013
7.0363733 197.20013
7.0343749 197.20013
7.0323765 197.20013
7.0303781 197.20013
7.0283797 197.20012
7.0263813 197.20012
7.0243829 197.20012
7.0223845 197.20012
7.0203861 197.20012
7.0183877 197.20012
7.0163893 197.20011
7.0143909 197.20011
7.0123925 197.20011
7.0103941 197.20011
7.0083957 197.20011
7.0063973 197.20011
7.0043989 197.20011
7.0024005 197.2001
7.0004021 197.2001
6.9984037 197.2001
6.9964053 197.2001
6.9944069 197.2001
6.9924085 197.2001
6.9904101 197.20009
6.9884117 197.20009
6.9864133 197.20009
6.9844149 197.20009
6.9824165 197.20009
6.9804181 197.20009
6.9784197 197.20008
6.9764213 197.20008
6.9744229 197.20008
6.9724245 197.20008
6.9704261 197.20008
6.9684277 197.20008
6.9664293 197.20007
6.9644309 197.20007
6.9624325 197.20007
6.9604341 197.20007
6.9584357 197.20007
6.9564373 197.20007
6.9544389 197.20006
6.9524405 197.20006
6.9504421 197.20006
6.9484437 197.20006
6.9464453 197.20006
6.9444469 197.20006
6.9424485 197.20006
6.9404501 197.20005
6.9384517 197.20005
6.9364533 197.20005
6.9344549 197.20005
6.9324565 197.20005
6.9304581 197.20005
6.9284597 197.20004
6.9264613 197.20004
6.9244629 197.20004
6.9224645 197.20004
6.9204661 197.20004
6.9184677 197.20004
6.9164693 197.20003
6.9144709 197.20003
6.9124725 197.20003
6.9104741 197.20003
6.9084757 197.20003
6.9064773 197.20003
6.9044789 197.20002
6.9024805 197.20002
6.9004821 197.20002
6.8984837 197.20002
6.8964853 197.20002
6.8944869 197.20002
6.8924885 197.20001
6.8904901 197.20001
6.8884917 197.20001
6.8864933 197.20001
6.8844949 197.20001
6.8824965 197.20001
6.8804981 197.2
6.8784997 197.2
6.8765013 197.2
6.8745029 197.2
6.8725045 197.2
6.8705061 197.2
6.8685077 197.19999
6.8665093 197.19999
6.8645109 197.19999
6.8625125 197.19999
6.8605141 197.19999
6.8585157 197.19999
6.8565173 197.19998
6.8545189 197.19998
6.8525205 197.19998
6.8505221 197.19998
6.8485237 197.19998
6.8465253 197.19998
6.8445269 197.19997
6.8425285 197.19997
6.8405301 197.19997
6.8385317 197.19997
6.8365333 197.19997
6.8345349 197.19997
6.8325365 197.19996
6.8305381 197.19996
6.8285397 197.19996
6.8265413 197.19996
6.8245429 197.19996
6.8225445 197.19996
6.8205461 197.19995
6.8185477 197.19995
6.8165493 197.19995
6.8145509 197.19995
6.8125525 197.19995
6.8105541 197.19994
6.8085557 197.19994
6.8065573 197.19994
6.8045589 197.19994
6.8025605 197.19994
6.8005621 197.19994
6.7985637 197.19993
6.7965653 197.19993
6.7945669 197.19993
6.7925685 197.19993
6.7905701 197.19993
6.7885717 197.19993
6.7865733 197.19992
6.7845749 197.19992
6.7825765 197.19992
6.7805781 197.19992
6.7785797 197.19992
6.7765813 197.19992
6.7745829 197.19991
6.7725845 197.19991
6.7705861 197.19991
6.7685877 197.19991
6.7665893 197.19991
6.7645909 197.19991
6.7625925 197.1999
6.7605941 197.1999
6.7585957 197.1999
6.7565973 197.1999
6.7545989 197.1999
6.7526005 197.1999
6.7506021 197.19989
6.7486037 197.19989
6.7466053 197.19989
6.7446069 197.19989
6.7426085 197.19989
6.7406101 197.19988
6.7386117 197.19988
6.7366133 197.19988
6.7346149 197.19988
6.7326165 197.19988
6.7306181 197.19988
6.7286197 197.19987
6.7266213 197.19987
6.7246229 197.19987
6.7226245 197.19987
6.7206261 197.19987
6.7186277 197.19987
6.7166293 197.19986
6.7146309 197.19986
6.7126325 197.19986
6.7106341 197.19986
6.7086357 197.19986
6.7066373 197.19985
6.7046389 197.19985
6.7026405 197.19985
6.7006421 197.19985
6.6986437 197.19985
6.6966453 197.19985
6.6946469 197.19984
6.6926485 197.19984
6.6906501 197.19984
6.6886517 197.19984
6.6866533 197.19984
6.6846549 197.19984
6.6826565 197.19983
6.6806581 197.19983
6.6786597 197.19983
6.6766613 197.19983
6.6746629 197.19983
6.6726645 197.19982
6.6706661 197.19982
6.6686677 197.19982
6.6666693 197.19982
6.6646709 197.19982
6.6626725 197.19982
6.6606741 197.19981
6.6586757 197.19981
6.6566773 197.19981
6.6546789 197.19981
6.6526805 197.19981
6.6506821 197.1998
6.6486837 197.1998
6.6466853 197.1998
6.6446869 197.1998
6.6426885 197.1998
6.6406901 197.1998
6.6386917 197.19979
6.6366933 197.19979
6.6346949 197.19979
6.6326965 197.19979
6.6306981 197.19979
6.6286997 197.19979
6.6267013 197.19978
6.6247029 197.19978
6.6227045 197.19978
6.6207061 197.19978
6.6187077 197.19978
6.6167093 197.19977
6.6147109 197.19977
6.6127125 197.19977
6.6107141 197.19977
6.6087157 197.19977
6.6067173 197.19977
6.6047189 197.19976
6.6027205 197.19976
6.6007221 197.19976
6.5987237 197.19976
6.5967253 197.19976
6.5947269 197.19975
6.5927285 197.19975
6.5907301 197.19975
6.5887317 197.19975
6.5867333 197.19975
6.5847349 197.19974
6.5827365 197.19974
6.5807381 197.19974
6.5787397 197.19974
6.5767413 197.19974
6.5747429 197.19974
6.5727445 197.19973
6.5707461 197.19973
6.5687477 197.19973
6.5667493 197.19973
6.564751 197.19973
6.5627526 197.19972
6.5607542 197.19972
6.5587558 197.19972
6.5567574 197.19972
6.554759 197.19972
6.5527606 197.19972
6.5507622 197.19971
6.5487638 197.19971
6.5467654 197.19971
6.544767 197.19971
6.5427686 197.19971
6.5407702 197.1997
6.5387718 197.1997
6.5367734 197.1997
6.534775 197.1997
6.5327766 197.1997
6.5307782 197.19969
6.5287798 197.19969
6.5267814 197.19969
6.524783 197.19969
6.5227846 197.19969
6.5207862 197.19969
6.5187878 197.19968
6.5167894 197.19968
6.514791 197.19968
6.5127926 197.19968
6.5107942 197.19968
6.5087958 197.19967
6.5067974 197.19967
6.504799 197.19967
6.5028006 197.19967
6.5008022 197.19967
6.4988038 197.19966
6.4968054 197.19966
6.494807 197.19966
6.4928086 197.19966
6.4908102 197.19966
6.4888118 197.19966
6.4868134 197.19965
6.484815 197.19965
6.4828166 197.19965
6.4808182 197.19965
6.4788198 197.19965
6.4768214 197.19964
6.474823 197.19964
6.4728246 197.19964
6.4708262 197.19964
6.4688278 197.19964
6.4668294 197.19963
6.464831 197.19963
6.4628326 197.19963
6.4608342 197.19963
6.4588358 197.19963
6.4568374 197.19962
6.454839 197.19962
6.4528406 197.19962
6.4508422 197.19962
6.4488438 197.19962
6.4468454 197.19962
6.444847 197.19961
6.4428486 197.19961
6.4408502 197.19961
6.4388518 197.19961
6.4368534 197.19961
6.434855 197.1996
6.4328566 197.1996
6.4308582 197.1996
6.4288598 197.1996
6.4268614 197.1996
6.424863 197.19959
6.4228646 197.19959
6.4208662 197.19959
6.4188678 197.19959
6.4168694 197.19959
6.414871 197.19958
6.4128726 197.19958
6.4108742 197.19958
6.4088758 197.19958
6.4068774 197.19958
6.404879 197.19957
6.4028806 197.19957
6.4008822 197.19957
6.3988838 197.19957
6.3968854 197.19957
6.394887 197.19956
6.3928886 197.19956
6.3908902 197.19956
6.3888918 197.19956
6.3868934 197.19956
6.384895 197.19955
6.3828966 197.19955
6.3808982 197.19955
6.3788998 197.19955
6.3769014 197.19955
6.374903 197.19954
6.3729046 197.19954
6.3709062 197.19954
6.3689078 197.19954
6.3669094 197.19954
6.364911 197.19953
6.3629126 197.19953
6.3609142 197.19953
6.3589158 197.19953
6.3569174 197.19953
6.354919 197.19952
6.3529206 197.19952
6.3509222 197.19952
6.3489238 197.19952
6.3469254 197.19952
6.344927 197.19951
6.3429286 197.19951
6.3409302 197.19951
6.3389318 197.19951
6.3369334 197.19951
6.334935 197.1995
6.3329366 197.1995
6.3309382 197.1995
6.3289398 197.1995
6.3269414 197.1995
6.324943 197.19949
6.3229446 197.19949
6.3209462 197.19949
6.3189478 197.19949
6.3169494 197.19949
6.314951 197.19948
6.3129526 197.19948
6.3109542 197.19948
6.3089558 197.19948
6.3069574 197.19948
6.304959 197.19947
6.3029606 197.19947
6.3009622 197.19947
6.2989638 197.19947
6.2969654 197.19947
6.294967 197.19946
6.2929686 197.19946
6.2909702 197.19946
6.2889718 197.19946
6.2869734 197.19946
6.284975 197.19945
6.2829766 197.19945
6.2809782 197.19945
6.2789798 197.19945
6.2769814 197.19945
6.274983 197.19944
6.2729846 197.19944
6.2709862 197.19944
6.2689878 197.19944
6.2669894 197.19944
6.264991 197.19943
6.2629926 197.19943
6.2609942 197.19943
6.2589958 197.19943
6.2569974 197.19943
6.254999 197.19942
6.2530006 197.19942
6.2510022 197.19942
6.2490038 197.19942
6.2470054 197.19942
6.245007 197.19941
6.2430086 197.19941
6.2410102 197.19941
6.2390118 197.19941
6.2370134 197.1994
6.235015 197.1994
6.2330166 197.1994
6.2310182 197.1994
6.2290198 197.1994
6.2270214 197.19939
6.225023 197.19939
6.2230246 197.19939
6.2210262 197.19939
6.2190278 197.19939
6.2170294 197.19938
6.215031 197.19938
6.2130326 197.19938
6.2110342 197.19938
6.2090358 197.19938
6.2070374 197.19937
6.205039 197.19937
6.2030406 197.19937
6.2010422 197.19937
6.1990438 197.19936
6.1970454 197.19936
6.195047 197.19936
6.1930486 197.19936
6.1910502 197.19936
6.1890518 197.19935
6.1870534 197.19935
6.185055 197.19935
6.1830566 197.19935
6.1810582 197.19935
6.1790598 197.19934
6.1770614 197.19934
6.175063 197.19934
6.1730646 197.19934
6.1710662 197.19934
6.1690678 197.19933
6.1670694 197.19933
6.165071 197.19933
6.1630726 197.19933
6.1610742 197.19932
6.1590758 197.19932
6.1570774 197.19932
6.155079 197.19932
6.1530806 197.19932
6.1510822 197.19931
6.1490838 197.19931
6.1470854 197.19931
6.145087 197.19931
6.1430886 197.19931
6.1410902 197.1993
6.1390918 197.1993
6.1370934 197.1993
6.135095 197.1993
6.1330966 197.19929
6.1310982 197.19929
6.1290998 197.19929
6.1271014 197.19929
6.125103 197.19929
6.1231046 197.19928
6.1211062 197.19928
6.1191078 197.19928
6.1171094 197.19928
6.115111 197.19927
6.1131126 197.19927
6.1111142 197.19927
6.1091158 197.19927
6.1071174 197.19927
6.105119 197.19926
6.1031206 197.19926
6.1011222 197.19926
6.0991238 197.19926
6.0971254 197.19926
6.095127 197.19925
6.0931286 197.19925
6.0911302 197.19925
6.0891318 197.19925
6.0871334 197.19924
6.085135 197.19924
6.0831366 197.19924
6.0811382 197.19924
6.0791398 197.19924
6.0771414 197.19923
6.075143 197.19923
6.0731446 197.19923
6.0711462 197.19923
6.0691478 197.19922
6.0671494 197.19922
6.065151 197.19922
6.0631526 197.19922
6.0611542 197.19922
6.0591558 197.19921
6.0571574 197.19921
6.055159 197.19921
6.0531606 197.19921
6.0511622 197.1992
6.0491638 197.1992
6.0471654 197.1992
6.045167 197.1992
6.0431686 197.1992
6.0411702 197.19919
6.0391718 197.19919
6.0371734 197.19919
6.035175 197.19919
6.0331766 197.19918
6.0311782 197.19918
6.0291798 197.19918
6.0271814 197.19918
6.025183 197.19918
6.0231846 197.19917
6.0211862 197.19917
6.0191878 197.19917
6.0171894 197.19917
6.015191 197.19916
6.0131926 197.19916
6.0111942 197.19916
6.0091958 197.19916
6.0071974 197.19915
6.005199 197.19915
6.0032006 197.19915
6.0012022 197.19915
5.9992038 197.19915
5.9972054 197.19914
5.995207 197.19914
5.9932086 197.19914
5.9912102 197.19914
5.9892118 197.19913
5.9872134 197.19913
5.985215 197.19913
5.9832166 197.19913
5.9812182 197.19913
5.9792198 197.19912
5.9772214 197.19912
5.975223 197.19912
5.9732246 197.19912
5.9712262 197.19911
5.9692278 197.19911
5.9672294 197.19911
5.965231 197.19911
5.9632326 197.1991
5.9612342 197.1991
5.9592358 197.1991
5.9572374 197.1991
5.955239 197.1991
5.9532406 197.19909
5.9512422 197.19909
5.9492438 197.19909
5.9472454 197.19909
5.945247 197.19908
5.9432486 197.19908
5.9412503 197.19908
5.9392519 197.19908
5.9372535 197.19907
5.9352551 197.19907
5.9332567 197.19907
5.9312583 197.19907
5.9292599 197.19907
5.9272615 197.19906
5.9252631 197.19906
5.9232647 197.19906
5.9212663 197.19906
5.9192679 197.19905
5.9172695 197.19905
5.9152711 197.19905
5.9132727 197.19905
5.9112743 197.19904
5.9092759 197.19904
5.9072775 197.19904
5.9052791 197.19904
5.9032807 197.19903
5.9012823 197.19903
5.8992839 197.19903
5.8972855 197.19903
5.8952871 197.19903
5.8932887 197.19902
5.8912903 197.19902
5.8892919 197.19902
5.8872935 197.19902
5.8852951 197.19901
5.8832967 197.19901
5.8812983 197.19901
5.8792999 197.19901
5.8773015 197.199
5.8753031 197.199
5.8733047 197.199
5.8713063 197.199
5.8693079 197.19899
5.8673095 197.19899
5.8653111 197.19899
5.8633127 197.19899
5.8613143 197.19898
5.8593159 197.19898
5.8573175 197.19898
5.8553191 197.19898
5.8533207 197.19898
5.8513223 197.19897
5.8493239 197.19897
5.8473255 197.19897
5.8453271 197.19897
5.8433287 197.19896
5.8413303 197.19896
5.8393319 197.19896
5.8373335 197.19896
5.8353351 197.19895
5.8333367 197.19895
5.8313383 197.19895
5.8293399 197.19895
5.8273415 197.19894
5.8253431 197.19894
5.8233447 197.19894
5.8213463 197.19894
5.8193479 197.19893
5.8173495 197.19893
5.8153511 197.19893
5.8133527 197.19893
5.8113543 197.19892
5.8093559 197.19892
5.8073575 197.19892
5.8053591 197.19892
5.8033607 197.19891
5.8013623 197.19891
5.7993639 197.19891
5.7973655 197.19891
5.7953671 197.1989
5.7933687 197.1989
5.7913703 197.1989
5.7893719 197.1989
5.7873735 197.19889
5.7853751 197.19889
5.7833767 197.19889
5.7813783 197.19889
5.7793799 197.19888
5.7773815 197.19888
5.7753831 197.19888
5.7733847 197.19888
5.7713863 197.19887
5.7693879 197.19887
5.7673895 197.19887
5.7653911 197.19887
5.7633927 197.19886
5.7613943 197.19886
5.7593959 197.19886
5.7573975 197.19886
5.7553991 197.19885
5.7534007 197.19885
5.7514023 197.19885
5.7494039 197.19885
5.7474055 197.19884
5.7454071 197.19884
5.7434087 197.19884
5.7414103 197.19884
5.7394119 197.19883
5.7374135 197.19883
5.7354151 197.19883
5.7334167 197.19883
5.7314183 197.19882
5.7294199 197.19882
5.7274215 197.19882
5.7254231 197.19882
5.7234247 197.19881
5.7214263 197.19881
5.7194279 197.19881
5.7174295 197.19881
5.7154311 197.1988
5.7134327 197.1988
5.7114343 197.1988
5.7094359 197.1988
5.7074375 197.19879
5.7054391 197.19879
5.7034407 197.19879
5.7014423 197.19879
5.6994439 197.19878
5.6974455 197.19878
5.6954471 197.19878
5.6934487 197.19878
5.6914503 197.19877
5.6894519 197.19877
5.6874535 197.19877
5.6854551 197.19877
5.6834567 197.19876
5.6814583 197.19876
5.6794599 197.19876
5.6774615 197.19876
5.6754631 197.19875
5.6734647 197.19875
5.6714663 197.19875
5.6694679 197.19875
5.6674695 197.19874
5.6654711 197.19874
5.6634727 197.19874
5.6614743 197.19873
5.6594759 197.19873
5.6574775 197.19873
5.6554791 197.19873
5.6534807 197.19872
5.6514823 197.19872
5.6494839 197.19872
5.6474855 197.19872
5.6454871 197.19871
5.6434887 197.19871
5.6414903 197.19871
5.6394919 197.19871
5.6374935 197.1987
5.6354951 197.1987
5.6334967 197.1987
5.6314983 197.1987
5.6294999 197.19869
5.6275015 197.19869
5.6255031 197.19869
5.6235047 197.19869
5.6215063 197.19868
5.6195079 197.19868
5.6175095 197.19868
5.6155111 197.19867
5.6135127 197.19867
5.6115143 197.19867
5.6095159 197.19867
5.6075175 197.19866
5.6055191 197.19866
5.6035207 197.19866
5.6015223 197.19866
5.5995239 197.19865
5.5975255 197.19865
5.5955271 197.19865
5.5935287 197.19865
5.5915303 197.19864
5.5895319 197.19864
5.5875335 197.19864
5.5855351 197.19863
5.5835367 197.19863
5.5815383 197.19863
5.5795399 197.19863
5.5775415 197.19862
5.5755431 197.19862
5.5735447 197.19862
5.5715463 197.19862
5.5695479 197.19861
5.5675495 197.19861
5.5655511 197.19861
5.5635527 197.1986
5.5615543 197.1986
5.5595559 197.1986
5.5575575 197.1986
5.5555591 197.19859
5.5535607 197.19859
5.5515623 197.19859
5.5495639 197.19859
5.5475655 197.19858
5.5455671 197.19858
5.5435687 197.19858
5.5415703 197.19858
5.5395719 197.19857
5.5375735 197.19857
5.5355751 197.19857
5.5335767 197.19856
5.5315783 197.19856
5.5295799 197.19856
5.5275815 197.19856
5.5255831 197.19855
5.5235847 197.19855
5.5215863 197.19855
5.5195879 197.19854
5.5175895 197.19854
5.5155911 197.19854
5.5135927 197.19854
5.5115943 197.19853
5.5095959 197.19853
5.5075975 197.19853
5.5055991 197.19853
5.5036007 197.19852
5.5016023 197.19852
5.4996039 197.19852
5.4976055 197.19851
5.4956071 197.19851
5.4936087 197.19851
5.4916103 197.19851
5.4896119 197.1985
5.4876135 197.1985
5.4856151 197.1985
5.4836167 197.19849
5.4816183 197.19849
5.4796199 197.19849
5.4776215 197.19849
5.4756231 197.19848
5.4736247 197.19848
5.4716263 197.19848
5.4696279 197.19848
5.4676295 197.19847
5.4656311 197.19847
5.4636327 197.19847
5.4616343 197.19846
5.4596359 197.19846
5.4576375 197.19846
5.4556391 197.19846
5.4536407 197.19845
5.4516423 197.19845
5.4496439 197.19845
5.4476455 197.19844
5.4456471 197.19844
5.4436487 197.19844
5.4416503 197.19844
5.4396519 197.19843
5.4376535 197.19843
5.4356551 197.19843
5.4336567 197.19842
5.4316583 197.19842
5.4296599 197.19842
5.4276615 197.19842
5.4256631 197.19841
5.4236647 197.19841
5.4216663 197.19841
5.4196679 197.1984
5.4176695 197.1984
5.4156711 197.1984
5.4136727 197.1984
5.4116743 197.19839
5.4096759 197.19839
5.4076775 197.19839
5.4056791 197.19838
5.4036807 197.19838
5.4016823 197.19838
5.3996839 197.19838
5.3976855 197.19837
5.3956871 197.19837
5.3936887 197.19837
5.3916903 197.19836
5.3896919 197.19836
5.3876935 197.19836
5.3856951 197.19835
5.3836967 197.19835
5.3816983 197.19835
5.3796999 197.19835
5.3777015 197.19834
5.3757031 197.19834
5.3737047 197.19834
5.3717063 197.19833
5.3697079 197.19833
5.3677095 197.19833
5.3657111 197.19833
5.3637127 197.19832
5.3617143 197.19832
5.3597159 197.19832
5.3577175 197.19831
5.3557191 197.19831
5.3537207 197.19831
5.3517223 197.1983
5.3497239 197.1983
5.3477255 197.1983
5.3457271 197.1983
5.3437287 197.19829
5.3417303 197.19829
5.3397319 197.19829
5.3377335 197.19828
5.3357351 197.19828
5.3337367 197.19828
5.3317383 197.19828
5.3297399 197.19827
5.3277415 197.19827
5.3257431 197.19827
5.3237447 197.19826
5.3217463 197.19826
5.3197479 197.19826
5.3177495 197.19825
5.3157512 197.19825
5.3137528 197.19825
5.3117544 197.19825
5.309756 197.19824
5.3077576 197.19824
5.3057592 197.19824
5.3037608 197.19823
5.3017624 197.19823
5.299764 197.19823
5.2977656 197.19822
5.2957672 197.19822
5.2937688 197.19822
5.2917704 197.19821
5.289772 197.19821
5.2877736 197.19821
5.2857752 197.19821
5.2837768 197.1982
5.2817784 197.1982
5.27978 197.1982
5.2777816 197.19819
5.2757832 197.19819
5.2737848 197.19819
5.2717864 197.19818
5.269788 197.19818
5.2677896 197.19818
5.2657912 197.19818
5.2637928 197.19817
5.2617944 197.19817
5.259796 197.19817
5.2577976 197.19816
5.2557992 197.19816
5.2538008 197.19816
5.2518024 197.19815
5.249804 197.19815
5.2478056 197.19815
5.2458072 197.19814
5.2438088 197.19814
5.2418104 197.19814
5.239812 197.19813
5.2378136 197.19813
5.2358152 197.19813
5.2338168 197.19813
5.2318184 197.19812
5.22982 197.19812
5.2278216 197.19812
5.2258232 197.19811
5.2238248 197.19811
5.2218264 197.19811
5.219828 197.1981
5.2178296 197.1981
5.2158312 197.1981
5.2138328 197.19809
5.2118344 197.19809
5.209836 197.19809
5.2078376 197.19808
5.2058392 197.19808
5.2038408 197.19808
5.2018424 197.19808
5.199844 197.19807
5.1978456 197.19807
5.1958472 197.19807
5.1938488 197.19806
5.1918504 197.19806
5.189852 197.19806
5.1878536 197.19805
5.1858552 197.19805
5.1838568 197.19805
5.1818584 197.19804
5.17986 197.19804
5.1778616 197.19804
5.1758632 197.19803
5.1738648 197.19803
5.1718664 197.19803
5.169868 197.19802
5.1678696 197.19802
5.1658712 197.19802
5.1638728 197.19801
5.1618744 197.19801
5.159876 197.19801
5.1578776 197.198
5.1558792 197.198
5.1538808 197.198
5.1518824 197.198
5.149884 197.19799
5.1478856 197.19799
5.1458872 197.19799
5.1438888 197.19798
5.1418904 197.19798
5.139892 197.19798
5.1378936 197.19797
5.1358952 197.19797
5.1338968 197.19797
5.1318984 197.19796
5.1299 197.19796
5.1279016 197.19796
5.1259032 197.19795
5.1239048 197.19795
5.1219064 197.19795
5.119908 197.19794
5.1179096 197.19794
5.1159112 197.19794
5.1139128 197.19793
5.1119144 197.19793
5.109916 197.19793
5.1079176 197.19792
5.1059192 197.19792
5.1039208 197.19792
5.1019224 197.19791
5.099924 197.19791
5.0979256 197.19791
5.0959272 197.1979
5.0939288 197.1979
5.0919304 197.1979
5.089932 197.19789
5.0879336 197.19789
5.0859352 197.19789
5.0839368 197.19788
5.0819384 197.19788
5.07994 197.19788
5.0779416 197.19787
5.0759432 197.19787
5.0739448 197.19787
5.0719464 197.19786
5.069948 197.19786
5.0679496 197.19786
5.0659512 197.19785
5.0639528 197.19785
5.0619544 197.19785
5.059956 197.19784
5.0579576 197.19784
5.0559592 197.19784
5.0539608 197.19783
5.0519624 197.19783
5.049964 197.19783
5.0479656 197.19782
5.0459672 197.19782
5.0439688 197.19782
5.0419704 197.19781
5.039972 197.19781
5.0379736 197.19781
5.0359752 197.1978
5.0339768 197.1978
5.0319784 197.1978
5.02998 197.19779
5.0279816 197.19779
5.0259832 197.19779
5.0239848 197.19778
5.0219864 197.19778
5.019988 197.19777
5.0179896 197.19777
5.0159912 197.19777
5.0139928 197.19776
5.0119944 197.19776
5.009996 197.19776
5.0079976 197.19775
5.0059992 197.19775
5.0040008 197.19775
5.0020024 197.19774
5.000004 197.19774
4.9980056 197.19774
4.9960072 197.19773
4.9940088 197.19773
4.9920104 197.19773
4.990012 197.19772
4.9880136 197.19772
4.9860152 197.19772
4.9840168 197.19771
4.9820184 197.19771
4.98002 197.19771
4.9780216 197.1977
4.9760232 197.1977
4.9740248 197.19769
4.9720264 197.19769
4.970028 197.19769
4.9680296 197.19768
4.9660312 197.19768
4.9640328 197.19768
4.9620344 197.19767
4.960036 197.19767
4.9580376 197.19767
4.9560392 197.19766
4.9540408 197.19766
4.9520424 197.19766
4.950044 197.19765
4.9480456 197.19765
4.9460472 197.19765
4.9440488 197.19764
4.9420504 197.19764
4.940052 197.19763
4.9380536 197.19763
4.9360552 197.19763
4.9340568 197.19762
4.9320584 197.19762
4.93006 197.19762
4.9280616 197.19761
4.9260632 197.19761
4.9240648 197.19761
4.9220664 197.1976
4.920068 197.1976
4.9180696 197.19759
4.9160712 197.19759
4.9140728 197.19759
4.9120744 197.19758
4.910076 197.19758
4.9080776 197.19758
4.9060792 197.19757
4.9040808 197.19757
4.9020824 197.19757
4.900084 197.19756
4.8980856 197.19756
4.8960872 197.19756
4.8940888 197.19755
4.8920904 197.19755
4.890092 197.19754
4.8880936 197.19754
4.8860952 197.19754
4.8840968 197.19753
4.8820984 197.19753
4.8801 197.19753
4.8781016 197.19752
4.8761032 197.19752
4.8741048 197.19751
4.8721064 197.19751
4.870108 197.19751
4.8681096 197.1975
4.8661112 197.1975
4.8641128 197.1975
4.8621144 197.19749
4.860116 197.19749
4.8581176 197.19748
4.8561192 197.19748
4.8541208 197.19748
4.8521224 197.19747
4.850124 197.19747
4.8481256 197.19747
4.8461272 197.19746
4.8441288 197.19746
4.8421304 197.19746
4.840132 197.19745
4.8381336 197.19745
4.8361352 197.19744
4.8341368 197.19744
4.8321384 197.19744
4.83014 197.19743
4.8281416 197.19743
4.8261432 197.19742
4.8241448 197.19742
4.8221464 197.19742
4.820148 197.19741
4.8181496 197.19741
4.8161512 197.19741
4.8141528 197.1974
4.8121544 197.1974
4.810156 197.19739
4.8081576 197.19739
4.8061592 197.19739
4.8041608 197.19738
4.8021624 197.19738
4.800164 197.19738
4.7981656 197.19737
4.7961672 197.19737
4.7941688 197.19736
4.7921704 197.19736
4.790172 197.19736
4.7881736 197.19735
4.7861752 197.19735
4.7841768 197.19734
4.7821784 197.19734
4.78018 197.19734
4.7781816 197.19733
4.7761832 197.19733
4.7741848 197.19733
4.7721864 197.19732
4.770188 197.19732
4.7681896 197.19731
4.7661912 197.19731
4.7641928 197.19731
4.7621944 197.1973
4.760196 197.1973
4.7581976 197.19729
4.7561992 197.19729
4.7542008 197.19729
4.7522024 197.19728
4.750204 197.19728
4.7482056 197.19727
4.7462072 197.19727
4.7442088 197.19727
4.7422104 197.19726
4.740212 197.19726
4.7382136 197.19726
4.7362152 197.19725
4.7342168 197.19725
4.7322184 197.19724
4.73022 197.19724
4.7282216 197.19724
4.7262232 197.19723
4.7242248 197.19723
4.7222264 197.19722
4.720228 197.19722
4.7182296 197.19722
4.7162312 197.19721
4.7142328 197.19721
4.7122344 197.1972
4.710236 197.1972
4.7082376 197.1972
4.7062392 197.19719
4.7042408 197.19719
4.7022424 197.19718
4.700244 197.19718
4.6982456 197.19718
4.6962472 197.19717
4.6942488 197.19717
4.6922505 197.19716
4.6902521 197.19716
4.6882537 197.19716
4.6862553 197.19715
4.6842569 197.19715
4.6822585 197.19714
4.6802601 197.19714
4.6782617 197.19713
4.6762633 197.19713
4.6742649 197.19713
4.6722665 197.19712
4.6702681 197.19712
4.6682697 197.19711
4.6662713 197.19711
4.6642729 197.19711
4.6622745 197.1971
4.6602761 197.1971
4.6582777 197.19709
4.6562793 197.19709
4.6542809 197.19709
4.6522825 197.19708
4.6502841 197.19708
4.6482857 197.19707
4.6462873 197.19707
4.6442889 197.19707
4.6422905 197.19706
4.6402921 197.19706
4.6382937 197.19705
4.6362953 197.19705
4.6342969 197.19704
4.6322985 197.19704
4.6303001 197.19704
4.6283017 197.19703
4.6263033 197.19703
4.6243049 197.19702
4.6223065 197.19702
4.6203081 197.19702
4.6183097 197.19701
4.6163113 197.19701
4.6143129 197.197
4.6123145 197.197
4.6103161 197.19699
4.6083177 197.19699
4.6063193 197.19699
4.6043209 197.19698
4.6023225 197.19698
4.6003241 197.19697
4.5983257 197.19697
4.5963273 197.19696
4.5943289 197.19696
4.5923305 197.19696
4.5903321 197.19695
4.5883337 197.19695
4.5863353 197.19694
4.5843369 197.19694
4.5823385 197.19693
4.5803401 197.19693
4.5783417 197.19693
4.5763433 197.19692
4.5743449 197.19692
4.5723465 197.19691
4.5703481 197.19691
4.5683497 197.1969
4.5663513 197.1969
4.5643529 197.1969
4.5623545 197.19689
4.5603561 197.19689
4.5583577 197.19688
4.5563593 197.19688
4.5543609 197.19687
4.5523625 197.19687
4.5503641 197.19687
4.5483657 197.19686
4.5463673 197.19686
4.5443689 197.19685
4.5423705 197.19685
4.5403721 197.19684
4.5383737 197.19684
4.5363753 197.19684
4.5343769 197.19683
4.5323785 197.19683
4.5303801 197.19682
4.5283817 197.19682
4.5263833 197.19681
4.5243849 197.19681
4.5223865 197.1968
4.5203881 197.1968
4.5183897 197.1968
4.5163913 197.19679
4.5143929 197.19679
4.5123945 197.19678
4.5103961 197.19678
4.5083977 197.19677
4.5063993 197.19677
4.5044009 197.19676
4.5024025 197.19676
4.5004041 197.19676
4.4984057 197.19675
4.4964073 197.19675
4.4944089 197.19674
4.4924105 197.19674
4.4904121 197.19673
4.4884137 197.19673
4.4864153 197.19672
4.4844169 197.19672
4.4824185 197.19672
4.4804201 197.19671
4.4784217 197.19671
4.4764233 197.1967
4.4744249 197.1967
4.4724265 197.19669
4.4704281 197.19669
4.4684297 197.19668
4.4664313 197.19668
4.4644329 197.19667
4.4624345 197.19667
4.4604361 197.19667
4.4584377 197.19666
4.4564393 197.19666
4.4544409 197.19665
4.4524425 197.19665
4.4504441 197.19664
4.4484457 197.19664
4.4464473 197.19663
4.4444489 197.19663
4.4424505 197.19662
4.4404521 197.19662
4.4384537 197.19661
4.4364553 197.19661
4.4344569 197.19661
4.4324585 197.1966
4.4304601 197.1966
4.4284617 197.19659
4.4264633 197.19659
4.4244649 197.19658
4.4224665 197.19658
4.4204681 197.19657
4.4184697 197.19657
4.4164713 197.19656
4.4144729 197.19656
4.4124745 197.19655
4.4104761 197.19655
4.4084777 197.19654
4.4064793 197.19654
4.4044809 197.19654
4.4024825 197.19653
4.4004841 197.19653
4.3984857 197.19652
4.3964873 197.19652
4.3944889 197.19651
4.3924905 197.19651
4.3904921 197.1965
4.3884937 197.1965
4.3864953 197.19649
4.3844969 197.19649
4.3824985 197.19648
4.3805001 197.19648
4.3785017 197.19647
4.3765033 197.19647
4.3745049 197.19646
4.3725065 197.19646
4.3705081 197.19645
4.3685097 197.19645
4.3665113 197.19645
4.3645129 197.19644
4.3625145 197.19644
4.3605161 197.19643
4.3585177 197.19643
4.3565193 197.19642
4.3545209 197.19642
4.3525225 197.19641
4.3505241 197.19641
4.3485257 197.1964
4.3465273 197.1964
4.3445289 197.19639
4.3425305 197.19639
4.3405321 197.19638
4.3385337 197.19638
4.3365353 197.19637
4.3345369 197.19637
4.3325385 197.19636
4.3305401 197.19636
4.3285417 197.19635
4.3265433 197.19635
4.3245449 197.19634
4.3225465 197.19634
4.3205481 197.19633
4.3185497 197.19633
4.3165513 197.19632
4.3145529 197.19632
4.3125545 197.19631
4.3105561 197.19631
4.3085577 197.1963
4.3065593 197.1963
4.3045609 197.19629
4.3025625 197.19629
4.3005641 197.19628
4.2985657 197.19628
4.2965673 197.19627
4.2945689 197.19627
4.2925705 197.19626
4.2905721 197.19626
4.2885737 197.19625
4.2865753 197.19625
4.2845769 197.19624
4.2825785 197.19624
4.2805801 197.19623
4.2785817 197.19623
4.2765833 197.19622
4.2745849 197.19622
4.2725865 197.19621
4.2705881 197.19621
4.2685897 197.1962
4.2665913 197.1962
4.2645929 197.19619
4.2625945 197.19619
4.2605961 197.19618
4.2585977 197.19618
4.2565993 197.19617
4.2546009 197.19617
4.2526025 197.19616
4.2506041 197.19616
4.2486057 197.19615
4.2466073 197.19615
4.2446089 197.19614
4.2426105 197.19614
4.2406121 197.19613
4.2386137 197.19613
4.2366153 197.19612
4.2346169 197.19612
4.2326185 197.19611
4.2306201 197.19611
4.2286217 197.1961
4.2266233 197.1961
4.2246249 197.19609
4.2226265 197.19609
4.2206281 197.19608
4.2186297 197.19607
4.2166313 197.19607
4.2146329 197.19606
4.2126345 197.19606
4.2106361 197.19605
4.2086377 197.19605
4.2066393 197.19604
4.2046409 197.19604
4.2026425 197.19603
4.2006441 197.19603
4.1986457 197.19602
4.1966473 197.19602
4.1946489 197.19601
4.1926505 197.19601
4.1906521 197.196
4.1886537 197.196
4.1866553 197.19599
4.1846569 197.19599
4.1826585 197.19598
4.1806601 197.19597
4.1786617 197.19597
4.1766633 197.19596
4.1746649 197.19596
4.1726665 197.19595
4.1706681 197.19595
4.1686697 197.19594
4.1666713 197.19594
4.1646729 197.19593
4.1626745 197.19593
4.1606761 197.19592
4.1586777 197.19592
4.1566793 197.19591
4.1546809 197.1959
4.1526825 197.1959
4.1506841 197.19589
4.1486857 197.19589
4.1466873 197.19588
4.1446889 197.19588
4.1426905 197.19587
4.1406921 197.19587
4.1386937 197.19586
4.1366953 197.19586
4.1346969 197.19585
4.1326985 197.19584
4.1307001 197.19584
4.1287017 197.19583
4.1267033 197.19583
4.1247049 197.19582
4.1227065 197.19582
4.1207081 197.19581
4.1187097 197.19581
4.1167113 197.1958
4.1147129 197.19579
4.1127145 197.19579
4.1107161 197.19578
4.1087177 197.19578
4.1067193 197.19577
4.1047209 197.19577
4.1027225 197.19576
4.1007241 197.19576
4.0987257 197.19575
4.0967273 197.19574
4.0947289 197.19574
4.0927305 197.19573
4.0907321 197.19573
4.0887337 197.19572
4.0867353 197.19572
4.0847369 197.19571
4.0827385 197.19571
4.0807401 197.1957
4.0787417 197.19569
4.0767433 197.19569
4.0747449 197.19568
4.0727465 197.19568
4.0707481 197.19567
4.0687497 197.19567
4.0667514 197.19566
4.064753 197.19565
4.0627546 197.19565
4.0607562 197.19564
4.0587578 197.19564
4.0567594 197.19563
4.054761 197.19563
4.0527626 197.19562
4.0507642 197.19561
4.0487658 197.19561
4.0467674 197.1956
4.044769 197.1956
4.0427706 197.19559
4.0407722 197.19559
4.0387738 197.19558
4.0367754 197.19557
4.034777 197.19557
4.0327786 197.19556
4.0307802 197.19556
4.0287818 197.19555
4.0267834 197.19554
4.024785 197.19554
4.0227866 197.19553
4.0207882 197.19553
4.0187898 197.19552
4.0167914 197.19551
4.014793 197.19551
4.0127946 197.1955
4.0107962 197.1955
4.0087978 197.19549
4.0067994 197.19549
4.004801 197.19548
4.0028026 197.19547
4.0008042 197.19547
3.9988058 197.19546
3.9968074 197.19546
3.994809 197.19545
3.9928106 197.19544
3.9908122 197.19544
3.9888138 197.19543
3.9868154 197.19543
3.984817 197.19542
3.9828186 197.19541
3.9808202 197.19541
3.9788218 197.1954
3.9768234 197.1954
3.974825 197.19539
3.9728266 197.19538
3.9708282 197.19538
3.9688298 197.19537
3.9668314 197.19537
3.964833 197.19536
3.9628346 197.19535
3.9608362 197.19535
3.9588378 197.19534
3.9568394 197.19534
3.954841 197.19533
3.9528426 197.19532
3.9508442 197.19532
3.9488458 197.19531
3.9468474 197.1953
3.944849 197.1953
3.9428506 197.19529
3.9408522 197.19529
3.9388538 197.19528
3.9368554 197.19527
3.934857 197.19527
3.9328586 197.19526
3.9308602 197.19525
3.9288618 197.19525
3.9268634 197.19524
3.924865 197.19524
3.9228666 197.19523
3.9208682 197.19522
3.9188698 197.19522
3.9168714 197.19521
3.914873 197.19521
3.9128746 197.1952
3.9108762 197.19519
3.9088778 197.19519
3.9068794 197.19518
3.904881 197.19517
3.9028826 197.19517
3.9008842 197.19516
3.8988858 197.19515
3.8968874 197.19515
3.894889 197.19514
3.8928906 197.19514
3.8908922 197.19513
3.8888938 197.19512
3.8868954 197.19512
3.884897 197.19511
3.8828986 197.1951
3.8809002 197.1951
3.8789018 197.19509
3.8769034 197.19508
3.874905 197.19508
3.8729066 197.19507
3.8709082 197.19507
3.8689098 197.19506
3.8669114 197.19505
3.864913 197.19505
3.8629146 197.19504
3.8609162 197.19503
3.8589178 197.19503
3.8569194 197.19502
3.854921 197.19501
3.8529226 197.19501
3.8509242 197.195
3.8489258 197.19499
3.8469274 197.19499
3.844929 197.19498
3.8429306 197.19497
3.8409322 197.19497
3.8389338 197.19496
3.8369354 197.19495
3.834937 197.19495
3.8329386 197.19494
3.8309402 197.19493
3.8289418 197.19493
3.8269434 197.19492
3.824945 197.19491
3.8229466 197.19491
3.8209482 197.1949
3.8189498 197.19489
3.8169514 197.19489
3.814953 197.19488
3.8129546 197.19487
3.8109562 197.19487
3.8089578 197.19486
3.8069594 197.19485
3.804961 197.19485
3.8029626 197.19484
3.8009642 197.19483
3.7989658 197.19483
3.7969674 197.19482
3.794969 197.19481
3.7929706 197.19481
3.7909722 197.1948
3.7889738 197.19479
3.7869754 197.19479
3.784977 197.19478
3.7829786 197.19477
3.7809802 197.19477
3.7789818 197.19476
3.7769834 197.19475
3.774985 197.19475
3.7729866 197.19474
3.7709882 197.19473
3.7689898 197.19473
3.7669914 197.19472
3.764993 197.19471
3.7629946 197.1947
3.7609962 197.1947
3.7589978 197.19469
3.7569994 197.19468
3.755001 197.19468
3.7530026 197.19467
3.7510042 197.19466
3.7490058 197.19466
3.7470074 197.19465
3.745009 197.19464
3.7430106 197.19463
3.7410122 197.19463
3.7390138 197.19462
3.7370154 197.19461
3.735017 197.19461
3.7330186 197.1946
3.7310202 197.19459
3.7290218 197.19459
3.7270234 197.19458
3.725025 197.19457
3.7230266 197.19456
3.7210282 197.19456
3.7190298 197.19455
3.7170314 197.19454
3.715033 197.19454
3.7130346 197.19453
3.7110362 197.19452
3.7090378 197.19451
3.7070394 197.19451
3.705041 197.1945
3.7030426 197.19449
3.7010442 197.19449
3.6990458 197.19448
3.6970474 197.19447
3.695049 197.19446
3.6930506 197.19446
3.6910522 197.19445
3.6890538 197.19444
3.6870554 197.19443
3.685057 197.19443
3.6830586 197.19442
3.6810602 197.19441
3.6790618 197.19441
3.6770634 197.1944
3.675065 197.19439
3.6730666 197.19438
3.6710682 197.19438
3.6690698 197.19437
3.6670714 197.19436
3.665073 197.19435
3.6630746 197.19435
3.6610762 197.19434
3.6590778 197.19433
3.6570794 197.19432
3.655081 197.19432
3.6530826 197.19431
3.6510842 197.1943
3.6490858 197.19429
3.6470874 197.19429
3.645089 197.19428
3.6430906 197.19427
3.6410922 197.19426
3.6390938 197.19426
3.6370954 197.19425
3.635097 197.19424
3.6330986 197.19423
3.6311002 197.19423
3.6291018 197.19422
3.6271034 197.19421
3.625105 197.1942
3.6231066 197.1942
3.6211082 197.19419
3.6191098 197.19418
3.6171114 197.19417
3.615113 197.19417
3.6131146 197.19416
3.6111162 197.19415
3.6091178 197.19414
3.6071194 197.19414
3.605121 197.19413
3.6031226 197.19412
3.6011242 197.19411
3.5991258 197.1941
3.5971274 197.1941
3.595129 197.19409
3.5931306 197.19408
3.5911322 197.19407
3.5891338 197.19407
3.5871354 197.19406
3.585137 197.19405
3.5831386 197.19404
3.5811402 197.19403
3.5791418 197.19403
3.5771434 197.19402
3.575145 197.19401
3.5731466 197.194
3.5711482 197.194
3.5691498 197.19399
3.5671514 197.19398
3.565153 197.19397
3.5631546 197.19396
3.5611562 197.19396
3.5591578 197.19395
3.5571594 197.19394
3.555161 197.19393
3.5531626 197.19392
3.5511642 197.19392
3.5491658 197.19391
3.5471674 197.1939
3.545169 197.19389
3.5431706 197.19388
3.5411722 197.19388
3.5391738 197.19387
3.5371754 197.19386
3.535177 197.19385
3.5331786 197.19384
3.5311802 197.19384
3.5291818 197.19383
3.5271834 197.19382
3.525185 197.19381
3.5231866 197.1938
3.5211882 197.19379
3.5191898 197.19379
3.5171914 197.19378
3.515193 197.19377
3.5131946 197.19376
3.5111962 197.19375
3.5091978 197.19375
3.5071994 197.19374
3.505201 197.19373
3.5032026 197.19372
3.5012042 197.19371
3.4992058 197.1937
3.4972074 197.1937
3.495209 197.19369
3.4932106 197.19368
3.4912122 197.19367
3.4892138 197.19366
3.4872154 197.19365
3.485217 197.19365
3.4832186 197.19364
3.4812202 197.19363
3.4792218 197.19362
3.4772234 197.19361
3.475225 197.1936
3.4732266 197.19359
3.4712282 197.19359
3.4692298 197.19358
3.4672314 197.19357
3.465233 197.19356
3.4632346 197.19355
3.4612362 197.19354
3.4592378 197.19354
3.4572394 197.19353
3.455241 197.19352
3.4532426 197.19351
3.4512442 197.1935
3.4492458 197.19349
3.4472474 197.19348
3.445249 197.19348
3.4432507 197.19347
3.4412523 197.19346
3.4392539 197.19345
3.4372555 197.19344
3.4352571 197.19343
3.4332587 197.19342
3.4312603 197.19341
3.4292619 197.19341
3.4272635 197.1934
3.4252651 197.19339
3.4232667 197.19338
3.4212683 197.19337
3.4192699 197.19336
3.4172715 197.19335
3.4152731 197.19334
3.4132747 197.19334
3.4112763 197.19333
3.4092779 197.19332
3.4072795 197.19331
3.4052811 197.1933
3.4032827 197.19329
3.4012843 197.19328
3.3992859 197.19327
3.3972875 197.19326
3.3952891 197.19326
3.3932907 197.19325
3.3912923 197.19324
3.3892939 197.19323
3.3872955 197.19322
3.3852971 197.19321
3.3832987 197.1932
3.3813003 197.19319
3.3793019 197.19318
3.3773035 197.19317
3.3753051 197.19316
3.3733067 197.19316
3.3713083 197.19315
3.3693099 197.19314
3.3673115 197.19313
3.3653131 197.19312
3.3633147 197.19311
3.3613163 197.1931
3.3593179 197.19309
3.3573195 197.19308
3.3553211 197.19307
3.3533227 197.19306
3.3513243 197.19305
3.3493259 197.19305
3.3473275 197.19304
3.3453291 197.19303
3.3433307 197.19302
3.3413323 197.19301
3.3393339 197.193
3.3373355 197.19299
3.3353371 197.19298
3.3333387 197.19297
3.3313403 197.19296
3.3293419 197.19295
3.3273435 197.19294
3.3253451 197.19293
3.3233467 197.19292
3.3213483 197.19291
3.3193499 197.1929
3.3173515 197.19289
3.3153531 197.19289
3.3133547 197.19288
3.3113563 197.19287
3.3093579 197.19286
3.3073595 197.19285
3.3053611 197.19284
3.3033627 197.19283
3.3013643 197.19282
3.2993659 197.19281
3.2973675 197.1928
3.2953691 197.19279
3.2933707 197.19278
3.2913723 197.19277
3.2893739 197.19276
3.2873755 197.19275
3.2853771 197.19274
3.2833787 197.19273
3.2813803 197.19272
3.2793819 197.19271
3.2773835 197.1927
3.2753851 197.19269
3.2733867 197.19268
3.2713883 197.19267
3.2693899 197.19266
3.2673915 197.19265
3.2653931 197.19264
3.2633947 197.19263
3.2613963 197.19262
3.2593979 197.19261
3.2573995 197.1926
3.2554011 197.19259
3.2534027 197.19258
3.2514043 197.19257
3.2494059 197.19256
3.2474075 197.19255
3.2454091 197.19254
3.2434107 197.19253
3.2414123 197.19252
3.2394139 197.19251
3.2374155 197.1925
3.2354171 197.19249
3.2334187 197.19248
3.2314203 197.19247
3.2294219 197.19246
3.2274235 197.19245
3.2254251 197.19244
3.2234267 197.19243
3.2214283 197.19242
3.2194299 197.19241
3.2174315 197.1924
3.2154331 197.19239
3.2134347 197.19238
3.2114363 197.19237
3.2094379 197.19236
3.2074395 197.19235
3.2054411 197.19234
3.2034427 197.19233
3.2014443 197.19232
3.1994459 197.19231
3.1974475 197.1923
3.1954491 197.19229
3.1934507 197.19228
3.1914523 197.19226
3.1894539 197.19225
3.1874555 197.19224
3.1854571 197.19223
3.1834587 197.19222
3.1814603 197.19221
3.1794619 197.1922
3.1774635 197.19219
3.1754651 197.19218
3.1734667 197.19217
3.1714683 197.19216
3.1694699 197.19215
3.1674715 197.19214
3.1654731 197.19213
3.1634747 197.19212
3.1614763 197.1921
3.1594779 197.19209
3.1574795 197.19208
3.1554811 197.19207
3.1534827 197.19206
3.1514843 197.19205
3.1494859 197.19204
3.1474875 197.19203
3.1454891 197.19202
3.1434907 197.19201
3.1414923 197.192
3.1394939 197.19199
3.1374955 197.19197
3.1354971 197.19196
3.1334987 197.19195
3.1315003 197.19194
3.1295019 197.19193
3.1275035 197.19192
3.1255051 197.19191
3.1235067 197.1919
3.1215083 197.19189
3.1195099 197.19187
3.1175115 197.19186
3.1155131 197.19185
3.1135147 197.19184
3.1115163 197.19183
3.1095179 197.19182
3.1075195 197.19181
3.1055211 197.1918
3.1035227 197.19178
3.1015243 197.19177
3.0995259 197.19176
3.0975275 197.19175
3.0955291 197.19174
3.0935307 197.19173
3.0915323 197.19172
3.0895339 197.19171
3.0875355 197.19169
3.0855371 197.19168
3.0835387 197.19167
3.0815403 197.19166
3.0795419 197.19165
3.0775435 197.19164
3.0755451 197.19162
3.0735467 197.19161
3.0715483 197.1916
3.0695499 197.19159
3.0675515 197.19158
3.0655531 197.19157
3.0635547 197.19155
3.0615563 197.19154
3.0595579 197.19153
3.0575595 197.19152
3.0555611 197.19151
3.0535627 197.1915
3.0515643 197.19148
3.0495659 197.19147
3.0475675 197.19146
3.0455691 197.19145
3.0435707 197.19144
3.0415723 197.19142
3.0395739 197.19141
3.0375755 197.1914
3.0355771 197.19139
3.0335787 197.19138
3.0315803 197.19136
3.0295819 197.19135
3.0275835 197.19134
3.0255851 197.19133
3.0235867 197.19132
3.0215883 197.1913
3.0195899 197.19129
3.0175915 197.19128
3.0155931 197.19127
3.0135947 197.19126
3.0115963 197.19124
3.0095979 197.19123
3.0075995 197.19122
3.0056011 197.19121
3.0036027 197.19119
3.0016043 197.19118
2.9996059 197.19117
2.9976075 197.19116
2.9956091 197.19114
2.9936107 197.19113
2.9916123 197.19112
2.9896139 197.19111
2.9876155 197.1911
2.9856171 197.19108
2.9836187 197.19107
2.9816203 197.19106
2.9796219 197.19104
2.9776235 197.19103
2.9756251 197.19102
2.9736267 197.19101
2.9716283 197.19099
2.9696299 197.19098
2.9676315 197.19097
2.9656331 197.19096
2.9636347 197.19094
2.9616363 197.19093
2.9596379 197.19092
2.9576395 197.1909
2.9556411 197.19089
2.9536427 197.19088
2.9516443 197.19087
2.9496459 197.19085
2.9476475 197.19084
2.9456491 197.19083
2.9436507 197.19081
2.9416523 197.1908
2.9396539 197.19079
2.9376555 197.19078
2.9356571 197.19076
2.9336587 197.19075
2.9316603 197.19074
2.9296619 197.19072
2.9276635 197.19071
2.9256651 197.1907
2.9236667 197.19068
2.9216683 197.19067
2.9196699 197.19066
2.9176715 197.19064
2.9156731 197.19063
2.9136747 197.19062
2.9116763 197.1906
2.9096779 197.19059
2.9076795 197.19058
2.9056811 197.19056
2.9036827 197.19055
2.9016843 197.19054
2.8996859 197.19052
2.8976875 197.19051
2.8956891 197.1905
2.8936907 197.19048
2.8916923 197.19047
2.8896939 197.19045
2.8876955 197.19044
2.8856971 197.19043
2.8836987 197.19041
2.8817003 197.1904
2.8797019 197.19039
2.8777035 197.19037
2.8757051 197.19036
2.8737067 197.19034
2.8717083 197.19033
2.8697099 197.19032
2.8677115 197.1903
2.8657131 197.19029
2.8637147 197.19028
2.8617163 197.19026
2.8597179 197.19025
2.8577195 197.19023
2.8557211 197.19022
2.8537227 197.1902
2.8517243 197.19019
2.8497259 197.19018
2.8477275 197.19016
2.8457291 197.19015
2.8437307 197.19013
2.8417323 197.19012
2.8397339 197.19011
2.8377355 197.19009
2.8357371 197.19008
2.8337387 197.19006
2.8317403 197.19005
2.8297419 197.19003
2.8277435 197.19002
2.8257451 197.19
2.8237467 197.18999
2.8217483 197.18998
2.8197499 197.18996
2.8177516 197.18995
2.8157532 197.18993
2.8137548 197.18992
2.8117564 197.1899
2.809758 197.18989
2.8077596 197.18987
2.8057612 197.18986
2.8037628 197.18984
2.8017644 197.18983
2.799766 197.18981
2.7977676 197.1898
2.7957692 197.18978
2.7937708 197.18977
2.7917724 197.18975
2.789774 197.18974
2.7877756 197.18972
2.7857772 197.18971
2.7837788 197.18969
2.7817804 197.18968
2.779782 197.18966
2.7777836 197.18965
2.7757852 197.18963
2.7737868 197.18962
2.7717884 197.1896
2.76979 197.18959
2.7677916 197.18957
2.7657932 197.18956
2.7637948 197.18954
2.7617964 197.18953
2.759798 197.18951
2.7577996 197.18949
2.7558012 197.18948
2.7538028 197.18946
2.7518044 197.18945
2.749806 197.18943
2.7478076 197.18942
2.7458092 197.1894
2.7438108 197.18939
2.7418124 197.18937
2.739814 197.18935
2.7378156 197.18934
2.7358172 197.18932
2.7338188 197.18931
2.7318204 197.18929
2.729822 197.18928
2.7278236 197.18926
2.7258252 197.18924
2.7238268 197.18923
2.7218284 197.18921
2.71983 197.1892
2.7178316 197.18918
2.7158332 197.18916
2.7138348 197.18915
2.7118364 197.18913
2.709838 197.18911
2.7078396 197.1891
2.7058412 197.18908
2.7038428 197.18907
2.7018444 197.18905
2.699846 197.18903
2.6978476 197.18902
2.6958492 197.189
2.6938508 197.18898
2.6918524 197.18897
2.689854 197.18895
2.6878556 197.18893
2.6858572 197.18892
2.6838588 197.1889
2.6818604 197.18888
2.679862 197.18887
2.6778636 197.18885
2.6758652 197.18883
2.6738668 197.18882
2.6718684 197.1888
2.66987 197.18878
2.6678716 197.18877
2.6658732 197.18875
2.6638748 197.18873
2.6618764 197.18872
2.659878 197.1887
2.6578796 197.18868
2.6558812 197.18866
2.6538828 197.18865
2.6518844 197.18863
2.649886 197.18861
2.6478876 197.18859
2.6458892 197.18858
2.6438908 197.18856
2.6418924 197.18854
2.639894 197.18853
2.6378956 197.18851
2.6358972 197.18849
2.6338988 197.18847
2.6319004 197.18846
2.629902 197.18844
2.6279036 197.18842
2.6259052 197.1884
2.6239068 197.18838
2.6219084 197.18837
2.61991 197.18835
2.6179116 197.18833
2.6159132 197.18831
2.6139148 197.1883
2.6119164 197.18828
2.609918 197.18826
2.6079196 197.18824
2.6059212 197.18822
2.6039228 197.18821
2.6019244 197.18819
2.599926 197.18817
2.5979276 197.18815
2.5959292 197.18813
2.5939308 197.18811
2.5919324 197.1881
2.589934 197.18808
2.5879356 197.18806
2.5859372 197.18804
2.5839388 197.18802
2.5819404 197.188
2.579942 197.18799
2.5779436 197.18797
2.5759452 197.18795
2.5739468 197.18793
2.5719484 197.18791
2.56995 197.18789
2.5679516 197.18787
2.5659532 197.18785
2.5639548 197.18784
2.5619564 197.18782
2.559958 197.1878
2.5579596 197.18778
2.5559612 197.18776
2.5539628 197.18774
2.5519644 197.18772
2.549966 197.1877
2.5479676 197.18768
2.5459692 197.18766
2.5439708 197.18764
2.5419724 197.18763
2.539974 197.18761
2.5379756 197.18759
2.5359772 197.18757
2.5339788 197.18755
2.5319804 197.18753
2.529982 197.18751
2.5279836 197.18749
2.5259852 197.18747
2.5239868 197.18745
2.5219884 197.18743
2.51999 197.18741
2.5179916 197.18739
2.5159932 197.18737
2.5139948 197.18735
2.5119964 197.18733
2.509998 197.18731
2.5079996 197.18729
2.5060012 197.18727
2.5040028 197.18725
2.5020044 197.18723
2.500006 197.18721
2.4980076 197.18719
2.4960092 197.18717
2.4940108 197.18715
2.4920124 197.18713
2.490014 197.18711
2.4880156 197.18709
2.4860172 197.18707
2.4840188 197.18705
2.4820204 197.18702
2.480022 197.187
2.4780236 197.18698
2.4760252 197.18696
2.4740268 197.18694
2.4720284 197.18692
2.47003 197.1869
2.4680316 197.18688
2.4660332 197.18686
2.4640348 197.18684
2.4620364 197.18682
2.460038 197.18679
2.4580396 197.18677
2.4560412 197.18675
2.4540428 197.18673
2.4520444 197.18671
2.450046 197.18669
2.4480476 197.18667
2.4460492 197.18664
2.4440508 197.18662
2.4420524 197.1866
2.440054 197.18658
2.4380556 197.18656
2.4360572 197.18654
2.4340588 197.18651
2.4320604 197.18649
2.430062 197.18647
2.4280636 197.18645
2.4260652 197.18643
2.4240668 197.1864
2.4220684 197.18638
2.42007 197.18636
2.4180716 197.18634
2.4160732 197.18632
2.4140748 197.18629
2.4120764 197.18627
2.410078 197.18625
2.4080796 197.18623
2.4060812 197.1862
2.4040828 197.18618
2.4020844 197.18616
2.400086 197.18614
2.3980876 197.18611
2.3960892 197.18609
2.3940908 197.18607
2.3920924 197.18604
2.390094 197.18602
2.3880956 197.186
2.3860972 197.18597
2.3840988 197.18595
2.3821004 197.18593
2.380102 197.18591
2.3781036 197.18588
2.3761052 197.18586
2.3741068 197.18584
2.3721084 197.18581
2.37011 197.18579
2.3681116 197.18576
2.3661132 197.18574
2.3641148 197.18572
2.3621164 197.18569
2.360118 197.18567
2.3581196 197.18565
2.3561212 197.18562
2.3541228 197.1856
2.3521244 197.18557
2.350126 197.18555
2.3481276 197.18553
2.3461292 197.1855
2.3441308 197.18548
2.3421324 197.18545
2.340134 197.18543
2.3381356 197.1854
2.3361372 197.18538
2.3341388 197.18535
2.3321404 197.18533
2.330142 197.18531
2.3281436 197.18528
2.3261452 197.18526
2.3241468 197.18523
2.3221484 197.18521
2.32015 197.18518
2.3181516 197.18516
2.3161532 197.18513
2.3141548 197.18511
2.3121564 197.18508
2.310158 197.18505
2.3081596 197.18503
2.3061612 197.185
2.3041628 197.18498
2.3021644 197.18495
2.300166 197.18493
2.2981676 197.1849
2.2961692 197.18488
2.2941708 197.18485
2.2921724 197.18482
2.290174 197.1848
2.2881756 197.18477
2.2861772 197.18475
2.2841788 197.18472
2.2821804 197.18469
2.280182 197.18467
2.2781836 197.18464
2.2761852 197.18461
2.2741868 197.18459
2.2721884 197.18456
2.27019 197.18453
2.2681916 197.18451
2.2661932 197.18448
2.2641948 197.18445
2.2621964 197.18443
2.260198 197.1844
2.2581996 197.18437
2.2562012 197.18435
2.2542028 197.18432
2.2522044 197.18429
2.250206 197.18426
2.2482076 197.18424
2.2462092 197.18421
2.2442108 197.18418
2.2422124 197.18415
2.240214 197.18413
2.2382156 197.1841
2.2362172 197.18407
2.2342188 197.18404
2.2322204 197.18402
2.230222 197.18399
2.2282236 197.18396
2.2262252 197.18393
2.2242268 197.1839
2.2222284 197.18387
2.22023 197.18385
2.2182316 197.18382
2.2162332 197.18379
2.2142348 197.18376
2.2122364 197.18373
2.210238 197.1837
2.2082396 197.18367
2.2062412 197.18365
2.2042428 197.18362
2.2022444 197.18359
2.200246 197.18356
2.1982476 197.18353
2.1962492 197.1835
2.1942509 197.18347
2.1922525 197.18344
2.1902541 197.18341
2.1882557 197.18338
2.1862573 197.18335
2.1842589 197.18332
2.1822605 197.18329
2.1802621 197.18326
2.1782637 197.18323
2.1762653 197.1832
2.1742669 197.18317
2.1722685 197.18314
2.1702701 197.18311
2.1682717 197.18308
2.1662733 197.18305
2.1642749 197.18302
2.1622765 197.18299
2.1602781 197.18296
2.1582797 197.18293
2.1562813 197.1829
2.1542829 197.18286
2.1522845 197.18283
2.1502861 197.1828
2.1482877 197.18277
2.1462893 197.18274
2.1442909 197.18271
2.1422925 197.18268
2.1402941 197.18265
2.1382957 197.18261
2.1362973 197.18258
2.1342989 197.18255
2.1323005 197.18252
2.1303021 197.18249
2.1283037 197.18245
2.1263053 197.18242
2.1243069 197.18239
2.1223085 197.18236
2.1203101 197.18232
2.1183117 197.18229
2.1163133 197.18226
2.1143149 197.18223
2.1123165 197.18219
2.1103181 197.18216
2.1083197 197.18213
2.1063213 197.18209
2.1043229 197.18206
2.1023245 197.18203
2.1003261 197.18199
2.0983277 197.18196
2.0963293 197.18193
2.0943309 197.18189
2.0923325 197.18186
2.0903341 197.18183
2.0883357 197.18179
2.0863373 197.18176
2.0843389 197.18172
2.0823405 197.18169
2.0803421 197.18165
2.0783437 197.18162
2.0763453 197.18158
2.0743469 197.18155
2.0723485 197.18152
2.0703501 197.18148
2.0683517 197.18145
2.0663533 197.18141
2.0643549 197.18137
2.0623565 197.18134
2.0603581 197.1813
2.0583597 197.18127
2.0563613 197.18123
2.0543629 197.1812
2.0523645 197.18116
2.0503661 197.18113
2.0483677 197.18109
2.0463693 197.18105
2.0443709 197.18102
2.0423725 197.18098
2.0403741 197.18094
2.0383757 197.18091
2.0363773 197.18087
2.0343789 197.18083
2.0323805 197.1808
2.0303821 197.18076
2.0283837 197.18072
2.0263853 197.18069
2.0243869 197.18065
2.0223885 197.18061
2.0203901 197.18057
2.0183917 197.18054
2.0163933 197.1805
2.0143949 197.18046
2.0123965 197.18042
2.0103981 197.18038
2.0083997 197.18035
2.0064013 197.18031
2.0044029 197.18027
2.0024045 197.18023
2.0004061 197.18019
1.9984077 197.18015
1.9964093 197.18011
1.9944109 197.18007
1.9924125 197.18003
1.9904141 197.18
1.9884157 197.17996
1.9864173 197.17992
1.9844189 197.17988
1.9824205 197.17984
1.9804221 197.1798
1.9784237 197.17976
1.9764253 197.17972
1.9744269 197.17968
1.9724285 197.17964
1.9704301 197.1796
1.9684317 197.17955
1.9664333 197.17951
1.9644349 197.17947
1.9624365 197.17943
1.9604381 197.17939
1.9584397 197.17935
1.9564413 197.17931
1.9544429 197.17927
1.9524445 197.17922
1.9504461 197.17918
1.9484477 197.17914
1.9464493 197.1791
1.9444509 197.17906
1.9424525 197.17901
1.9404541 197.17897
1.9384557 197.17893
1.9364573 197.17889
1.9344589 197.17884
1.9324605 197.1788
1.9304621 197.17876
1.9284637 197.17871
1.9264653 197.17867
1.9244669 197.17863
1.9224685 197.17858
1.9204701 197.17854
1.9184717 197.17849
1.9164733 197.17845
1.9144749 197.17841
1.9124765 197.17836
1.9104781 197.17832
1.9084797 197.17827
1.9064813 197.17823
1.9044829 197.17818
1.9024845 197.17814
1.9004861 197.17809
1.8984877 197.17805
1.8964893 197.178
1.8944909 197.17796
1.8924925 197.17791
1.8904941 197.17786
1.8884957 197.17782
1.8864973 197.17777
1.8844989 197.17772
1.8825005 197.17768
1.8805021 197.17763
1.8785037 197.17758
1.8765053 197.17754
1.8745069 197.17749
1.8725085 197.17744
1.8705101 197.17739
1.8685117 197.17735
1.8665133 197.1773
1.8645149 197.17725
1.8625165 197.1772
1.8605181 197.17715
1.8585197 197.1771
1.8565213 197.17706
1.8545229 197.17701
1.8525245 197.17696
1.8505261 197.17691
1.8485277 197.17686
1.8465293 197.17681
1.8445309 197.17676
1.8425325 197.17671
1.8405341 197.17666
1.8385357 197.17661
1.8365373 197.17656
1.8345389 197.17651
1.8325405 197.17646
1.8305421 197.17641
1.8285437 197.17635
1.8265453 197.1763
1.8245469 197.17625
1.8225485 197.1762
1.8205501 197.17615
1.8185517 197.1761
1.8165533 197.17604
1.8145549 197.17599
1.8125565 197.17594
1.8105581 197.17589
1.8085597 197.17583
1.8065613 197.17578
1.8045629 197.17573
1.8025645 197.17567
1.8005661 197.17562
1.7985677 197.17557
1.7965693 197.17551
1.7945709 197.17546
1.7925725 197.1754
1.7905741 197.17535
1.7885757 197.17529
1.7865773 197.17524
1.7845789 197.17518
1.7825805 197.17513
1.7805821 197.17507
1.7785837 197.17502
1.7765853 197.17496
1.7745869 197.1749
1.7725885 197.17485
1.7705901 197.17479
1.7685917 197.17473
1.7665933 197.17468
1.7645949 197.17462
1.7625965 197.17456
1.7605981 197.1745
1.7585997 197.17445
1.7566013 197.17439
1.7546029 197.17433
1.7526045 197.17427
1.7506061 197.17421
1.7486077 197.17415
1.7466093 197.17409
1.7446109 197.17403
1.7426125 197.17397
1.7406141 197.17391
1.7386157 197.17385
1.7366173 197.17379
1.7346189 197.17373
1.7326205 197.17367
1.7306221 197.17361
1.7286237 197.17355
1.7266253 197.17349
1.7246269 197.17343
1.7226285 197.17336
1.7206301 197.1733
1.7186317 197.17324
1.7166333 197.17318
1.7146349 197.17311
1.7126365 197.17305
1.7106381 197.17299
1.7086397 197.17292
1.7066413 197.17286
1.7046429 197.1728
1.7026445 197.17273
1.7006461 197.17267
1.6986477 197.1726
1.6966493 197.17254
1.6946509 197.17247
1.6926525 197.17241
1.6906541 197.17234
1.6886557 197.17227
1.6866573 197.17221
1.6846589 197.17214
1.6826605 197.17207
1.6806621 197.17201
1.6786637 197.17194
1.6766653 197.17187
1.6746669 197.1718
1.6726685 197.17173
1.6706701 197.17167
1.6686717 197.1716
1.6666733 197.17153
1.6646749 197.17146
1.6626765 197.17139
1.6606781 197.17132
1.6586797 197.17125
1.6566813 197.17118
1.6546829 197.17111
1.6526845 197.17104
1.6506861 197.17097
1.6486877 197.17089
1.6466893 197.17082
1.6446909 197.17075
1.6426925 197.17068
1.6406941 197.1706
1.6386957 197.17053
1.6366973 197.17046
1.6346989 197.17038
1.6327005 197.17031
1.6307021 197.17024
1.6287037 197.17016
1.6267053 197.17009
1.6247069 197.17001
1.6227085 197.16994
1.6207101 197.16986
1.6187117 197.16978
1.6167133 197.16971
1.6147149 197.16963
1.6127165 197.16955
1.6107181 197.16948
1.6087197 197.1694
1.6067213 197.16932
1.6047229 197.16924
1.6027245 197.16916
1.6007261 197.16908
1.5987277 197.169
1.5967293 197.16892
1.5947309 197.16884
1.5927325 197.16876
1.5907341 197.16868
1.5887357 197.1686
1.5867373 197.16852
1.5847389 197.16844
1.5827405 197.16836
1.5807421 197.16827
1.5787437 197.16819
1.5767453 197.16811
1.5747469 197.16802
1.5727485 197.16794
1.5707502 197.16786
1.5687518 197.16777
1.5667534 197.16769
1.564755 197.1676
1.5627566 197.16752
1.5607582 197.16743
1.5587598 197.16734
1.5567614 197.16726
1.554763 197.16717
1.5527646 197.16708
1.5507662 197.16699
1.5487678 197.1669
1.5467694 197.16682
1.544771 197.16673
1.5427726 197.16664
1.5407742 197.16655
1.5387758 197.16646
1.5367774 197.16636
1.534779 197.16627
1.5327806 197.16618
1.5307822 197.16609
1.5287838 197.166
1.5267854 197.1659
1.524787 197.16581
1.5227886 197.16572
1.5207902 197.16562
1.5187918 197.16553
1.5167934 197.16543
1.514795 197.16534
1.5127966 197.16524
1.5107982 197.16514
1.5087998 197.16505
1.5068014 197.16495
1.504803 197.16485
1.5028046 197.16475
1.5008062 197.16465
1.4988078 197.16456
1.4968094 197.16446
1.494811 197.16436
1.4928126 197.16426
1.4908142 197.16415
1.4888158 197.16405
1.4868174 197.16395
1.484819 197.16385
1.4828206 197.16374
1.4808222 197.16364
1.4788238 197.16354
1.4768254 197.16343
1.474827 197.16333
1.4728286 197.16322
1.4708302 197.16312
1.4688318 197.16301
1.4668334 197.1629
1.464835 197.1628
1.4628366 197.16269
1.4608382 197.16258
1.4588398 197.16247
1.4568414 197.16236
1.454843 197.16225
1.4528446 197.16214
1.4508462 197.16203
1.4488478 197.16192
1.4468494 197.1618
1.444851 197.16169
1.4428526 197.16158
1.4408542 197.16146
1.4388558 197.16135
1.4368574 197.16123
1.434859 197.16112
1.4328606 197.161
1.4308622 197.16088
1.4288638 197.16076
1.4268654 197.16065
1.424867 197.16053
1.4228686 197.16041
1.4208702 197.16029
1.4188718 197.16017
1.4168734 197.16005
1.414875 197.15992
1.4128766 197.1598
1.4108782 197.15968
1.4088798 197.15956
1.4068814 197.15943
1.404883 197.15931
1.4028846 197.15918
1.4008862 197.15905
1.3988878 197.15893
1.3968894 197.1588
1.394891 197.15867
1.3928926 197.15854
1.3908942 197.15841
1.3888958 197.15828
1.3868974 197.15815
1.384899 197.15802
1.3829006 197.15789
1.3809022 197.15775
1.3789038 197.15762
1.3769054 197.15748
1.374907 197.15735
1.3729086 197.15721
1.3709102 197.15708
1.3689118 197.15694
1.3669134 197.1568
1.364915 197.15666
1.3629166 197.15652
1.3609182 197.15638
1.3589198 197.15624
1.3569214 197.1561
1.354923 197.15595
1.3529246 197.15581
1.3509262 197.15566
1.3489278 197.15552
1.3469294 197.15537
1.344931 197.15523
1.3429326 197.15508
1.3409342 197.15493
1.3389358 197.15478
1.3369374 197.15463
1.334939 197.15448
1.3329406 197.15433
1.3309422 197.15417
1.3289438 197.15402
1.3269454 197.15386
1.324947 197.15371
1.3229486 197.15355
1.3209502 197.1534
1.3189518 197.15324
1.3169534 197.15308
1.314955 197.15292
1.3129566 197.15276
1.3109582 197.15259
1.3089598 197.15243
1.3069614 197.15227
1.304963 197.1521
1.3029646 197.15194
1.3009662 197.15177
1.2989678 197.1516
1.2969694 197.15143
1.294971 197.15126
1.2929726 197.15109
1.2909742 197.15092
1.2889758 197.15075
1.2869774 197.15057
1.284979 197.1504
1.2829806 197.15022
1.2809822 197.15005
1.2789838 197.14987
1.2769854 197.14969
1.274987 197.14951
1.2729886 197.14933
1.2709902 197.14915
1.2689918 197.14896
1.2669934 197.14878
1.264995 197.14859
1.2629966 197.1484
1.2609982 197.14822
1.2589998 197.14803
1.2570014 197.14784
1.255003 197.14764
1.2530046 197.14745
1.2510062 197.14726
1.2490078 197.14706
1.2470094 197.14686
1.245011 197.14667
1.2430126 197.14647
1.2410142 197.14627
1.2390158 197.14606
1.2370174 197.14586
1.235019 197.14566
1.2330206 197.14545
1.2310222 197.14524
1.2290238 197.14504
1.2270254 197.14483
1.225027 197.14461
1.2230286 197.1444
1.2210302 197.14419
1.2190318 197.14397
1.2170334 197.14376
1.215035 197.14354
1.2130366 197.14332
1.2110382 197.1431
1.2090398 197.14287
1.2070414 197.14265
1.205043 197.14242
1.2030446 197.1422
1.2010462 197.14197
1.1990478 197.14174
1.1970494 197.14151
1.195051 197.14127
1.1930526 197.14104
1.1910542 197.1408
1.1890558 197.14056
1.1870574 197.14032
1.185059 197.14008
1.1830606 197.13984
1.1810622 197.13959
1.1790638 197.13935
1.1770654 197.1391
1.175067 197.13885
1.1730686 197.1386
1.1710702 197.13834
1.1690718 197.13809
1.1670734 197.13783
1.165075 197.13757
1.1630766 197.13731
1.1610782 197.13705
1.1590798 197.13678
1.1570814 197.13652
1.155083 197.13625
1.1530846 197.13598
1.1510862 197.1357
1.1490878 197.13543
1.1470894 197.13515
1.145091 197.13488
1.1430926 197.13459
1.1410942 197.13431
1.1390958 197.13403
1.1370974 197.13374
1.135099 197.13345
1.1331006 197.13316
1.1311022 197.13287
1.1291038 197.13257
1.1271054 197.13227
1.125107 197.13197
1.1231086 197.13167
1.1211102 197.13136
1.1191118 197.13106
1.1171134 197.13075
1.115115 197.13044
1.1131166 197.13012
1.1111182 197.12981
1.1091198 197.12949
1.1071214 197.12916
1.105123 197.12884
1.1031246 197.12851
1.1011262 197.12818
1.0991278 197.12785
1.0971294 197.12752
1.095131 197.12718
1.0931326 197.12684
1.0911342 197.1265
1.0891358 197.12615
1.0871374 197.1258
1.085139 197.12545
1.0831406 197.1251
1.0811422 197.12474
1.0791438 197.12438
1.0771454 197.12402
1.075147 197.12365
1.0731486 197.12328
1.0711502 197.12291
1.0691518 197.12254
1.0671534 197.12216
1.065155 197.12178
1.0631566 197.12139
1.0611582 197.121
1.0591598 197.12061
1.0571614 197.12022
1.055163 197.11982
1.0531646 197.11942
1.0511662 197.11902
1.0491678 197.11861
1.0471694 197.1182
1.045171 197.11778
1.0431726 197.11736
1.0411742 197.11694
1.0391758 197.11651
1.0371774 197.11608
1.035179 197.11565
1.0331806 197.11521
1.0311822 197.11477
1.0291838 197.11432
1.0271854 197.11387
1.025187 197.11342
1.0231886 197.11296
1.0211902 197.1125
1.0191918 197.11203
1.0171934 197.11156
1.015195 197.11109
1.0131966 197.11061
1.0111982 197.11013
1.0091998 197.10964
1.0072014 197.10915
1.005203 197.10865
1.0032046 197.10815
1.0012062 197.10764
0.99920784 197.10713
0.99720944 197.10661
0.99521104 197.10609
0.99321264 197.10556
0.99121424 197.10503
0.98921584 197.1045
0.98721744 197.10395
0.98521904 197.10341
0.98322064 197.10286
0.98122224 197.1023
0.97922384 197.10173
0.97722545 197.10117
0.97522705 197.10059
0.97322865 197.10001
0.97123025 197.09943
0.96923185 197.09883
0.96723345 197.09824
0.96523505 197.09763
0.96323665 197.09702
0.96123825 197.09641
0.95923985 197.09578
0.95724145 197.09515
0.95524305 197.09452
0.95324465 197.09388
0.95124625 197.09323
0.94924785 197.09257
0.94724945 197.09191
0.94525105 197.09124
0.94325265 197.09056
0.94125425 197.08988
0.93925585 197.08919
0.93725745 197.08849
0.93525905 197.08778
0.93326065 197.08707
0.93126225 197.08635
0.92926385 197.08562
0.92726545 197.08488
0.92526705 197.08414
0.92326865 197.08338
0.92127025 197.08262
0.91927185 197.08185
0.91727345 197.08107
0.91527506 197.08028
0.91327666 197.07949
0.91127826 197.07868
0.90927986 197.07787
0.90728146 197.07704
0.90528306 197.07621
0.90328466 197.07537
0.90128626 197.07451
0.89928786 197.07365
0.89728946 197.07278
0.89529106 197.07189
0.89329266 197.071
0.89129426 197.07009
0.88929586 197.06918
0.88729746 197.06825
0.88529906 197.06732
0.88330066 197.06637
0.88130226 197.06541
0.87930386 197.06443
0.87730546 197.06345
0.87530706 197.06246
0.87330866 197.06145
0.87131026 197.06043
0.86931186 197.05939
0.86731346 197.05835
0.86531506 197.05729
0.86331666 197.05621
0.86131826 197.05513
0.85931986 197.05403
0.85732146 197.05291
0.85532306 197.05178
0.85332466 197.05064
0.85132627 197.04948
0.84932787 197.04831
0.84732947 197.04712
0.84533107 197.04591
0.84333267 197.04469
0.84133427 197.04345
0.83933587 197.0422
0.83733747 197.04093
0.83533907 197.03964
0.83334067 197.03833
0.83134227 197.03701
0.82934387 197.03567
0.82734547 197.03431
0.82534707 197.03293
0.82334867 197.03153
0.82135027 197.03011
0.81935187 197.02868
0.81735347 197.02722
0.81535507 197.02574
0.81335667 197.02424
0.81135827 197.02271
0.80935987 197.02117
0.80736147 197.0196
0.80536307 197.01801
0.80336467 197.0164
0.80136627 197.01476
0.79936787 197.0131
0.79736947 197.01142
0.79537107 197.00971
0.79337267 197.00797
0.79137427 197.0062
0.78937588 197.00441
0.78737748 197.0026
0.78537908 197.00075
0.78338068 196.99887
0.78138228 196.99697
0.77938388 196.99504
0.77738548 196.99307
0.77538708 196.99108
0.77338868 196.98905
0.77139028 196.98699
0.76939188 196.98489
0.76739348 196.98277
0.76539508 196.9806
0.76339668 196.97841
0.76139828 196.97617
0.75939988 196.9739
0.75740148 196.97159
0.75540308 196.96924
0.75340468 196.96686
0.75140628 196.96443
0.74940788 196.96196
0.74740948 196.95945
0.74541108 196.95689
0.74341268 196.95429
0.74141428 196.95164
0.73941588 196.94895
0.73741748 196.94621
0.73541908 196.94342
0.73342068 196.94058
0.73142228 196.93769
0.72942388 196.93475
0.72742549 196.93176
0.72542709 196.9287
0.72342869 196.9256
0.72143029 196.92243
0.71943189 196.91921
0.71743349 196.91592
0.71543509 196.91257
0.71343669 196.90916
0.71143829 196.90568
0.70943989 196.90214
0.70744149 196.89853
0.70544309 196.89484
0.70344469 196.89109
0.70144629 196.88725
0.69944789 196.88335
0.69744949 196.87936
0.69545109 196.8753
0.69345269 196.87115
0.69145429 196.86691
0.68945589 196.86259
0.68745749 196.85818
0.68545909 196.85368
0.68346069 196.84908
0.68146229 196.84439
0.67946389 196.8396
0.67746549 196.8347
0.67546709 196.8297
0.67346869 196.82459
0.67147029 196.81937
0.66947189 196.81403
0.66747349 196.80857
0.6654751 196.803
0.6634767 196.7973
0.6614783 196.79146
0.6594799 196.7855
0.6574815 196.7794
0.6554831 196.77316
0.6534847 196.76677
0.6514863 196.76024
0.6494879 196.75355
0.6474895 196.7467
0.6454911 196.73969
0.6434927 196.73251
0.6414943 196.72516
0.6394959 196.71762
0.6374975 196.7099
0.6354991 196.70199
0.6335007 196.69389
0.6315023 196.68558
0.6295039 196.67705
0.6275055 196.66832
0.6255071 196.65936
0.6235087 196.65016
0.6215103 196.64073
0.6195119 196.63105
0.6175135 196.62112
0.6155151 196.61092
0.6135167 196.60044
0.6115183 196.58969
0.6095199 196.57864
0.6075215 196.56729
0.6055231 196.55563
0.6035247 196.54364
0.60152631 196.53132
0.59952791 196.51865
0.59752951 196.50562
0.59553111 196.49222
0.59353271 196.47843
0.59153431 196.46424
0.58953591 196.44964
0.58753751 196.4346
0.58553911 196.41912
0.58354071 196.40318
0.58154231 196.38676
0.57954391 196.36983
0.57754551 196.35239
0.57554711 196.33442
0.57354871 196.31588
0.57155031 196.29677
0.56955191 196.27705
0.56755351 196.25671
0.56555511 196.23572
0.56355671 196.21406
0.56155831 196.19169
0.55955991 196.16859
0.55756151 196.14473
0.55556311 196.12008
0.55356471 196.09461
0.55156631 196.06828
0.54956791 196.04106
0.54756951 196.01292
0.54557111 195.98381
0.54357271 195.95369
0.54157431 195.92252
0.53957592 195.89027
0.53757752 195.85687
0.53557912 195.82229
0.53358072 195.78647
0.53158232 195.74937
0.52958392 195.71092
0.52758552 195.67107
0.52558712 195.62975
0.52358872 195.58691
0.52159032 195.54249
0.51959192 195.4964
0.51759352 195.44858
0.51559512 195.39896
0.51359672 195.34744
0.51159832 195.29397
0.50959992 195.23843
0.50760152 195.18076
0.50560312 195.12085
0.50360472 195.0586
0.50160632 194.99391
0.49960792 194.92669
0.49760952 194.85681
0.49561112 194.78416
0.49361272 194.70862
0.49161432 194.63007
0.48961592 194.54837
0.48761752 194.4634
0.48561912 194.37501
0.48362072 194.28306
0.48162232 194.1874
0.47962392 194.08788
0.47762553 193.98434
0.47562713 193.8766
0.47362873 193.76452
0.47163033 193.6479
0.46963193 193.52658
0.46763353 193.40038
0.46563513 193.26911
0.46363673 193.13259
0.46163833 192.99062
0.45963993 192.84303
0.45764153 192.6896
0.45564313 192.53016
0.45364473 192.36452
0.45164633 192.19248
0.44964793 192.01387
0.44764953 191.8285
0.44565113 191.6362
0.44365273 191.43681
0.44165433 191.23016
0.43965593 191.01612
0.43765753 190.79456
0.43565913 190.56536
0.43366073 190.32843
0.43166233 190.0837
0.42966393 189.8311
0.42766553 189.57061
0.42566713 189.30225
0.42366873 189.02603
0.42167033 188.74202
0.41967193 188.45032
0.41767353 188.15107
0.41567514 187.84445
0.41367674 187.53066
0.41167834 187.20997
0.40967994 186.88267
0.40768154 186.54911
0.40568314 186.20967
0.40368474 185.86477
0.40168634 185.51488
0.39968794 185.1605
0.39768954 184.80216
0.39569114 184.44044
0.39369274 184.07592
0.39169434 183.70924
0.38969594 183.34102
0.38769754 182.97193
0.38569914 182.60261
0.38370074 182.23372
0.38170234 181.86592
0.37970394 181.49986
0.37770554 181.13615
0.37570714 180.7754
0.37370874 180.41818
0.37171034 180.06504
0.36971194 179.71646
0.36771354 179.37292
0.36571514 179.03482
0.36371674 178.70253
0.36171834 178.37636
0.35971994 178.05659
0.35772154 177.74342
0.35572314 177.43701
0.35372474 177.13749
0.35172635 176.84492
0.34972795 176.55931
0.34772955 176.28066
0.34573115 176.00889
0.34373275 175.74391
0.34173435 175.4856
0.33973595 175.23378
0.33773755 174.98829
0.33573915 174.74891
0.33374075 174.51542
0.33174235 174.28759
0.32974395 174.06517
0.32774555 173.8479
0.32574715 173.63552
0.32374875 173.42778
0.32175035 173.22442
0.31975195 173.02517
0.31775355 172.82979
0.31575515 172.63803
0.31375675 172.44965
0.31175835 172.26443
0.30975995 172.08214
0.30776155 171.90258
0.30576315 171.72556
0.30376475 171.55089
0.30176635 171.37839
0.29976795 171.20792
0.29776955 171.03932
0.29577115 170.87246
0.29377275 170.70722
0.29177435 170.54348
0.28977596 170.38115
0.28777756 170.22013
0.28577916 170.06035
0.28378076 169.90175
0.28178236 169.74426
0.27978396 169.58783
0.27778556 169.43242
0.27578716 169.27801
0.27378876 169.12457
0.27179036 168.97209
0.26979196 168.82055
0.26779356 168.66996
0.26579516 168.52032
0.26379676 168.37164
0.26179836 168.22395
0.25979996 168.07726
0.25780156 167.93162
0.25580316 167.78705
0.25380476 167.64361
0.25180636 167.50133
0.24980796 167.36028
0.24780956 167.22051
0.24581116 167.0821
0.24381276 166.9451
0.24181436 166.80961
0.23981596 166.67569
0.23781756 166.54344
0.23581916 166.41296
0.23382076 166.28433
0.23182236 166.15767
0.22982396 166.03307
0.22782557 165.91067
0.22582717 165.79056
0.22382877 165.67287
0.22183037 165.55773
0.21983197 165.44526
0.21783357 165.3356
0.21583517 165.22889
0.21383677 165.12524
0.21183837 165.02481
0.20983997 164.92773
0.20784157 164.83414
0.20584317 164.74417
0.20384477 164.65796
0.20184637 164.57564
0.19984797 164.49733
0.19784957 164.42317
0.19585117 164.35326
0.19385277 164.28772
0.19185437 164.22665
0.18985597 164.17014
0.18785757 164.11828
0.18585917 164.07114
0.18386077 164.02877
0.18186237 163.99123
0.17986397 163.95855
0.17786557 163.93074
0.17586717 163.9078
0.17386877 163.88972
0.17187037 163.87647
0.16987197 163.86799
0.16787357 163.86421
0.16587518 163.86505
0.16387678 163.8704
0.16187838 163.88014
0.15987998 163.89411
0.15788158 163.91217
0.15588318 163.93413
0.15388478 163.9598
0.15188638 163.98896
0.14988798 164.0214
0.14788958 164.05688
0.14589118 164.09515
0.14389278 164.13595
0.14189438 164.17902
0.13989598 164.22409
0.13789758 164.27088
0.13589918 164.31911
0.13390078 164.36852
0.13190238 164.41882
0.12990398 164.46974
0.12790558 164.52103
0.12590718 164.57242
0.12390878 164.62367
0.12191038 164.67455
0.11991198 164.72483
0.11791358 164.77432
0.11591518 164.82281
0.11391678 164.87014
0.11191838 164.91616
0.10991998 164.96072
0.10792158 165.0037
0.10592318 165.04501
0.10392478 165.08455
0.10192639 165.12228
0.099927986 165.15813
0.097929586 165.19208
0.095931186 165.2241
0.093932787 165.25421
0.091934387 165.28241
0.089935987 165.30871
0.087937588 165.33317
0.085939188 165.35582
0.083940788 165.37671
0.081942388 165.3959
0.079943989 165.41346
0.077945589 165.42945
0.075947189 165.44394
0.07394879 165.45702
0.07195039 165.46875
0.06995199 165.47922
0.067953591 165.4885
0.065955191 165.49667
0.063956791 165.5038
0.061958392 165.50998
0.059959992 165.51528
0.057961592 165.51978
0.055963193 165.52355
0.053964793 165.52667
0.051966393 165.52921
0.049967994 165.53124
0.047969594 165.53284
0.045971194 165.53406
0.043972795 165.53497
0.041974395 165.53563
0.039975995 165.53609
0.037977596 165.5364
0.035979196 165.53659
0.033980796 165.53671
0.031982396 165.53678
0.029983997 165.53681
0.027985597 165.53683
0.025987197 165.53684
0.023988798 165.53684
0.021990398 165.53684
0.019991998 165.53684
0.017993599 165.53684
0.015995199 165.53684
0.013996799 165.53684
0.0119984 165.53684
0.01 165.53684

