0.01 25.825938
0.0119984 25.825938
0.013996799 25.825938
0.015995199 25.825938
0.017993599 25.825938
0.019991998 25.825938
0.021990398 25.825938
0.023988798 25.825938
0.025987197 25.825938
0.027985597 25.825938
0.029983997 25.825938
0.031982396 25.825938
0.033980796 25.825938
0.035979196 25.825938
0.037977596 25.825938
0.039975995 25.825938
0.041974395 25.825938
0.043972795 25.825938
0.045971194 25.825938
0.047969594 25.825938
0.049967994 25.825938
0.051966393 25.825938
0.053964793 25.825938
0.055963193 25.825938
0.057961592 25.825939
0.059959992 25.82594
0.061958392 25.825942
0.063956791 25.825946
0.065955191 25.825959
0.067953591 25.825991
0.06995199 25.82607
0.07195039 25.826247
0.07394879 25.826608
0.075947189 25.827269
0.077945589 25.828351
0.079943989 25.829938
0.081942388 25.832008
0.083940788 25.834398
0.085939188 25.836837
0.087937588 25.839059
0.089935987 25.840896
0.091934387 25.842306
0.093932787 25.843335
0.095931186 25.844064
0.097929586 25.844585
0.099927986 25.844987
0.10192639 25.845293
0.10392478 25.845426
0.10592318 25.845454
0.10792158 25.845458
0.10991998 25.845459
0.11191838 25.845459
0.11391678 25.845459
0.11591518 25.845459
0.11791358 25.845459
0.11991198 25.845459
0.12191038 25.845459
0.12390878 25.845459
0.12590718 25.845457
0.12790558 25.845448
0.12990398 25.845422
0.13190238 25.845346
0.13390078 25.845151
0.13589918 25.84469
0.13789758 25.843648
0.13989598 25.841352
0.14189438 25.83636
0.14389278 25.825655
0.14589118 25.803407
0.14788958 25.76053
0.14988798 25.689589
0.15188638 25.601539
0.15388478 25.545856
0.15588318 25.577741
0.15788158 25.670471
0.15987998 25.76348
0.16187838 25.840946
0.16387678 25.907675
0.16587518 25.958887
0.16787357 25.98747
0.16987197 25.999607
0.17187037 26.004266
0.17386877 26.006088
0.17586717 26.006834
0.17786557 26.007127
0.17986397 26.007199
0.18186237 26.007148
0.18386077 26.007028
0.18585917 26.006888
0.18785757 26.006785
0.18985597 26.006789
0.19185437 26.006979
0.19385277 26.007437
0.19585117 26.008223
0.19784957 26.00936
0.19984797 26.01081
0.20184637 26.012469
0.20384477 26.014175
0.20584317 26.015735
0.20784157 26.016962
0.20983997 26.017705
0.21183837 26.017872
0.21383677 26.01743
0.21583517 26.016392
0.21783357 26.014794
0.21983197 26.012672
0.22183037 26.010043
0.22382877 26.00688
0.22582717 26.003105
0.22782557 25.998572
0.22982396 25.993074
0.23182236 25.98639
0.23382076 25.978564
0.23581916 25.971113
0.23781756 25.971996
0.23981596 26.012329
0.24181436 26.175486
0.24381276 26.528896
0.24581116 26.903776
0.24780956 27.119222
0.24980796 27.210786
0.25180636 27.247622
0.25380476 27.263298
0.25580316 27.270678
0.25780156 27.274668
0.25979996 27.277287
0.26179836 27.279476
0.26379676 27.28174
0.26579516 27.284402
0.26779356 27.2877
0.26979196 27.291831
0.27179036 27.296965
0.27378876 27.303249
0.27578716 27.310804
0.27778556 27.319715
0.27978396 27.330017
0.28178236 27.341671
0.28378076 27.354548
0.28577916 27.368395
0.28777756 27.382812
0.28977596 27.397214
0.29177435 27.410816
0.29377275 27.422613
0.29577115 27.431387
0.29776955 27.435751
0.29976795 27.43422
0.30176635 27.425337
0.30376475 27.407843
0.30576315 27.380854
0.30776155 27.344038
0.30975995 27.297729
0.31175835 27.242951
0.31375675 27.181329
0.31575515 27.114913
0.31775355 27.045931
0.31975195 26.97656
0.32175035 26.908726
0.32374875 26.84398
0.32574715 26.783453
0.32774555 26.727865
0.32974395 26.677579
0.33174235 26.632671
0.33374075 26.593009
0.33573915 26.558315
0.33773755 26.528228
0.33973595 26.50234
0.34173435 26.48023
0.34373275 26.461484
0.34573115 26.445711
0.34772955 26.432543
0.34972795 26.421645
0.35172635 26.412713
0.35372474 26.405472
0.35572314 26.399675
0.35772154 26.395101
0.35971994 26.39155
0.36171834 26.388844
0.36371674 26.386819
0.36571514 26.385331
0.36771354 26.384244
0.36971194 26.383438
0.37171034 26.382802
0.37370874 26.382235
0.37570714 26.381643
0.37770554 26.380945
0.37970394 26.380065
0.38170234 26.378937
0.38370074 26.377504
0.38569914 26.375719
0.38769754 26.373546
0.38969594 26.370955
0.39169434 26.367932
0.39369274 26.36447
0.39569114 26.360573
0.39768954 26.356256
0.39968794 26.351543
0.40168634 26.346467
0.40368474 26.341067
0.40568314 26.33539
0.40768154 26.329484
0.40967994 26.323403
0.41167834 26.3172
0.41367674 26.31093
0.41567514 26.304642
0.41767353 26.298387
0.41967193 26.292207
0.42167033 26.286143
0.42366873 26.28023
0.42566713 26.274495
0.42766553 26.268962
0.42966393 26.26365
0.43166233 26.258571
0.43366073 26.253733
0.43565913 26.24914
0.43765753 26.244791
0.43965593 26.240684
0.44165433 26.236811
0.44365273 26.233165
0.44565113 26.229735
0.44764953 26.226508
0.44964793 26.223472
0.45164633 26.220612
0.45364473 26.217914
0.45564313 26.215361
0.45764153 26.21294
0.45963993 26.210634
0.46163833 26.208427
0.46363673 26.206304
0.46563513 26.20425
0.46763353 26.20225
0.46963193 26.200288
0.47163033 26.198349
0.47362873 26.196418
0.47562713 26.194482
0.47762553 26.192525
0.47962392 26.190533
0.48162232 26.188493
0.48362072 26.186389
0.48561912 26.184208
0.48761752 26.181938
0.48961592 26.179564
0.49161432 26.177074
0.49361272 26.174456
0.49561112 26.171698
0.49760952 26.168789
0.49960792 26.165719
0.50160632 26.162481
0.50360472 26.159068
0.50560312 26.155474
0.50760152 26.151699
0.50959992 26.147744
0.51159832 26.143613
0.51359672 26.139318
0.51559512 26.134876
0.51759352 26.13031
0.51959192 26.125655
0.52159032 26.120958
0.52358872 26.11628
0.52558712 26.111702
0.52758552 26.107326
0.52958392 26.103284
0.53158232 26.099743
0.53358072 26.096909
0.53557912 26.095038
0.53757752 26.09444
0.53957592 26.095485
0.54157431 26.098609
0.54357271 26.10431
0.54557111 26.11314
0.54756951 26.125691
0.54956791 26.142567
0.55156631 26.16434
0.55356471 26.191501
0.55556311 26.224405
0.55756151 26.263207
0.55955991 26.307821
0.56155831 26.357902
0.56355671 26.412865
0.56555511 26.471953
0.56755351 26.534346
0.56955191 26.599309
0.57155031 26.666351
0.57354871 26.735391
0.57554711 26.806887
0.57754551 26.881937
0.57954391 26.962316
0.58154231 27.050451
0.58354071 27.149332
0.58553911 27.262349
0.58753751 27.393085
0.58953591 27.545076
0.59153431 27.721618
0.59353271 27.925677
0.59553111 28.160029
0.59752951 28.427743
0.59952791 28.733193
0.60152631 29.083881
0.6035247 29.493596
0.6055231 29.987888
0.6075215 30.613587
0.6095199 31.454955
0.6115183 32.659385
0.6135167 34.472887
0.6155151 37.274778
0.6175135 41.575388
0.6195119 47.907499
0.6215103 56.5573
0.6235087 67.233722
0.6255071 78.986174
0.6275055 90.573467
0.6295039 101.00982
0.6315023 109.83902
0.6335007 117.05289
0.6354991 122.87423
0.6374975 127.58546
0.6394959 131.44333
0.6414943 134.65268
0.6434927 137.36752
0.6454911 139.70089
0.6474895 141.73527
0.6494879 143.53125
0.6514863 145.13385
0.6534847 146.57704
0.6554831 147.88687
0.6574815 149.08369
0.6594799 150.1836
0.6614783 151.1996
0.6634767 152.14228
0.6654751 153.0204
0.66747349 153.84128
0.66947189 154.61109
0.67147029 155.33512
0.67346869 156.01788
0.67546709 156.66328
0.67746549 157.27473
0.67946389 157.85521
0.68146229 158.40733
0.68346069 158.9334
0.68545909 159.43547
0.68745749 159.91538
0.68945589 160.37475
0.69145429 160.81503
0.69345269 161.23755
0.69545109 161.64348
0.69744949 162.0339
0.69944789 162.40977
0.70144629 162.77198
0.70344469 163.12132
0.70544309 163.45853
0.70744149 163.78428
0.70943989 164.09919
0.71143829 164.40381
0.71343669 164.69867
0.71543509 164.98425
0.71743349 165.26099
0.71943189 165.52931
0.72143029 165.78959
0.72342869 166.04219
0.72542709 166.28744
0.72742549 166.52566
0.72942388 166.75713
0.73142228 166.98213
0.73342068 167.20092
0.73541908 167.41373
0.73741748 167.62081
0.73941588 167.82236
0.74141428 168.01859
0.74341268 168.2097
0.74541108 168.39586
0.74740948 168.57726
0.74940788 168.75405
0.75140628 168.9264
0.75340468 169.09446
0.75540308 169.25838
0.75740148 169.41828
0.75939988 169.5743
0.76139828 169.72657
0.76339668 169.87521
0.76539508 170.02034
0.76739348 170.16206
0.76939188 170.30048
0.77139028 170.4357
0.77338868 170.56783
0.77538708 170.69695
0.77738548 170.82316
0.77938388 170.94654
0.78138228 171.06718
0.78338068 171.18516
0.78537908 171.30056
0.78737748 171.41345
0.78937588 171.52391
0.79137427 171.632
0.79337267 171.73779
0.79537107 171.84135
0.79736947 171.94274
0.79936787 172.04203
0.80136627 172.13926
0.80336467 172.2345
0.80536307 172.32779
0.80736147 172.41921
0.80935987 172.50878
0.81135827 172.59657
0.81335667 172.68262
0.81535507 172.76698
0.81735347 172.84969
0.81935187 172.9308
0.82135027 173.01034
0.82334867 173.08836
0.82534707 173.1649
0.82734547 173.23999
0.82934387 173.31367
0.83134227 173.38597
0.83334067 173.45694
0.83533907 173.5266
0.83733747 173.59499
0.83933587 173.66213
0.84133427 173.72806
0.84333267 173.7928
0.84533107 173.85639
0.84732947 173.91885
0.84932787 173.98021
0.85132627 174.0405
0.85332466 174.09973
0.85532306 174.15794
0.85732146 174.21515
0.85931986 174.27138
0.86131826 174.32665
0.86331666 174.38098
0.86531506 174.4344
0.86731346 174.48693
0.86931186 174.53858
0.87131026 174.58937
0.87330866 174.63933
0.87530706 174.68847
0.87730546 174.73681
0.87930386 174.78437
0.88130226 174.83116
0.88330066 174.87719
0.88529906 174.9225
0.88729746 174.96708
0.88929586 175.01096
0.89129426 175.05414
0.89329266 175.09666
0.89529106 175.1385
0.89728946 175.1797
0.89928786 175.22027
0.90128626 175.26021
0.90328466 175.29953
0.90528306 175.33826
0.90728146 175.37641
0.90927986 175.41397
0.91127826 175.45097
0.91327666 175.48742
0.91527506 175.52333
0.91727345 175.5587
0.91927185 175.59355
0.92127025 175.62788
0.92326865 175.66171
0.92526705 175.69505
0.92726545 175.72791
0.92926385 175.76028
0.93126225 175.79219
0.93326065 175.82365
0.93525905 175.85465
0.93725745 175.88521
0.93925585 175.91533
0.94125425 175.94503
0.94325265 175.97431
0.94525105 176.00318
0.94724945 176.03164
0.94924785 176.05971
0.95124625 176.08738
0.95324465 176.11467
0.95524305 176.14159
0.95724145 176.16813
0.95923985 176.19431
0.96123825 176.22014
0.96323665 176.24561
0.96523505 176.27073
0.96723345 176.29552
0.96923185 176.31997
0.97123025 176.34409
0.97322865 176.36789
0.97522705 176.39137
0.97722545 176.41454
0.97922384 176.4374
0.98122224 176.45995
0.98322064 176.48221
0.98521904 176.50418
0.98721744 176.52586
0.98921584 176.54725
0.99121424 176.56837
0.99321264 176.58921
0.99521104 176.60978
0.99720944 176.63008
0.99920784 176.65013
1.0012062 176.66991
1.0032046 176.68944
1.005203 176.70873
1.0072014 176.72776
1.0091998 176.74656
1.0111982 176.76511
1.0131966 176.78344
1.015195 176.80153
1.0171934 176.81939
1.0191918 176.83703
1.0211902 176.85445
1.0231886 176.87165
1.025187 176.88864
1.0271854 176.90542
1.0291838 176.92199
1.0311822 176.93835
1.0331806 176.95452
1.035179 176.97048
1.0371774 176.98625
1.0391758 177.00183
1.0411742 177.01722
1.0431726 177.03242
1.045171 177.04744
1.0471694 177.06227
1.0491678 177.07693
1.0511662 177.09141
1.0531646 177.10571
1.055163 177.11985
1.0571614 177.13382
1.0591598 177.14762
1.0611582 177.16125
1.0631566 177.17473
1.065155 177.18804
1.0671534 177.2012
1.0691518 177.21421
1.0711502 177.22706
1.0731486 177.23976
1.075147 177.25231
1.0771454 177.26472
1.0791438 177.27698
1.0811422 177.2891
1.0831406 177.30108
1.085139 177.31292
1.0871374 177.32463
1.0891358 177.3362
1.0911342 177.34763
1.0931326 177.35894
1.095131 177.37012
1.0971294 177.38117
1.0991278 177.3921
1.1011262 177.4029
1.1031246 177.41358
1.105123 177.42414
1.1071214 177.43458
1.1091198 177.4449
1.1111182 177.45511
1.1131166 177.4652
1.115115 177.47518
1.1171134 177.48505
1.1191118 177.49482
1.1211102 177.50447
1.1231086 177.51401
1.125107 177.52345
1.1271054 177.53279
1.1291038 177.54203
1.1311022 177.55116
1.1331006 177.56019
1.135099 177.56913
1.1370974 177.57796
1.1390958 177.58671
1.1410942 177.59535
1.1430926 177.60391
1.145091 177.61237
1.1470894 177.62074
1.1490878 177.62902
1.1510862 177.63721
1.1530846 177.64531
1.155083 177.65333
1.1570814 177.66126
1.1590798 177.66911
1.1610782 177.67688
1.1630766 177.68456
1.165075 177.69216
1.1670734 177.69968
1.1690718 177.70712
1.1710702 177.71449
1.1730686 177.72178
1.175067 177.72899
1.1770654 177.73612
1.1790638 177.74318
1.1810622 177.75017
1.1830606 177.75709
1.185059 177.76393
1.1870574 177.77071
1.1890558 177.77741
1.1910542 177.78405
1.1930526 177.79062
1.195051 177.79712
1.1970494 177.80355
1.1990478 177.80992
1.2010462 177.81622
1.2030446 177.82246
1.205043 177.82864
1.2070414 177.83475
1.2090398 177.84081
1.2110382 177.8468
1.2130366 177.85273
1.215035 177.8586
1.2170334 177.86441
1.2190318 177.87017
1.2210302 177.87587
1.2230286 177.88151
1.225027 177.8871
1.2270254 177.89263
1.2290238 177.8981
1.2310222 177.90352
1.2330206 177.90889
1.235019 177.91421
1.2370174 177.91947
1.2390158 177.92468
1.2410142 177.92984
1.2430126 177.93496
1.245011 177.94002
1.2470094 177.94503
1.2490078 177.94999
1.2510062 177.95491
1.2530046 177.95978
1.255003 177.9646
1.2570014 177.96937
1.2589998 177.9741
1.2609982 177.97879
1.2629966 177.98343
1.264995 177.98802
1.2669934 177.99257
1.2689918 177.99708
1.2709902 178.00155
1.2729886 178.00597
1.274987 178.01035
1.2769854 178.01469
1.2789838 178.01899
1.2809822 178.02325
1.2829806 178.02747
1.284979 178.03165
1.2869774 178.03579
1.2889758 178.03989
1.2909742 178.04396
1.2929726 178.04799
1.294971 178.05197
1.2969694 178.05593
1.2989678 178.05984
1.3009662 178.06372
1.3029646 178.06757
1.304963 178.07138
1.3069614 178.07515
1.3089598 178.07889
1.3109582 178.0826
1.3129566 178.08627
1.314955 178.08991
1.3169534 178.09351
1.3189518 178.09709
1.3209502 178.10063
1.3229486 178.10413
1.324947 178.10761
1.3269454 178.11106
1.3289438 178.11447
1.3309422 178.11786
1.3329406 178.12121
1.334939 178.12454
1.3369374 178.12783
1.3389358 178.1311
1.3409342 178.13433
1.3429326 178.13754
1.344931 178.14072
1.3469294 178.14387
1.3489278 178.147
1.3509262 178.15009
1.3529246 178.15316
1.354923 178.1562
1.3569214 178.15922
1.3589198 178.16221
1.3609182 178.16517
1.3629166 178.16811
1.364915 178.17102
1.3669134 178.17391
1.3689118 178.17677
1.3709102 178.17961
1.3729086 178.18242
1.374907 178.18521
1.3769054 178.18798
1.3789038 178.19072
1.3809022 178.19344
1.3829006 178.19613
1.384899 178.1988
1.3868974 178.20145
1.3888958 178.20408
1.3908942 178.20668
1.3928926 178.20926
1.394891 178.21182
1.3968894 178.21436
1.3988878 178.21688
1.4008862 178.21938
1.4028846 178.22185
1.404883 178.22431
1.4068814 178.22674
1.4088798 178.22915
1.4108782 178.23155
1.4128766 178.23392
1.414875 178.23627
1.4168734 178.23861
1.4188718 178.24092
1.4208702 178.24322
1.4228686 178.2455
1.424867 178.24776
1.4268654 178.25
1.4288638 178.25222
1.4308622 178.25442
1.4328606 178.25661
1.434859 178.25877
1.4368574 178.26092
1.4388558 178.26305
1.4408542 178.26517
1.4428526 178.26727
1.444851 178.26935
1.4468494 178.27141
1.4488478 178.27346
1.4508462 178.27549
1.4528446 178.27751
1.454843 178.2795
1.4568414 178.28149
1.4588398 178.28345
1.4608382 178.2854
1.4628366 178.28734
1.464835 178.28926
1.4668334 178.29116
1.4688318 178.29305
1.4708302 178.29493
1.4728286 178.29679
1.474827 178.29863
1.4768254 178.30046
1.4788238 178.30228
1.4808222 178.30408
1.4828206 178.30587
1.484819 178.30764
1.4868174 178.3094
1.4888158 178.31115
1.4908142 178.31288
1.4928126 178.3146
1.494811 178.31631
1.4968094 178.318
1.4988078 178.31968
1.5008062 178.32134
1.5028046 178.323
1.504803 178.32464
1.5068014 178.32627
1.5087998 178.32788
1.5107982 178.32949
1.5127966 178.33108
1.514795 178.33266
1.5167934 178.33422
1.5187918 178.33578
1.5207902 178.33732
1.5227886 178.33885
1.524787 178.34037
1.5267854 178.34188
1.5287838 178.34338
1.5307822 178.34486
1.5327806 178.34634
1.534779 178.3478
1.5367774 178.34925
1.5387758 178.35069
1.5407742 178.35212
1.5427726 178.35354
1.544771 178.35495
1.5467694 178.35635
1.5487678 178.35774
1.5507662 178.35912
1.5527646 178.36048
1.554763 178.36184
1.5567614 178.36319
1.5587598 178.36453
1.5607582 178.36585
1.5627566 178.36717
1.564755 178.36848
1.5667534 178.36978
1.5687518 178.37107
1.5707502 178.37235
1.5727485 178.37362
1.5747469 178.37488
1.5767453 178.37613
1.5787437 178.37737
1.5807421 178.3786
1.5827405 178.37983
1.5847389 178.38104
1.5867373 178.38225
1.5887357 178.38345
1.5907341 178.38464
1.5927325 178.38582
1.5947309 178.38699
1.5967293 178.38816
1.5987277 178.38931
1.6007261 178.39046
1.6027245 178.3916
1.6047229 178.39273
1.6067213 178.39385
1.6087197 178.39497
1.6107181 178.39607
1.6127165 178.39717
1.6147149 178.39826
1.6167133 178.39935
1.6187117 178.40042
1.6207101 178.40149
1.6227085 178.40255
1.6247069 178.40361
1.6267053 178.40465
1.6287037 178.40569
1.6307021 178.40672
1.6327005 178.40774
1.6346989 178.40876
1.6366973 178.40977
1.6386957 178.41077
1.6406941 178.41177
1.6426925 178.41276
1.6446909 178.41374
1.6466893 178.41471
1.6486877 178.41568
1.6506861 178.41664
1.6526845 178.4176
1.6546829 178.41855
1.6566813 178.41949
1.6586797 178.42042
1.6606781 178.42135
1.6626765 178.42227
1.6646749 178.42319
1.6666733 178.4241
1.6686717 178.425
1.6706701 178.4259
1.6726685 178.42679
1.6746669 178.42768
1.6766653 178.42856
1.6786637 178.42943
1.6806621 178.4303
1.6826605 178.43116
1.6846589 178.43201
1.6866573 178.43286
1.6886557 178.43371
1.6906541 178.43455
1.6926525 178.43538
1.6946509 178.43621
1.6966493 178.43703
1.6986477 178.43784
1.7006461 178.43865
1.7026445 178.43946
1.7046429 178.44026
1.7066413 178.44105
1.7086397 178.44184
1.7106381 178.44262
1.7126365 178.4434
1.7146349 178.44418
1.7166333 178.44494
1.7186317 178.44571
1.7206301 178.44647
1.7226285 178.44722
1.7246269 178.44797
1.7266253 178.44871
1.7286237 178.44945
1.7306221 178.45018
1.7326205 178.45091
1.7346189 178.45163
1.7366173 178.45235
1.7386157 178.45307
1.7406141 178.45378
1.7426125 178.45448
1.7446109 178.45518
1.7466093 178.45588
1.7486077 178.45657
1.7506061 178.45726
1.7526045 178.45794
1.7546029 178.45862
1.7566013 178.45929
1.7585997 178.45996
1.7605981 178.46062
1.7625965 178.46128
1.7645949 178.46194
1.7665933 178.46259
1.7685917 178.46324
1.7705901 178.46388
1.7725885 178.46452
1.7745869 178.46516
1.7765853 178.46579
1.7785837 178.46642
1.7805821 178.46704
1.7825805 178.46766
1.7845789 178.46827
1.7865773 178.46889
1.7885757 178.46949
1.7905741 178.4701
1.7925725 178.4707
1.7945709 178.47129
1.7965693 178.47189
1.7985677 178.47247
1.8005661 178.47306
1.8025645 178.47364
1.8045629 178.47422
1.8065613 178.47479
1.8085597 178.47536
1.8105581 178.47593
1.8125565 178.47649
1.8145549 178.47705
1.8165533 178.47761
1.8185517 178.47816
1.8205501 178.47871
1.8225485 178.47925
1.8245469 178.4798
1.8265453 178.48034
1.8285437 178.48087
1.8305421 178.4814
1.8325405 178.48193
1.8345389 178.48246
1.8365373 178.48298
1.8385357 178.4835
1.8405341 178.48401
1.8425325 178.48453
1.8445309 178.48504
1.8465293 178.48554
1.8485277 178.48605
1.8505261 178.48655
1.8525245 178.48704
1.8545229 178.48754
1.8565213 178.48803
1.8585197 178.48852
1.8605181 178.489
1.8625165 178.48948
1.8645149 178.48996
1.8665133 178.49044
1.8685117 178.49091
1.8705101 178.49138
1.8725085 178.49185
1.8745069 178.49231
1.8765053 178.49278
1.8785037 178.49324
1.8805021 178.49369
1.8825005 178.49414
1.8844989 178.4946
1.8864973 178.49504
1.8884957 178.49549
1.8904941 178.49593
1.8924925 178.49637
1.8944909 178.49681
1.8964893 178.49724
1.8984877 178.49768
1.9004861 178.4981
1.9024845 178.49853
1.9044829 178.49896
1.9064813 178.49938
1.9084797 178.4998
1.9104781 178.50021
1.9124765 178.50063
1.9144749 178.50104
1.9164733 178.50145
1.9184717 178.50186
1.9204701 178.50226
1.9224685 178.50266
1.9244669 178.50306
1.9264653 178.50346
1.9284637 178.50385
1.9304621 178.50425
1.9324605 178.50464
1.9344589 178.50503
1.9364573 178.50541
1.9384557 178.50579
1.9404541 178.50618
1.9424525 178.50655
1.9444509 178.50693
1.9464493 178.50731
1.9484477 178.50768
1.9504461 178.50805
1.9524445 178.50842
1.9544429 178.50878
1.9564413 178.50915
1.9584397 178.50951
1.9604381 178.50987
1.9624365 178.51022
1.9644349 178.51058
1.9664333 178.51093
1.9684317 178.51128
1.9704301 178.51163
1.9724285 178.51198
1.9744269 178.51232
1.9764253 178.51267
1.9784237 178.51301
1.9804221 178.51335
1.9824205 178.51368
1.9844189 178.51402
1.9864173 178.51435
1.9884157 178.51468
1.9904141 178.51501
1.9924125 178.51534
1.9944109 178.51566
1.9964093 178.51599
1.9984077 178.51631
2.0004061 178.51663
2.0024045 178.51695
2.0044029 178.51726
2.0064013 178.51758
2.0083997 178.51789
2.0103981 178.5182
2.0123965 178.51851
2.0143949 178.51882
2.0163933 178.51912
2.0183917 178.51943
2.0203901 178.51973
2.0223885 178.52003
2.0243869 178.52033
2.0263853 178.52063
2.0283837 178.52092
2.0303821 178.52121
2.0323805 178.52151
2.0343789 178.5218
2.0363773 178.52209
2.0383757 178.52237
2.0403741 178.52266
2.0423725 178.52294
2.0443709 178.52322
2.0463693 178.5235
2.0483677 178.52378
2.0503661 178.52406
2.0523645 178.52434
2.0543629 178.52461
2.0563613 178.52488
2.0583597 178.52515
2.0603581 178.52542
2.0623565 178.52569
2.0643549 178.52596
2.0663533 178.52622
2.0683517 178.52649
2.0703501 178.52675
2.0723485 178.52701
2.0743469 178.52727
2.0763453 178.52753
2.0783437 178.52778
2.0803421 178.52804
2.0823405 178.52829
2.0843389 178.52854
2.0863373 178.52879
2.0883357 178.52904
2.0903341 178.52929
2.0923325 178.52954
2.0943309 178.52978
2.0963293 178.53003
2.0983277 178.53027
2.1003261 178.53051
2.1023245 178.53075
2.1043229 178.53099
2.1063213 178.53123
2.1083197 178.53146
2.1103181 178.5317
2.1123165 178.53193
2.1143149 178.53216
2.1163133 178.53239
2.1183117 178.53262
2.1203101 178.53285
2.1223085 178.53308
2.1243069 178.5333
2.1263053 178.53353
2.1283037 178.53375
2.1303021 178.53397
2.1323005 178.53419
2.1342989 178.53441
2.1362973 178.53463
2.1382957 178.53485
2.1402941 178.53506
2.1422925 178.53528
2.1442909 178.53549
2.1462893 178.5357
2.1482877 178.53591
2.1502861 178.53612
2.1522845 178.53633
2.1542829 178.53654
2.1562813 178.53675
2.1582797 178.53695
2.1602781 178.53716
2.1622765 178.53736
2.1642749 178.53756
2.1662733 178.53776
2.1682717 178.53796
2.1702701 178.53816
2.1722685 178.53836
2.1742669 178.53856
2.1762653 178.53875
2.1782637 178.53895
2.1802621 178.53914
2.1822605 178.53933
2.1842589 178.53952
2.1862573 178.53971
2.1882557 178.5399
2.1902541 178.54009
2.1922525 178.54028
2.1942509 178.54046
2.1962492 178.54065
2.1982476 178.54083
2.200246 178.54102
2.2022444 178.5412
2.2042428 178.54138
2.2062412 178.54156
2.2082396 178.54174
2.210238 178.54192
2.2122364 178.5421
2.2142348 178.54227
2.2162332 178.54245
2.2182316 178.54262
2.22023 178.5428
2.2222284 178.54297
2.2242268 178.54314
2.2262252 178.54331
2.2282236 178.54348
2.230222 178.54365
2.2322204 178.54382
2.2342188 178.54399
2.2362172 178.54415
2.2382156 178.54432
2.240214 178.54448
2.2422124 178.54465
2.2442108 178.54481
2.2462092 178.54497
2.2482076 178.54513
2.250206 178.54529
2.2522044 178.54545
2.2542028 178.54561
2.2562012 178.54577
2.2581996 178.54592
2.260198 178.54608
2.2621964 178.54624
2.2641948 178.54639
2.2661932 178.54654
2.2681916 178.5467
2.27019 178.54685
2.2721884 178.547
2.2741868 178.54715
2.2761852 178.5473
2.2781836 178.54745
2.280182 178.5476
2.2821804 178.54774
2.2841788 178.54789
2.2861772 178.54803
2.2881756 178.54818
2.290174 178.54832
2.2921724 178.54847
2.2941708 178.54861
2.2961692 178.54875
2.2981676 178.54889
2.300166 178.54903
2.3021644 178.54917
2.3041628 178.54931
2.3061612 178.54945
2.3081596 178.54959
2.310158 178.54972
2.3121564 178.54986
2.3141548 178.54999
2.3161532 178.55013
2.3181516 178.55026
2.32015 178.55039
2.3221484 178.55053
2.3241468 178.55066
2.3261452 178.55079
2.3281436 178.55092
2.330142 178.55105
2.3321404 178.55118
2.3341388 178.55131
2.3361372 178.55143
2.3381356 178.55156
2.340134 178.55169
2.3421324 178.55181
2.3441308 178.55194
2.3461292 178.55206
2.3481276 178.55218
2.350126 178.55231
2.3521244 178.55243
2.3541228 178.55255
2.3561212 178.55267
2.3581196 178.55279
2.360118 178.55291
2.3621164 178.55303
2.3641148 178.55315
2.3661132 178.55327
2.3681116 178.55338
2.37011 178.5535
2.3721084 178.55362
2.3741068 178.55373
2.3761052 178.55385
2.3781036 178.55396
2.380102 178.55407
2.3821004 178.55419
2.3840988 178.5543
2.3860972 178.55441
2.3880956 178.55452
2.390094 178.55463
2.3920924 178.55474
2.3940908 178.55485
2.3960892 178.55496
2.3980876 178.55507
2.400086 178.55518
2.4020844 178.55528
2.4040828 178.55539
2.4060812 178.5555
2.4080796 178.5556
2.410078 178.55571
2.4120764 178.55581
2.4140748 178.55592
2.4160732 178.55602
2.4180716 178.55612
2.42007 178.55622
2.4220684 178.55633
2.4240668 178.55643
2.4260652 178.55653
2.4280636 178.55663
2.430062 178.55673
2.4320604 178.55683
2.4340588 178.55692
2.4360572 178.55702
2.4380556 178.55712
2.440054 178.55722
2.4420524 178.55731
2.4440508 178.55741
2.4460492 178.55751
2.4480476 178.5576
2.450046 178.55769
2.4520444 178.55779
2.4540428 178.55788
2.4560412 178.55798
2.4580396 178.55807
2.460038 178.55816
2.4620364 178.55825
2.4640348 178.55834
2.4660332 178.55843
2.4680316 178.55852
2.47003 178.55861
2.4720284 178.5587
2.4740268 178.55879
2.4760252 178.55888
2.4780236 178.55897
2.480022 178.55905
2.4820204 178.55914
2.4840188 178.55923
2.4860172 178.55931
2.4880156 178.5594
2.490014 178.55948
2.4920124 178.55957
2.4940108 178.55965
2.4960092 178.55974
2.4980076 178.55982
2.500006 178.5599
2.5020044 178.55999
2.5040028 178.56007
2.5060012 178.56015
2.5079996 178.56023
2.509998 178.56031
2.5119964 178.56039
2.5139948 178.56047
2.5159932 178.56055
2.5179916 178.56063
2.51999 178.56071
2.5219884 178.56079
2.5239868 178.56086
2.5259852 178.56094
2.5279836 178.56102
2.529982 178.5611
2.5319804 178.56117
2.5339788 178.56125
2.5359772 178.56132
2.5379756 178.5614
2.539974 178.56147
2.5419724 178.56155
2.5439708 178.56162
2.5459692 178.56169
2.5479676 178.56177
2.549966 178.56184
2.5519644 178.56191
2.5539628 178.56198
2.5559612 178.56206
2.5579596 178.56213
2.559958 178.5622
2.5619564 178.56227
2.5639548 178.56234
2.5659532 178.56241
2.5679516 178.56248
2.56995 178.56255
2.5719484 178.56261
2.5739468 178.56268
2.5759452 178.56275
2.5779436 178.56282
2.579942 178.56289
2.5819404 178.56295
2.5839388 178.56302
2.5859372 178.56309
2.5879356 178.56315
2.589934 178.56322
2.5919324 178.56328
2.5939308 178.56335
2.5959292 178.56341
2.5979276 178.56347
2.599926 178.56354
2.6019244 178.5636
2.6039228 178.56366
2.6059212 178.56373
2.6079196 178.56379
2.609918 178.56385
2.6119164 178.56391
2.6139148 178.56397
2.6159132 178.56404
2.6179116 178.5641
2.61991 178.56416
2.6219084 178.56422
2.6239068 178.56428
2.6259052 178.56434
2.6279036 178.5644
2.629902 178.56445
2.6319004 178.56451
2.6338988 178.56457
2.6358972 178.56463
2.6378956 178.56469
2.639894 178.56474
2.6418924 178.5648
2.6438908 178.56486
2.6458892 178.56491
2.6478876 178.56497
2.649886 178.56503
2.6518844 178.56508
2.6538828 178.56514
2.6558812 178.56519
2.6578796 178.56525
2.659878 178.5653
2.6618764 178.56535
2.6638748 178.56541
2.6658732 178.56546
2.6678716 178.56551
2.66987 178.56557
2.6718684 178.56562
2.6738668 178.56567
2.6758652 178.56572
2.6778636 178.56578
2.679862 178.56583
2.6818604 178.56588
2.6838588 178.56593
2.6858572 178.56598
2.6878556 178.56603
2.689854 178.56608
2.6918524 178.56613
2.6938508 178.56618
2.6958492 178.56623
2.6978476 178.56628
2.699846 178.56633
2.7018444 178.56638
2.7038428 178.56642
2.7058412 178.56647
2.7078396 178.56652
2.709838 178.56657
2.7118364 178.56661
2.7138348 178.56666
2.7158332 178.56671
2.7178316 178.56675
2.71983 178.5668
2.7218284 178.56685
2.7238268 178.56689
2.7258252 178.56694
2.7278236 178.56698
2.729822 178.56703
2.7318204 178.56707
2.7338188 178.56712
2.7358172 178.56716
2.7378156 178.5672
2.739814 178.56725
2.7418124 178.56729
2.7438108 178.56734
2.7458092 178.56738
2.7478076 178.56742
2.749806 178.56746
2.7518044 178.56751
2.7538028 178.56755
2.7558012 178.56759
2.7577996 178.56763
2.759798 178.56767
2.7617964 178.56771
2.7637948 178.56775
2.7657932 178.5678
2.7677916 178.56784
2.76979 178.56788
2.7717884 178.56792
2.7737868 178.56796
2.7757852 178.568
2.7777836 178.56803
2.779782 178.56807
2.7817804 178.56811
2.7837788 178.56815
2.7857772 178.56819
2.7877756 178.56823
2.789774 178.56827
2.7917724 178.5683
2.7937708 178.56834
2.7957692 178.56838
2.7977676 178.56842
2.799766 178.56845
2.8017644 178.56849
2.8037628 178.56853
2.8057612 178.56856
2.8077596 178.5686
2.809758 178.56864
2.8117564 178.56867
2.8137548 178.56871
2.8157532 178.56874
2.8177516 178.56878
2.8197499 178.56881
2.8217483 178.56885
2.8237467 178.56888
2.8257451 178.56892
2.8277435 178.56895
2.8297419 178.56898
2.8317403 178.56902
2.8337387 178.56905
2.8357371 178.56908
2.8377355 178.56912
2.8397339 178.56915
2.8417323 178.56918
2.8437307 178.56922
2.8457291 178.56925
2.8477275 178.56928
2.8497259 178.56931
2.8517243 178.56935
2.8537227 178.56938
2.8557211 178.56941
2.8577195 178.56944
2.8597179 178.56947
2.8617163 178.5695
2.8637147 178.56953
2.8657131 178.56956
2.8677115 178.56959
2.8697099 178.56962
2.8717083 178.56965
2.8737067 178.56968
2.8757051 178.56971
2.8777035 178.56974
2.8797019 178.56977
2.8817003 178.5698
2.8836987 178.56983
2.8856971 178.56986
2.8876955 178.56989
2.8896939 178.56992
2.8916923 178.56995
2.8936907 178.56997
2.8956891 178.57
2.8976875 178.57003
2.8996859 178.57006
2.9016843 178.57009
2.9036827 178.57011
2.9056811 178.57014
2.9076795 178.57017
2.9096779 178.57019
2.9116763 178.57022
2.9136747 178.57025
2.9156731 178.57027
2.9176715 178.5703
2.9196699 178.57033
2.9216683 178.57035
2.9236667 178.57038
2.9256651 178.5704
2.9276635 178.57043
2.9296619 178.57045
2.9316603 178.57048
2.9336587 178.5705
2.9356571 178.57053
2.9376555 178.57055
2.9396539 178.57058
2.9416523 178.5706
2.9436507 178.57063
2.9456491 178.57065
2.9476475 178.57067
2.9496459 178.5707
2.9516443 178.57072
2.9536427 178.57075
2.9556411 178.57077
2.9576395 178.57079
2.9596379 178.57081
2.9616363 178.57084
2.9636347 178.57086
2.9656331 178.57088
2.9676315 178.57091
2.9696299 178.57093
2.9716283 178.57095
2.9736267 178.57097
2.9756251 178.57099
2.9776235 178.57102
2.9796219 178.57104
2.9816203 178.57106
2.9836187 178.57108
2.9856171 178.5711
2.9876155 178.57112
2.9896139 178.57114
2.9916123 178.57116
2.9936107 178.57119
2.9956091 178.57121
2.9976075 178.57123
2.9996059 178.57125
3.0016043 178.57127
3.0036027 178.57129
3.0056011 178.57131
3.0075995 178.57133
3.0095979 178.57135
3.0115963 178.57137
3.0135947 178.57138
3.0155931 178.5714
3.0175915 178.57142
3.0195899 178.57144
3.0215883 178.57146
3.0235867 178.57148
3.0255851 178.5715
3.0275835 178.57152
3.0295819 178.57154
3.0315803 178.57155
3.0335787 178.57157
3.0355771 178.57159
3.0375755 178.57161
3.0395739 178.57163
3.0415723 178.57164
3.0435707 178.57166
3.0455691 178.57168
3.0475675 178.5717
3.0495659 178.57171
3.0515643 178.57173
3.0535627 178.57175
3.0555611 178.57176
3.0575595 178.57178
3.0595579 178.5718
3.0615563 178.57181
3.0635547 178.57183
3.0655531 178.57185
3.0675515 178.57186
3.0695499 178.57188
3.0715483 178.57189
3.0735467 178.57191
3.0755451 178.57193
3.0775435 178.57194
3.0795419 178.57196
3.0815403 178.57197
3.0835387 178.57199
3.0855371 178.572
3.0875355 178.57202
3.0895339 178.57203
3.0915323 178.57205
3.0935307 178.57206
3.0955291 178.57208
3.0975275 178.57209
3.0995259 178.5721
3.1015243 178.57212
3.1035227 178.57213
3.1055211 178.57215
3.1075195 178.57216
3.1095179 178.57217
3.1115163 178.57219
3.1135147 178.5722
3.1155131 178.57222
3.1175115 178.57223
3.1195099 178.57224
3.1215083 178.57226
3.1235067 178.57227
3.1255051 178.57228
3.1275035 178.57229
3.1295019 178.57231
3.1315003 178.57232
3.1334987 178.57233
3.1354971 178.57235
3.1374955 178.57236
3.1394939 178.57237
3.1414923 178.57238
3.1434907 178.57239
3.1454891 178.57241
3.1474875 178.57242
3.1494859 178.57243
3.1514843 178.57244
3.1534827 178.57245
3.1554811 178.57247
3.1574795 178.57248
3.1594779 178.57249
3.1614763 178.5725
3.1634747 178.57251
3.1654731 178.57252
3.1674715 178.57253
3.1694699 178.57254
3.1714683 178.57255
3.1734667 178.57257
3.1754651 178.57258
3.1774635 178.57259
3.1794619 178.5726
3.1814603 178.57261
3.1834587 178.57262
3.1854571 178.57263
3.1874555 178.57264
3.1894539 178.57265
3.1914523 178.57266
3.1934507 178.57267
3.1954491 178.57268
3.1974475 178.57269
3.1994459 178.5727
3.2014443 178.57271
3.2034427 178.57272
3.2054411 178.57273
3.2074395 178.57273
3.2094379 178.57274
3.2114363 178.57275
3.2134347 178.57276
3.2154331 178.57277
3.2174315 178.57278
3.2194299 178.57279
3.2214283 178.5728
3.2234267 178.57281
3.2254251 178.57281
3.2274235 178.57282
3.2294219 178.57283
3.2314203 178.57284
3.2334187 178.57285
3.2354171 178.57286
3.2374155 178.57286
3.2394139 178.57287
3.2414123 178.57288
3.2434107 178.57289
3.2454091 178.57289
3.2474075 178.5729
3.2494059 178.57291
3.2514043 178.57292
3.2534027 178.57292
3.2554011 178.57293
3.2573995 178.57294
3.2593979 178.57295
3.2613963 178.57295
3.2633947 178.57296
3.2653931 178.57297
3.2673915 178.57297
3.2693899 178.57298
3.2713883 178.57299
3.2733867 178.573
3.2753851 178.573
3.2773835 178.57301
3.2793819 178.57301
3.2813803 178.57302
3.2833787 178.57303
3.2853771 178.57303
3.2873755 178.57304
3.2893739 178.57305
3.2913723 178.57305
3.2933707 178.57306
3.2953691 178.57306
3.2973675 178.57307
3.2993659 178.57308
3.3013643 178.57308
3.3033627 178.57309
3.3053611 178.57309
3.3073595 178.5731
3.3093579 178.5731
3.3113563 178.57311
3.3133547 178.57311
3.3153531 178.57312
3.3173515 178.57312
3.3193499 178.57313
3.3213483 178.57313
3.3233467 178.57314
3.3253451 178.57314
3.3273435 178.57315
3.3293419 178.57315
3.3313403 178.57316
3.3333387 178.57316
3.3353371 178.57317
3.3373355 178.57317
3.3393339 178.57318
3.3413323 178.57318
3.3433307 178.57319
3.3453291 178.57319
3.3473275 178.57319
3.3493259 178.5732
3.3513243 178.5732
3.3533227 178.57321
3.3553211 178.57321
3.3573195 178.57321
3.3593179 178.57322
3.3613163 178.57322
3.3633147 178.57322
3.3653131 178.57323
3.3673115 178.57323
3.3693099 178.57324
3.3713083 178.57324
3.3733067 178.57324
3.3753051 178.57325
3.3773035 178.57325
3.3793019 178.57325
3.3813003 178.57326
3.3832987 178.57326
3.3852971 178.57326
3.3872955 178.57326
3.3892939 178.57327
3.3912923 178.57327
3.3932907 178.57327
3.3952891 178.57328
3.3972875 178.57328
3.3992859 178.57328
3.4012843 178.57328
3.4032827 178.57329
3.4052811 178.57329
3.4072795 178.57329
3.4092779 178.57329
3.4112763 178.5733
3.4132747 178.5733
3.4152731 178.5733
3.4172715 178.5733
3.4192699 178.5733
3.4212683 178.57331
3.4232667 178.57331
3.4252651 178.57331
3.4272635 178.57331
3.4292619 178.57331
3.4312603 178.57332
3.4332587 178.57332
3.4352571 178.57332
3.4372555 178.57332
3.4392539 178.57332
3.4412523 178.57332
3.4432507 178.57333
3.445249 178.57333
3.4472474 178.57333
3.4492458 178.57333
3.4512442 178.57333
3.4532426 178.57333
3.455241 178.57333
3.4572394 178.57333
3.4592378 178.57334
3.4612362 178.57334
3.4632346 178.57334
3.465233 178.57334
3.4672314 178.57334
3.4692298 178.57334
3.4712282 178.57334
3.4732266 178.57334
3.475225 178.57334
3.4772234 178.57334
3.4792218 178.57334
3.4812202 178.57334
3.4832186 178.57335
3.485217 178.57335
3.4872154 178.57335
3.4892138 178.57335
3.4912122 178.57335
3.4932106 178.57335
3.495209 178.57335
3.4972074 178.57335
3.4992058 178.57335
3.5012042 178.57335
3.5032026 178.57335
3.505201 178.57335
3.5071994 178.57335
3.5091978 178.57335
3.5111962 178.57335
3.5131946 178.57335
3.515193 178.57335
3.5171914 178.57335
3.5191898 178.57335
3.5211882 178.57335
3.5231866 178.57335
3.525185 178.57335
3.5271834 178.57334
3.5291818 178.57334
3.5311802 178.57334
3.5331786 178.57334
3.535177 178.57334
3.5371754 178.57334
3.5391738 178.57334
3.5411722 178.57334
3.5431706 178.57334
3.545169 178.57334
3.5471674 178.57334
3.5491658 178.57334
3.5511642 178.57334
3.5531626 178.57333
3.555161 178.57333
3.5571594 178.57333
3.5591578 178.57333
3.5611562 178.57333
3.5631546 178.57333
3.565153 178.57333
3.5671514 178.57333
3.5691498 178.57333
3.5711482 178.57332
3.5731466 178.57332
3.575145 178.57332
3.5771434 178.57332
3.5791418 178.57332
3.5811402 178.57332
3.5831386 178.57331
3.585137 178.57331
3.5871354 178.57331
3.5891338 178.57331
3.5911322 178.57331
3.5931306 178.57331
3.595129 178.5733
3.5971274 178.5733
3.5991258 178.5733
3.6011242 178.5733
3.6031226 178.5733
3.605121 178.57329
3.6071194 178.57329
3.6091178 178.57329
3.6111162 178.57329
3.6131146 178.57329
3.615113 178.57328
3.6171114 178.57328
3.6191098 178.57328
3.6211082 178.57328
3.6231066 178.57327
3.625105 178.57327
3.6271034 178.57327
3.6291018 178.57327
3.6311002 178.57327
3.6330986 178.57326
3.635097 178.57326
3.6370954 178.57326
3.6390938 178.57325
3.6410922 178.57325
3.6430906 178.57325
3.645089 178.57325
3.6470874 178.57324
3.6490858 178.57324
3.6510842 178.57324
3.6530826 178.57324
3.655081 178.57323
3.6570794 178.57323
3.6590778 178.57323
3.6610762 178.57322
3.6630746 178.57322
3.665073 178.57322
3.6670714 178.57322
3.6690698 178.57321
3.6710682 178.57321
3.6730666 178.57321
3.675065 178.5732
3.6770634 178.5732
3.6790618 178.5732
3.6810602 178.57319
3.6830586 178.57319
3.685057 178.57319
3.6870554 178.57318
3.6890538 178.57318
3.6910522 178.57318
3.6930506 178.57317
3.695049 178.57317
3.6970474 178.57317
3.6990458 178.57316
3.7010442 178.57316
3.7030426 178.57315
3.705041 178.57315
3.7070394 178.57315
3.7090378 178.57314
3.7110362 178.57314
3.7130346 178.57314
3.715033 178.57313
3.7170314 178.57313
3.7190298 178.57312
3.7210282 178.57312
3.7230266 178.57312
3.725025 178.57311
3.7270234 178.57311
3.7290218 178.57311
3.7310202 178.5731
3.7330186 178.5731
3.735017 178.57309
3.7370154 178.57309
3.7390138 178.57308
3.7410122 178.57308
3.7430106 178.57308
3.745009 178.57307
3.7470074 178.57307
3.7490058 178.57306
3.7510042 178.57306
3.7530026 178.57306
3.755001 178.57305
3.7569994 178.57305
3.7589978 178.57304
3.7609962 178.57304
3.7629946 178.57303
3.764993 178.57303
3.7669914 178.57302
3.7689898 178.57302
3.7709882 178.57302
3.7729866 178.57301
3.774985 178.57301
3.7769834 178.573
3.7789818 178.573
3.7809802 178.57299
3.7829786 178.57299
3.784977 178.57298
3.7869754 178.57298
3.7889738 178.57297
3.7909722 178.57297
3.7929706 178.57296
3.794969 178.57296
3.7969674 178.57295
3.7989658 178.57295
3.8009642 178.57294
3.8029626 178.57294
3.804961 178.57293
3.8069594 178.57293
3.8089578 178.57292
3.8109562 178.57292
3.8129546 178.57291
3.814953 178.57291
3.8169514 178.5729
3.8189498 178.5729
3.8209482 178.57289
3.8229466 178.57289
3.824945 178.57288
3.8269434 178.57288
3.8289418 178.57287
3.8309402 178.57287
3.8329386 178.57286
3.834937 178.57286
3.8369354 178.57285
3.8389338 178.57285
3.8409322 178.57284
3.8429306 178.57284
3.844929 178.57283
3.8469274 178.57283
3.8489258 178.57282
3.8509242 178.57281
3.8529226 178.57281
3.854921 178.5728
3.8569194 178.5728
3.8589178 178.57279
3.8609162 178.57279
3.8629146 178.57278
3.864913 178.57278
3.8669114 178.57277
3.8689098 178.57276
3.8709082 178.57276
3.8729066 178.57275
3.874905 178.57275
3.8769034 178.57274
3.8789018 178.57274
3.8809002 178.57273
3.8828986 178.57272
3.884897 178.57272
3.8868954 178.57271
3.8888938 178.57271
3.8908922 178.5727
3.8928906 178.57269
3.894889 178.57269
3.8968874 178.57268
3.8988858 178.57268
3.9008842 178.57267
3.9028826 178.57266
3.904881 178.57266
3.9068794 178.57265
3.9088778 178.57265
3.9108762 178.57264
3.9128746 178.57263
3.914873 178.57263
3.9168714 178.57262
3.9188698 178.57262
3.9208682 178.57261
3.9228666 178.5726
3.924865 178.5726
3.9268634 178.57259
3.9288618 178.57259
3.9308602 178.57258
3.9328586 178.57257
3.934857 178.57257
3.9368554 178.57256
3.9388538 178.57255
3.9408522 178.57255
3.9428506 178.57254
3.944849 178.57253
3.9468474 178.57253
3.9488458 178.57252
3.9508442 178.57252
3.9528426 178.57251
3.954841 178.5725
3.9568394 178.5725
3.9588378 178.57249
3.9608362 178.57248
3.9628346 178.57248
3.964833 178.57247
3.9668314 178.57246
3.9688298 178.57246
3.9708282 178.57245
3.9728266 178.57244
3.974825 178.57244
3.9768234 178.57243
3.9788218 178.57242
3.9808202 178.57242
3.9828186 178.57241
3.984817 178.5724
3.9868154 178.5724
3.9888138 178.57239
3.9908122 178.57238
3.9928106 178.57238
3.994809 178.57237
3.9968074 178.57236
3.9988058 178.57236
4.0008042 178.57235
4.0028026 178.57234
4.004801 178.57234
4.0067994 178.57233
4.0087978 178.57232
4.0107962 178.57231
4.0127946 178.57231
4.014793 178.5723
4.0167914 178.57229
4.0187898 178.57229
4.0207882 178.57228
4.0227866 178.57227
4.024785 178.57227
4.0267834 178.57226
4.0287818 178.57225
4.0307802 178.57224
4.0327786 178.57224
4.034777 178.57223
4.0367754 178.57222
4.0387738 178.57222
4.0407722 178.57221
4.0427706 178.5722
4.044769 178.57219
4.0467674 178.57219
4.0487658 178.57218
4.0507642 178.57217
4.0527626 178.57217
4.054761 178.57216
4.0567594 178.57215
4.0587578 178.57214
4.0607562 178.57214
4.0627546 178.57213
4.064753 178.57212
4.0667514 178.57212
4.0687497 178.57211
4.0707481 178.5721
4.0727465 178.57209
4.0747449 178.57209
4.0767433 178.57208
4.0787417 178.57207
4.0807401 178.57206
4.0827385 178.57206
4.0847369 178.57205
4.0867353 178.57204
4.0887337 178.57203
4.0907321 178.57203
4.0927305 178.57202
4.0947289 178.57201
4.0967273 178.572
4.0987257 178.572
4.1007241 178.57199
4.1027225 178.57198
4.1047209 178.57197
4.1067193 178.57197
4.1087177 178.57196
4.1107161 178.57195
4.1127145 178.57194
4.1147129 178.57194
4.1167113 178.57193
4.1187097 178.57192
4.1207081 178.57191
4.1227065 178.57191
4.1247049 178.5719
4.1267033 178.57189
4.1287017 178.57188
4.1307001 178.57187
4.1326985 178.57187
4.1346969 178.57186
4.1366953 178.57185
4.1386937 178.57184
4.1406921 178.57184
4.1426905 178.57183
4.1446889 178.57182
4.1466873 178.57181
4.1486857 178.57181
4.1506841 178.5718
4.1526825 178.57179
4.1546809 178.57178
4.1566793 178.57177
4.1586777 178.57177
4.1606761 178.57176
4.1626745 178.57175
4.1646729 178.57174
4.1666713 178.57173
4.1686697 178.57173
4.1706681 178.57172
4.1726665 178.57171
4.1746649 178.5717
4.1766633 178.57169
4.1786617 178.57169
4.1806601 178.57168
4.1826585 178.57167
4.1846569 178.57166
4.1866553 178.57166
4.1886537 178.57165
4.1906521 178.57164
4.1926505 178.57163
4.1946489 178.57162
4.1966473 178.57161
4.1986457 178.57161
4.2006441 178.5716
4.2026425 178.57159
4.2046409 178.57158
4.2066393 178.57157
4.2086377 178.57157
4.2106361 178.57156
4.2126345 178.57155
4.2146329 178.57154
4.2166313 178.57153
4.2186297 178.57153
4.2206281 178.57152
4.2226265 178.57151
4.2246249 178.5715
4.2266233 178.57149
4.2286217 178.57148
4.2306201 178.57148
4.2326185 178.57147
4.2346169 178.57146
4.2366153 178.57145
4.2386137 178.57144
4.2406121 178.57144
4.2426105 178.57143
4.2446089 178.57142
4.2466073 178.57141
4.2486057 178.5714
4.2506041 178.57139
4.2526025 178.57139
4.2546009 178.57138
4.2565993 178.57137
4.2585977 178.57136
4.2605961 178.57135
4.2625945 178.57134
4.2645929 178.57134
4.2665913 178.57133
4.2685897 178.57132
4.2705881 178.57131
4.2725865 178.5713
4.2745849 178.57129
4.2765833 178.57129
4.2785817 178.57128
4.2805801 178.57127
4.2825785 178.57126
4.2845769 178.57125
4.2865753 178.57124
4.2885737 178.57124
4.2905721 178.57123
4.2925705 178.57122
4.2945689 178.57121
4.2965673 178.5712
4.2985657 178.57119
4.3005641 178.57118
4.3025625 178.57118
4.3045609 178.57117
4.3065593 178.57116
4.3085577 178.57115
4.3105561 178.57114
4.3125545 178.57113
4.3145529 178.57112
4.3165513 178.57112
4.3185497 178.57111
4.3205481 178.5711
4.3225465 178.57109
4.3245449 178.57108
4.3265433 178.57107
4.3285417 178.57107
4.3305401 178.57106
4.3325385 178.57105
4.3345369 178.57104
4.3365353 178.57103
4.3385337 178.57102
4.3405321 178.57101
4.3425305 178.571
4.3445289 178.571
4.3465273 178.57099
4.3485257 178.57098
4.3505241 178.57097
4.3525225 178.57096
4.3545209 178.57095
4.3565193 178.57094
4.3585177 178.57094
4.3605161 178.57093
4.3625145 178.57092
4.3645129 178.57091
4.3665113 178.5709
4.3685097 178.57089
4.3705081 178.57088
4.3725065 178.57087
4.3745049 178.57087
4.3765033 178.57086
4.3785017 178.57085
4.3805001 178.57084
4.3824985 178.57083
4.3844969 178.57082
4.3864953 178.57081
4.3884937 178.5708
4.3904921 178.5708
4.3924905 178.57079
4.3944889 178.57078
4.3964873 178.57077
4.3984857 178.57076
4.4004841 178.57075
4.4024825 178.57074
4.4044809 178.57073
4.4064793 178.57073
4.4084777 178.57072
4.4104761 178.57071
4.4124745 178.5707
4.4144729 178.57069
4.4164713 178.57068
4.4184697 178.57067
4.4204681 178.57066
4.4224665 178.57065
4.4244649 178.57065
4.4264633 178.57064
4.4284617 178.57063
4.4304601 178.57062
4.4324585 178.57061
4.4344569 178.5706
4.4364553 178.57059
4.4384537 178.57058
4.4404521 178.57057
4.4424505 178.57057
4.4444489 178.57056
4.4464473 178.57055
4.4484457 178.57054
4.4504441 178.57053
4.4524425 178.57052
4.4544409 178.57051
4.4564393 178.5705
4.4584377 178.57049
4.4604361 178.57049
4.4624345 178.57048
4.4644329 178.57047
4.4664313 178.57046
4.4684297 178.57045
4.4704281 178.57044
4.4724265 178.57043
4.4744249 178.57042
4.4764233 178.57041
4.4784217 178.5704
4.4804201 178.5704
4.4824185 178.57039
4.4844169 178.57038
4.4864153 178.57037
4.4884137 178.57036
4.4904121 178.57035
4.4924105 178.57034
4.4944089 178.57033
4.4964073 178.57032
4.4984057 178.57031
4.5004041 178.57031
4.5024025 178.5703
4.5044009 178.57029
4.5063993 178.57028
4.5083977 178.57027
4.5103961 178.57026
4.5123945 178.57025
4.5143929 178.57024
4.5163913 178.57023
4.5183897 178.57022
4.5203881 178.57021
4.5223865 178.57021
4.5243849 178.5702
4.5263833 178.57019
4.5283817 178.57018
4.5303801 178.57017
4.5323785 178.57016
4.5343769 178.57015
4.5363753 178.57014
4.5383737 178.57013
4.5403721 178.57012
4.5423705 178.57011
4.5443689 178.57011
4.5463673 178.5701
4.5483657 178.57009
4.5503641 178.57008
4.5523625 178.57007
4.5543609 178.57006
4.5563593 178.57005
4.5583577 178.57004
4.5603561 178.57003
4.5623545 178.57002
4.5643529 178.57001
4.5663513 178.57
4.5683497 178.57
4.5703481 178.56999
4.5723465 178.56998
4.5743449 178.56997
4.5763433 178.56996
4.5783417 178.56995
4.5803401 178.56994
4.5823385 178.56993
4.5843369 178.56992
4.5863353 178.56991
4.5883337 178.5699
4.5903321 178.56989
4.5923305 178.56989
4.5943289 178.56988
4.5963273 178.56987
4.5983257 178.56986
4.6003241 178.56985
4.6023225 178.56984
4.6043209 178.56983
4.6063193 178.56982
4.6083177 178.56981
4.6103161 178.5698
4.6123145 178.56979
4.6143129 178.56978
4.6163113 178.56977
4.6183097 178.56977
4.6203081 178.56976
4.6223065 178.56975
4.6243049 178.56974
4.6263033 178.56973
4.6283017 178.56972
4.6303001 178.56971
4.6322985 178.5697
4.6342969 178.56969
4.6362953 178.56968
4.6382937 178.56967
4.6402921 178.56966
4.6422905 178.56965
4.6442889 178.56964
4.6462873 178.56964
4.6482857 178.56963
4.6502841 178.56962
4.6522825 178.56961
4.6542809 178.5696
4.6562793 178.56959
4.6582777 178.56958
4.6602761 178.56957
4.6622745 178.56956
4.6642729 178.56955
4.6662713 178.56954
4.6682697 178.56953
4.6702681 178.56952
4.6722665 178.56951
4.6742649 178.56951
4.6762633 178.5695
4.6782617 178.56949
4.6802601 178.56948
4.6822585 178.56947
4.6842569 178.56946
4.6862553 178.56945
4.6882537 178.56944
4.6902521 178.56943
4.6922505 178.56942
4.6942488 178.56941
4.6962472 178.5694
4.6982456 178.56939
4.700244 178.56938
4.7022424 178.56938
4.7042408 178.56937
4.7062392 178.56936
4.7082376 178.56935
4.710236 178.56934
4.7122344 178.56933
4.7142328 178.56932
4.7162312 178.56931
4.7182296 178.5693
4.720228 178.56929
4.7222264 178.56928
4.7242248 178.56927
4.7262232 178.56926
4.7282216 178.56925
4.73022 178.56924
4.7322184 178.56923
4.7342168 178.56923
4.7362152 178.56922
4.7382136 178.56921
4.740212 178.5692
4.7422104 178.56919
4.7442088 178.56918
4.7462072 178.56917
4.7482056 178.56916
4.750204 178.56915
4.7522024 178.56914
4.7542008 178.56913
4.7561992 178.56912
4.7581976 178.56911
4.760196 178.5691
4.7621944 178.56909
4.7641928 178.56908
4.7661912 178.56908
4.7681896 178.56907
4.770188 178.56906
4.7721864 178.56905
4.7741848 178.56904
4.7761832 178.56903
4.7781816 178.56902
4.78018 178.56901
4.7821784 178.569
4.7841768 178.56899
4.7861752 178.56898
4.7881736 178.56897
4.790172 178.56896
4.7921704 178.56895
4.7941688 178.56894
4.7961672 178.56893
4.7981656 178.56893
4.800164 178.56892
4.8021624 178.56891
4.8041608 178.5689
4.8061592 178.56889
4.8081576 178.56888
4.810156 178.56887
4.8121544 178.56886
4.8141528 178.56885
4.8161512 178.56884
4.8181496 178.56883
4.820148 178.56882
4.8221464 178.56881
4.8241448 178.5688
4.8261432 178.56879
4.8281416 178.56878
4.83014 178.56877
4.8321384 178.56877
4.8341368 178.56876
4.8361352 178.56875
4.8381336 178.56874
4.840132 178.56873
4.8421304 178.56872
4.8441288 178.56871
4.8461272 178.5687
4.8481256 178.56869
4.850124 178.56868
4.8521224 178.56867
4.8541208 178.56866
4.8561192 178.56865
4.8581176 178.56864
4.860116 178.56863
4.8621144 178.56862
4.8641128 178.56861
4.8661112 178.56861
4.8681096 178.5686
4.870108 178.56859
4.8721064 178.56858
4.8741048 178.56857
4.8761032 178.56856
4.8781016 178.56855
4.8801 178.56854
4.8820984 178.56853
4.8840968 178.56852
4.8860952 178.56851
4.8880936 178.5685
4.890092 178.56849
4.8920904 178.56848
4.8940888 178.56847
4.8960872 178.56846
4.8980856 178.56845
4.900084 178.56845
4.9020824 178.56844
4.9040808 178.56843
4.9060792 178.56842
4.9080776 178.56841
4.910076 178.5684
4.9120744 178.56839
4.9140728 178.56838
4.9160712 178.56837
4.9180696 178.56836
4.920068 178.56835
4.9220664 178.56834
4.9240648 178.56833
4.9260632 178.56832
4.9280616 178.56831
4.93006 178.5683
4.9320584 178.56829
4.9340568 178.56829
4.9360552 178.56828
4.9380536 178.56827
4.940052 178.56826
4.9420504 178.56825
4.9440488 178.56824
4.9460472 178.56823
4.9480456 178.56822
4.950044 178.56821
4.9520424 178.5682
4.9540408 178.56819
4.9560392 178.56818
4.9580376 178.56817
4.960036 178.56816
4.9620344 178.56815
4.9640328 178.56814
4.9660312 178.56813
4.9680296 178.56812
4.970028 178.56812
4.9720264 178.56811
4.9740248 178.5681
4.9760232 178.56809
4.9780216 178.56808
4.98002 178.56807
4.9820184 178.56806
4.9840168 178.56805
4.9860152 178.56804
4.9880136 178.56803
4.990012 178.56802
4.9920104 178.56801
4.9940088 178.568
4.9960072 178.56799
4.9980056 178.56798
5.000004 178.56797
5.0020024 178.56796
5.0040008 178.56796
5.0059992 178.56795
5.0079976 178.56794
5.009996 178.56793
5.0119944 178.56792
5.0139928 178.56791
5.0159912 178.5679
5.0179896 178.56789
5.019988 178.56788
5.0219864 178.56787
5.0239848 178.56786
5.0259832 178.56785
5.0279816 178.56784
5.02998 178.56783
5.0319784 178.56782
5.0339768 178.56781
5.0359752 178.5678
5.0379736 178.5678
5.039972 178.56779
5.0419704 178.56778
5.0439688 178.56777
5.0459672 178.56776
5.0479656 178.56775
5.049964 178.56774
5.0519624 178.56773
5.0539608 178.56772
5.0559592 178.56771
5.0579576 178.5677
5.059956 178.56769
5.0619544 178.56768
5.0639528 178.56767
5.0659512 178.56766
5.0679496 178.56765
5.069948 178.56764
5.0719464 178.56764
5.0739448 178.56763
5.0759432 178.56762
5.0779416 178.56761
5.07994 178.5676
5.0819384 178.56759
5.0839368 178.56758
5.0859352 178.56757
5.0879336 178.56756
5.089932 178.56755
5.0919304 178.56754
5.0939288 178.56753
5.0959272 178.56752
5.0979256 178.56751
5.099924 178.5675
5.1019224 178.56749
5.1039208 178.56748
5.1059192 178.56748
5.1079176 178.56747
5.109916 178.56746
5.1119144 178.56745
5.1139128 178.56744
5.1159112 178.56743
5.1179096 178.56742
5.119908 178.56741
5.1219064 178.5674
5.1239048 178.56739
5.1259032 178.56738
5.1279016 178.56737
5.1299 178.56736
5.1318984 178.56735
5.1338968 178.56734
5.1358952 178.56733
5.1378936 178.56733
5.139892 178.56732
5.1418904 178.56731
5.1438888 178.5673
5.1458872 178.56729
5.1478856 178.56728
5.149884 178.56727
5.1518824 178.56726
5.1538808 178.56725
5.1558792 178.56724
5.1578776 178.56723
5.159876 178.56722
5.1618744 178.56721
5.1638728 178.5672
5.1658712 178.56719
5.1678696 178.56719
5.169868 178.56718
5.1718664 178.56717
5.1738648 178.56716
5.1758632 178.56715
5.1778616 178.56714
5.17986 178.56713
5.1818584 178.56712
5.1838568 178.56711
5.1858552 178.5671
5.1878536 178.56709
5.189852 178.56708
5.1918504 178.56707
5.1938488 178.56706
5.1958472 178.56705
5.1978456 178.56704
5.199844 178.56704
5.2018424 178.56703
5.2038408 178.56702
5.2058392 178.56701
5.2078376 178.567
5.209836 178.56699
5.2118344 178.56698
5.2138328 178.56697
5.2158312 178.56696
5.2178296 178.56695
5.219828 178.56694
5.2218264 178.56693
5.2238248 178.56692
5.2258232 178.56691
5.2278216 178.56691
5.22982 178.5669
5.2318184 178.56689
5.2338168 178.56688
5.2358152 178.56687
5.2378136 178.56686
5.239812 178.56685
5.2418104 178.56684
5.2438088 178.56683
5.2458072 178.56682
5.2478056 178.56681
5.249804 178.5668
5.2518024 178.56679
5.2538008 178.56678
5.2557992 178.56677
5.2577976 178.56677
5.259796 178.56676
5.2617944 178.56675
5.2637928 178.56674
5.2657912 178.56673
5.2677896 178.56672
5.269788 178.56671
5.2717864 178.5667
5.2737848 178.56669
5.2757832 178.56668
5.2777816 178.56667
5.27978 178.56666
5.2817784 178.56665
5.2837768 178.56664
5.2857752 178.56664
5.2877736 178.56663
5.289772 178.56662
5.2917704 178.56661
5.2937688 178.5666
5.2957672 178.56659
5.2977656 178.56658
5.299764 178.56657
5.3017624 178.56656
5.3037608 178.56655
5.3057592 178.56654
5.3077576 178.56653
5.309756 178.56652
5.3117544 178.56652
5.3137528 178.56651
5.3157512 178.5665
5.3177495 178.56649
5.3197479 178.56648
5.3217463 178.56647
5.3237447 178.56646
5.3257431 178.56645
5.3277415 178.56644
5.3297399 178.56643
5.3317383 178.56642
5.3337367 178.56641
5.3357351 178.5664
5.3377335 178.5664
5.3397319 178.56639
5.3417303 178.56638
5.3437287 178.56637
5.3457271 178.56636
5.3477255 178.56635
5.3497239 178.56634
5.3517223 178.56633
5.3537207 178.56632
5.3557191 178.56631
5.3577175 178.5663
5.3597159 178.56629
5.3617143 178.56628
5.3637127 178.56628
5.3657111 178.56627
5.3677095 178.56626
5.3697079 178.56625
5.3717063 178.56624
5.3737047 178.56623
5.3757031 178.56622
5.3777015 178.56621
5.3796999 178.5662
5.3816983 178.56619
5.3836967 178.56618
5.3856951 178.56617
5.3876935 178.56617
5.3896919 178.56616
5.3916903 178.56615
5.3936887 178.56614
5.3956871 178.56613
5.3976855 178.56612
5.3996839 178.56611
5.4016823 178.5661
5.4036807 178.56609
5.4056791 178.56608
5.4076775 178.56607
5.4096759 178.56606
5.4116743 178.56605
5.4136727 178.56605
5.4156711 178.56604
5.4176695 178.56603
5.4196679 178.56602
5.4216663 178.56601
5.4236647 178.566
5.4256631 178.56599
5.4276615 178.56598
5.4296599 178.56597
5.4316583 178.56596
5.4336567 178.56595
5.4356551 178.56595
5.4376535 178.56594
5.4396519 178.56593
5.4416503 178.56592
5.4436487 178.56591
5.4456471 178.5659
5.4476455 178.56589
5.4496439 178.56588
5.4516423 178.56587
5.4536407 178.56586
5.4556391 178.56585
5.4576375 178.56584
5.4596359 178.56584
5.4616343 178.56583
5.4636327 178.56582
5.4656311 178.56581
5.4676295 178.5658
5.4696279 178.56579
5.4716263 178.56578
5.4736247 178.56577
5.4756231 178.56576
5.4776215 178.56575
5.4796199 178.56574
5.4816183 178.56574
5.4836167 178.56573
5.4856151 178.56572
5.4876135 178.56571
5.4896119 178.5657
5.4916103 178.56569
5.4936087 178.56568
5.4956071 178.56567
5.4976055 178.56566
5.4996039 178.56565
5.5016023 178.56564
5.5036007 178.56564
5.5055991 178.56563
5.5075975 178.56562
5.5095959 178.56561
5.5115943 178.5656
5.5135927 178.56559
5.5155911 178.56558
5.5175895 178.56557
5.5195879 178.56556
5.5215863 178.56555
5.5235847 178.56555
5.5255831 178.56554
5.5275815 178.56553
5.5295799 178.56552
5.5315783 178.56551
5.5335767 178.5655
5.5355751 178.56549
5.5375735 178.56548
5.5395719 178.56547
5.5415703 178.56546
5.5435687 178.56545
5.5455671 178.56545
5.5475655 178.56544
5.5495639 178.56543
5.5515623 178.56542
5.5535607 178.56541
5.5555591 178.5654
5.5575575 178.56539
5.5595559 178.56538
5.5615543 178.56537
5.5635527 178.56536
5.5655511 178.56536
5.5675495 178.56535
5.5695479 178.56534
5.5715463 178.56533
5.5735447 178.56532
5.5755431 178.56531
5.5775415 178.5653
5.5795399 178.56529
5.5815383 178.56528
5.5835367 178.56527
5.5855351 178.56527
5.5875335 178.56526
5.5895319 178.56525
5.5915303 178.56524
5.5935287 178.56523
5.5955271 178.56522
5.5975255 178.56521
5.5995239 178.5652
5.6015223 178.56519
5.6035207 178.56519
5.6055191 178.56518
5.6075175 178.56517
5.6095159 178.56516
5.6115143 178.56515
5.6135127 178.56514
5.6155111 178.56513
5.6175095 178.56512
5.6195079 178.56511
5.6215063 178.5651
5.6235047 178.5651
5.6255031 178.56509
5.6275015 178.56508
5.6294999 178.56507
5.6314983 178.56506
5.6334967 178.56505
5.6354951 178.56504
5.6374935 178.56503
5.6394919 178.56502
5.6414903 178.56502
5.6434887 178.56501
5.6454871 178.565
5.6474855 178.56499
5.6494839 178.56498
5.6514823 178.56497
5.6534807 178.56496
5.6554791 178.56495
5.6574775 178.56494
5.6594759 178.56494
5.6614743 178.56493
5.6634727 178.56492
5.6654711 178.56491
5.6674695 178.5649
5.6694679 178.56489
5.6714663 178.56488
5.6734647 178.56487
5.6754631 178.56486
5.6774615 178.56486
5.6794599 178.56485
5.6814583 178.56484
5.6834567 178.56483
5.6854551 178.56482
5.6874535 178.56481
5.6894519 178.5648
5.6914503 178.56479
5.6934487 178.56478
5.6954471 178.56478
5.6974455 178.56477
5.6994439 178.56476
5.7014423 178.56475
5.7034407 178.56474
5.7054391 178.56473
5.7074375 178.56472
5.7094359 178.56471
5.7114343 178.56471
5.7134327 178.5647
5.7154311 178.56469
5.7174295 178.56468
5.7194279 178.56467
5.7214263 178.56466
5.7234247 178.56465
5.7254231 178.56464
5.7274215 178.56463
5.7294199 178.56463
5.7314183 178.56462
5.7334167 178.56461
5.7354151 178.5646
5.7374135 178.56459
5.7394119 178.56458
5.7414103 178.56457
5.7434087 178.56456
5.7454071 178.56456
5.7474055 178.56455
5.7494039 178.56454
5.7514023 178.56453
5.7534007 178.56452
5.7553991 178.56451
5.7573975 178.5645
5.7593959 178.56449
5.7613943 178.56449
5.7633927 178.56448
5.7653911 178.56447
5.7673895 178.56446
5.7693879 178.56445
5.7713863 178.56444
5.7733847 178.56443
5.7753831 178.56442
5.7773815 178.56442
5.7793799 178.56441
5.7813783 178.5644
5.7833767 178.56439
5.7853751 178.56438
5.7873735 178.56437
5.7893719 178.56436
5.7913703 178.56435
5.7933687 178.56435
5.7953671 178.56434
5.7973655 178.56433
5.7993639 178.56432
5.8013623 178.56431
5.8033607 178.5643
5.8053591 178.56429
5.8073575 178.56428
5.8093559 178.56428
5.8113543 178.56427
5.8133527 178.56426
5.8153511 178.56425
5.8173495 178.56424
5.8193479 178.56423
5.8213463 178.56422
5.8233447 178.56421
5.8253431 178.56421
5.8273415 178.5642
5.8293399 178.56419
5.8313383 178.56418
5.8333367 178.56417
5.8353351 178.56416
5.8373335 178.56415
5.8393319 178.56415
5.8413303 178.56414
5.8433287 178.56413
5.8453271 178.56412
5.8473255 178.56411
5.8493239 178.5641
5.8513223 178.56409
5.8533207 178.56408
5.8553191 178.56408
5.8573175 178.56407
5.8593159 178.56406
5.8613143 178.56405
5.8633127 178.56404
5.8653111 178.56403
5.8673095 178.56402
5.8693079 178.56402
5.8713063 178.56401
5.8733047 178.564
5.8753031 178.56399
5.8773015 178.56398
5.8792999 178.56397
5.8812983 178.56396
5.8832967 178.56396
5.8852951 178.56395
5.8872935 178.56394
5.8892919 178.56393
5.8912903 178.56392
5.8932887 178.56391
5.8952871 178.5639
5.8972855 178.5639
5.8992839 178.56389
5.9012823 178.56388
5.9032807 178.56387
5.9052791 178.56386
5.9072775 178.56385
5.9092759 178.56384
5.9112743 178.56384
5.9132727 178.56383
5.9152711 178.56382
5.9172695 178.56381
5.9192679 178.5638
5.9212663 178.56379
5.9232647 178.56378
5.9252631 178.56378
5.9272615 178.56377
5.9292599 178.56376
5.9312583 178.56375
5.9332567 178.56374
5.9352551 178.56373
5.9372535 178.56372
5.9392519 178.56372
5.9412503 178.56371
5.9432486 178.5637
5.945247 178.56369
5.9472454 178.56368
5.9492438 178.56367
5.9512422 178.56366
5.9532406 178.56366
5.955239 178.56365
5.9572374 178.56364
5.9592358 178.56363
5.9612342 178.56362
5.9632326 178.56361
5.965231 178.5636
5.9672294 178.5636
5.9692278 178.56359
5.9712262 178.56358
5.9732246 178.56357
5.975223 178.56356
5.9772214 178.56355
5.9792198 178.56355
5.9812182 178.56354
5.9832166 178.56353
5.985215 178.56352
5.9872134 178.56351
5.9892118 178.5635
5.9912102 178.56349
5.9932086 178.56349
5.995207 178.56348
5.9972054 178.56347
5.9992038 178.56346
6.0012022 178.56345
6.0032006 178.56344
6.005199 178.56344
6.0071974 178.56343
6.0091958 178.56342
6.0111942 178.56341
6.0131926 178.5634
6.015191 178.56339
6.0171894 178.56338
6.0191878 178.56338
6.0211862 178.56337
6.0231846 178.56336
6.025183 178.56335
6.0271814 178.56334
6.0291798 178.56333
6.0311782 178.56333
6.0331766 178.56332
6.035175 178.56331
6.0371734 178.5633
6.0391718 178.56329
6.0411702 178.56328
6.0431686 178.56328
6.045167 178.56327
6.0471654 178.56326
6.0491638 178.56325
6.0511622 178.56324
6.0531606 178.56323
6.055159 178.56323
6.0571574 178.56322
6.0591558 178.56321
6.0611542 178.5632
6.0631526 178.56319
6.065151 178.56318
6.0671494 178.56317
6.0691478 178.56317
6.0711462 178.56316
6.0731446 178.56315
6.075143 178.56314
6.0771414 178.56313
6.0791398 178.56312
6.0811382 178.56312
6.0831366 178.56311
6.085135 178.5631
6.0871334 178.56309
6.0891318 178.56308
6.0911302 178.56307
6.0931286 178.56307
6.095127 178.56306
6.0971254 178.56305
6.0991238 178.56304
6.1011222 178.56303
6.1031206 178.56302
6.105119 178.56302
6.1071174 178.56301
6.1091158 178.563
6.1111142 178.56299
6.1131126 178.56298
6.115111 178.56297
6.1171094 178.56297
6.1191078 178.56296
6.1211062 178.56295
6.1231046 178.56294
6.125103 178.56293
6.1271014 178.56293
6.1290998 178.56292
6.1310982 178.56291
6.1330966 178.5629
6.135095 178.56289
6.1370934 178.56288
6.1390918 178.56288
6.1410902 178.56287
6.1430886 178.56286
6.145087 178.56285
6.1470854 178.56284
6.1490838 178.56283
6.1510822 178.56283
6.1530806 178.56282
6.155079 178.56281
6.1570774 178.5628
6.1590758 178.56279
6.1610742 178.56278
6.1630726 178.56278
6.165071 178.56277
6.1670694 178.56276
6.1690678 178.56275
6.1710662 178.56274
6.1730646 178.56274
6.175063 178.56273
6.1770614 178.56272
6.1790598 178.56271
6.1810582 178.5627
6.1830566 178.56269
6.185055 178.56269
6.1870534 178.56268
6.1890518 178.56267
6.1910502 178.56266
6.1930486 178.56265
6.195047 178.56265
6.1970454 178.56264
6.1990438 178.56263
6.2010422 178.56262
6.2030406 178.56261
6.205039 178.5626
6.2070374 178.5626
6.2090358 178.56259
6.2110342 178.56258
6.2130326 178.56257
6.215031 178.56256
6.2170294 178.56256
6.2190278 178.56255
6.2210262 178.56254
6.2230246 178.56253
6.225023 178.56252
6.2270214 178.56251
6.2290198 178.56251
6.2310182 178.5625
6.2330166 178.56249
6.235015 178.56248
6.2370134 178.56247
6.2390118 178.56247
6.2410102 178.56246
6.2430086 178.56245
6.245007 178.56244
6.2470054 178.56243
6.2490038 178.56243
6.2510022 178.56242
6.2530006 178.56241
6.254999 178.5624
6.2569974 178.56239
6.2589958 178.56238
6.2609942 178.56238
6.2629926 178.56237
6.264991 178.56236
6.2669894 178.56235
6.2689878 178.56234
6.2709862 178.56234
6.2729846 178.56233
6.274983 178.56232
6.2769814 178.56231
6.2789798 178.5623
6.2809782 178.5623
6.2829766 178.56229
6.284975 178.56228
6.2869734 178.56227
6.2889718 178.56226
6.2909702 178.56226
6.2929686 178.56225
6.294967 178.56224
6.2969654 178.56223
6.2989638 178.56222
6.3009622 178.56222
6.3029606 178.56221
6.304959 178.5622
6.3069574 178.56219
6.3089558 178.56218
6.3109542 178.56218
6.3129526 178.56217
6.314951 178.56216
6.3169494 178.56215
6.3189478 178.56214
6.3209462 178.56214
6.3229446 178.56213
6.324943 178.56212
6.3269414 178.56211
6.3289398 178.5621
6.3309382 178.5621
6.3329366 178.56209
6.334935 178.56208
6.3369334 178.56207
6.3389318 178.56206
6.3409302 178.56206
6.3429286 178.56205
6.344927 178.56204
6.3469254 178.56203
6.3489238 178.56202
6.3509222 178.56202
6.3529206 178.56201
6.354919 178.562
6.3569174 178.56199
6.3589158 178.56198
6.3609142 178.56198
6.3629126 178.56197
6.364911 178.56196
6.3669094 178.56195
6.3689078 178.56194
6.3709062 178.56194
6.3729046 178.56193
6.374903 178.56192
6.3769014 178.56191
6.3788998 178.5619
6.3808982 178.5619
6.3828966 178.56189
6.384895 178.56188
6.3868934 178.56187
6.3888918 178.56186
6.3908902 178.56186
6.3928886 178.56185
6.394887 178.56184
6.3968854 178.56183
6.3988838 178.56182
6.4008822 178.56182
6.4028806 178.56181
6.404879 178.5618
6.4068774 178.56179
6.4088758 178.56179
6.4108742 178.56178
6.4128726 178.56177
6.414871 178.56176
6.4168694 178.56175
6.4188678 178.56175
6.4208662 178.56174
6.4228646 178.56173
6.424863 178.56172
6.4268614 178.56171
6.4288598 178.56171
6.4308582 178.5617
6.4328566 178.56169
6.434855 178.56168
6.4368534 178.56168
6.4388518 178.56167
6.4408502 178.56166
6.4428486 178.56165
6.444847 178.56164
6.4468454 178.56164
6.4488438 178.56163
6.4508422 178.56162
6.4528406 178.56161
6.454839 178.5616
6.4568374 178.5616
6.4588358 178.56159
6.4608342 178.56158
6.4628326 178.56157
6.464831 178.56157
6.4668294 178.56156
6.4688278 178.56155
6.4708262 178.56154
6.4728246 178.56153
6.474823 178.56153
6.4768214 178.56152
6.4788198 178.56151
6.4808182 178.5615
6.4828166 178.5615
6.484815 178.56149
6.4868134 178.56148
6.4888118 178.56147
6.4908102 178.56146
6.4928086 178.56146
6.494807 178.56145
6.4968054 178.56144
6.4988038 178.56143
6.5008022 178.56143
6.5028006 178.56142
6.504799 178.56141
6.5067974 178.5614
6.5087958 178.56139
6.5107942 178.56139
6.5127926 178.56138
6.514791 178.56137
6.5167894 178.56136
6.5187878 178.56136
6.5207862 178.56135
6.5227846 178.56134
6.524783 178.56133
6.5267814 178.56132
6.5287798 178.56132
6.5307782 178.56131
6.5327766 178.5613
6.534775 178.56129
6.5367734 178.56129
6.5387718 178.56128
6.5407702 178.56127
6.5427686 178.56126
6.544767 178.56126
6.5467654 178.56125
6.5487638 178.56124
6.5507622 178.56123
6.5527606 178.56122
6.554759 178.56122
6.5567574 178.56121
6.5587558 178.5612
6.5607542 178.56119
6.5627526 178.56119
6.564751 178.56118
6.5667493 178.56117
6.5687477 178.56116
6.5707461 178.56116
6.5727445 178.56115
6.5747429 178.56114
6.5767413 178.56113
6.5787397 178.56112
6.5807381 178.56112
6.5827365 178.56111
6.5847349 178.5611
6.5867333 178.56109
6.5887317 178.56109
6.5907301 178.56108
6.5927285 178.56107
6.5947269 178.56106
6.5967253 178.56106
6.5987237 178.56105
6.6007221 178.56104
6.6027205 178.56103
6.6047189 178.56103
6.6067173 178.56102
6.6087157 178.56101
6.6107141 178.561
6.6127125 178.561
6.6147109 178.56099
6.6167093 178.56098
6.6187077 178.56097
6.6207061 178.56096
6.6227045 178.56096
6.6247029 178.56095
6.6267013 178.56094
6.6286997 178.56093
6.6306981 178.56093
6.6326965 178.56092
6.6346949 178.56091
6.6366933 178.5609
6.6386917 178.5609
6.6406901 178.56089
6.6426885 178.56088
6.6446869 178.56087
6.6466853 178.56087
6.6486837 178.56086
6.6506821 178.56085
6.6526805 178.56084
6.6546789 178.56084
6.6566773 178.56083
6.6586757 178.56082
6.6606741 178.56081
6.6626725 178.56081
6.6646709 178.5608
6.6666693 178.56079
6.6686677 178.56078
6.6706661 178.56078
6.6726645 178.56077
6.6746629 178.56076
6.6766613 178.56075
6.6786597 178.56075
6.6806581 178.56074
6.6826565 178.56073
6.6846549 178.56072
6.6866533 178.56072
6.6886517 178.56071
6.6906501 178.5607
6.6926485 178.56069
6.6946469 178.56069
6.6966453 178.56068
6.6986437 178.56067
6.7006421 178.56066
6.7026405 178.56066
6.7046389 178.56065
6.7066373 178.56064
6.7086357 178.56063
6.7106341 178.56063
6.7126325 178.56062
6.7146309 178.56061
6.7166293 178.5606
6.7186277 178.5606
6.7206261 178.56059
6.7226245 178.56058
6.7246229 178.56057
6.7266213 178.56057
6.7286197 178.56056
6.7306181 178.56055
6.7326165 178.56054
6.7346149 178.56054
6.7366133 178.56053
6.7386117 178.56052
6.7406101 178.56051
6.7426085 178.56051
6.7446069 178.5605
6.7466053 178.56049
6.7486037 178.56048
6.7506021 178.56048
6.7526005 178.56047
6.7545989 178.56046
6.7565973 178.56045
6.7585957 178.56045
6.7605941 178.56044
6.7625925 178.56043
6.7645909 178.56043
6.7665893 178.56042
6.7685877 178.56041
6.7705861 178.5604
6.7725845 178.5604
6.7745829 178.56039
6.7765813 178.56038
6.7785797 178.56037
6.7805781 178.56037
6.7825765 178.56036
6.7845749 178.56035
6.7865733 178.56034
6.7885717 178.56034
6.7905701 178.56033
6.7925685 178.56032
6.7945669 178.56031
6.7965653 178.56031
6.7985637 178.5603
6.8005621 178.56029
6.8025605 178.56029
6.8045589 178.56028
6.8065573 178.56027
6.8085557 178.56026
6.8105541 178.56026
6.8125525 178.56025
6.8145509 178.56024
6.8165493 178.56023
6.8185477 178.56023
6.8205461 178.56022
6.8225445 178.56021
6.8245429 178.5602
6.8265413 178.5602
6.8285397 178.56019
6.8305381 178.56018
6.8325365 178.56018
6.8345349 178.56017
6.8365333 178.56016
6.8385317 178.56015
6.8405301 178.56015
6.8425285 178.56014
6.8445269 178.56013
6.8465253 178.56012
6.8485237 178.56012
6.8505221 178.56011
6.8525205 178.5601
6.8545189 178.56009
6.8565173 178.56009
6.8585157 178.56008
6.8605141 178.56007
6.8625125 178.56007
6.8645109 178.56006
6.8665093 178.56005
6.8685077 178.56004
6.8705061 178.56004
6.8725045 178.56003
6.8745029 178.56002
6.8765013 178.56002
6.8784997 178.56001
6.8804981 178.56
6.8824965 178.55999
6.8844949 178.55999
6.8864933 178.55998
6.8884917 178.55997
6.8904901 178.55996
6.8924885 178.55996
6.8944869 178.55995
6.8964853 178.55994
6.8984837 178.55994
6.9004821 178.55993
6.9024805 178.55992
6.9044789 178.55991
6.9064773 178.55991
6.9084757 178.5599
6.9104741 178.55989
6.9124725 178.55989
6.9144709 178.55988
6.9164693 178.55987
6.9184677 178.55986
6.9204661 178.55986
6.9224645 178.55985
6.9244629 178.55984
6.9264613 178.55983
6.9284597 178.55983
6.9304581 178.55982
6.9324565 178.55981
6.9344549 178.55981
6.9364533 178.5598
6.9384517 178.55979
6.9404501 178.55978
6.9424485 178.55978
6.9444469 178.55977
6.9464453 178.55976
6.9484437 178.55976
6.9504421 178.55975
6.9524405 178.55974
6.9544389 178.55973
6.9564373 178.55973
6.9584357 178.55972
6.9604341 178.55971
6.9624325 178.55971
6.9644309 178.5597
6.9664293 178.55969
6.9684277 178.55968
6.9704261 178.55968
6.9724245 178.55967
6.9744229 178.55966
6.9764213 178.55966
6.9784197 178.55965
6.9804181 178.55964
6.9824165 178.55963
6.9844149 178.55963
6.9864133 178.55962
6.9884117 178.55961
6.9904101 178.55961
6.9924085 178.5596
6.9944069 178.55959
6.9964053 178.55959
6.9984037 178.55958
7.0004021 178.55957
7.0024005 178.55956
7.0043989 178.55956
7.0063973 178.55955
7.0083957 178.55954
7.0103941 178.55954
7.0123925 178.55953
7.0143909 178.55952
7.0163893 178.55951
7.0183877 178.55951
7.0203861 178.5595
7.0223845 178.55949
7.0243829 178.55949
7.0263813 178.55948
7.0283797 178.55947
7.0303781 178.55946
7.0323765 178.55946
7.0343749 178.55945
7.0363733 178.55944
7.0383717 178.55944
7.0403701 178.55943
7.0423685 178.55942
7.0443669 178.55942
7.0463653 178.55941
7.0483637 178.5594
7.0503621 178.55939
7.0523605 178.55939
7.0543589 178.55938
7.0563573 178.55937
7.0583557 178.55937
7.0603541 178.55936
7.0623525 178.55935
7.0643509 178.55935
7.0663493 178.55934
7.0683477 178.55933
7.0703461 178.55932
7.0723445 178.55932
7.0743429 178.55931
7.0763413 178.5593
7.0783397 178.5593
7.0803381 178.55929
7.0823365 178.55928
7.0843349 178.55928
7.0863333 178.55927
7.0883317 178.55926
7.0903301 178.55925
7.0923285 178.55925
7.0943269 178.55924
7.0963253 178.55923
7.0983237 178.55923
7.1003221 178.55922
7.1023205 178.55921
7.1043189 178.55921
7.1063173 178.5592
7.1083157 178.55919
7.1103141 178.55919
7.1123125 178.55918
7.1143109 178.55917
7.1163093 178.55916
7.1183077 178.55916
7.1203061 178.55915
7.1223045 178.55914
7.1243029 178.55914
7.1263013 178.55913
7.1282997 178.55912
7.1302981 178.55912
7.1322965 178.55911
7.1342949 178.5591
7.1362933 178.5591
7.1382917 178.55909
7.1402901 178.55908
7.1422885 178.55907
7.1442869 178.55907
7.1462853 178.55906
7.1482837 178.55905
7.1502821 178.55905
7.1522805 178.55904
7.1542789 178.55903
7.1562773 178.55903
7.1582757 178.55902
7.1602741 178.55901
7.1622725 178.55901
7.1642709 178.559
7.1662693 178.55899
7.1682677 178.55899
7.1702661 178.55898
7.1722645 178.55897
7.1742629 178.55896
7.1762613 178.55896
7.1782597 178.55895
7.1802581 178.55894
7.1822565 178.55894
7.1842549 178.55893
7.1862533 178.55892
7.1882517 178.55892
7.1902501 178.55891
7.1922484 178.5589
7.1942468 178.5589
7.1962452 178.55889
7.1982436 178.55888
7.200242 178.55888
7.2022404 178.55887
7.2042388 178.55886
7.2062372 178.55886
7.2082356 178.55885
7.210234 178.55884
7.2122324 178.55883
7.2142308 178.55883
7.2162292 178.55882
7.2182276 178.55881
7.220226 178.55881
7.2222244 178.5588
7.2242228 178.55879
7.2262212 178.55879
7.2282196 178.55878
7.230218 178.55877
7.2322164 178.55877
7.2342148 178.55876
7.2362132 178.55875
7.2382116 178.55875
7.24021 178.55874
7.2422084 178.55873
7.2442068 178.55873
7.2462052 178.55872
7.2482036 178.55871
7.250202 178.55871
7.2522004 178.5587
7.2541988 178.55869
7.2561972 178.55869
7.2581956 178.55868
7.260194 178.55867
7.2621924 178.55867
7.2641908 178.55866
7.2661892 178.55865
7.2681876 178.55865
7.270186 178.55864
7.2721844 178.55863
7.2741828 178.55862
7.2761812 178.55862
7.2781796 178.55861
7.280178 178.5586
7.2821764 178.5586
7.2841748 178.55859
7.2861732 178.55858
7.2881716 178.55858
7.29017 178.55857
7.2921684 178.55856
7.2941668 178.55856
7.2961652 178.55855
7.2981636 178.55854
7.300162 178.55854
7.3021604 178.55853
7.3041588 178.55852
7.3061572 178.55852
7.3081556 178.55851
7.310154 178.5585
7.3121524 178.5585
7.3141508 178.55849
7.3161492 178.55848
7.3181476 178.55848
7.320146 178.55847
7.3221444 178.55846
7.3241428 178.55846
7.3261412 178.55845
7.3281396 178.55844
7.330138 178.55844
7.3321364 178.55843
7.3341348 178.55842
7.3361332 178.55842
7.3381316 178.55841
7.34013 178.5584
7.3421284 178.5584
7.3441268 178.55839
7.3461252 178.55838
7.3481236 178.55838
7.350122 178.55837
7.3521204 178.55836
7.3541188 178.55836
7.3561172 178.55835
7.3581156 178.55834
7.360114 178.55834
7.3621124 178.55833
7.3641108 178.55832
7.3661092 178.55832
7.3681076 178.55831
7.370106 178.5583
7.3721044 178.5583
7.3741028 178.55829
7.3761012 178.55828
7.3780996 178.55828
7.380098 178.55827
7.3820964 178.55827
7.3840948 178.55826
7.3860932 178.55825
7.3880916 178.55825
7.39009 178.55824
7.3920884 178.55823
7.3940868 178.55823
7.3960852 178.55822
7.3980836 178.55821
7.400082 178.55821
7.4020804 178.5582
7.4040788 178.55819
7.4060772 178.55819
7.4080756 178.55818
7.410074 178.55817
7.4120724 178.55817
7.4140708 178.55816
7.4160692 178.55815
7.4180676 178.55815
7.420066 178.55814
7.4220644 178.55813
7.4240628 178.55813
7.4260612 178.55812
7.4280596 178.55811
7.430058 178.55811
7.4320564 178.5581
7.4340548 178.55809
7.4360532 178.55809
7.4380516 178.55808
7.44005 178.55807
7.4420484 178.55807
7.4440468 178.55806
7.4460452 178.55806
7.4480436 178.55805
7.450042 178.55804
7.4520404 178.55804
7.4540388 178.55803
7.4560372 178.55802
7.4580356 178.55802
7.460034 178.55801
7.4620324 178.558
7.4640308 178.558
7.4660292 178.55799
7.4680276 178.55798
7.470026 178.55798
7.4720244 178.55797
7.4740228 178.55796
7.4760212 178.55796
7.4780196 178.55795
7.480018 178.55794
7.4820164 178.55794
7.4840148 178.55793
7.4860132 178.55793
7.4880116 178.55792
7.49001 178.55791
7.4920084 178.55791
7.4940068 178.5579
7.4960052 178.55789
7.4980036 178.55789
7.500002 178.55788
7.5020004 178.55787
7.5039988 178.55787
7.5059972 178.55786
7.5079956 178.55785
7.509994 178.55785
7.5119924 178.55784
7.5139908 178.55784
7.5159892 178.55783
7.5179876 178.55782
7.519986 178.55782
7.5219844 178.55781
7.5239828 178.5578
7.5259812 178.5578
7.5279796 178.55779
7.529978 178.55778
7.5319764 178.55778
7.5339748 178.55777
7.5359732 178.55776
7.5379716 178.55776
7.53997 178.55775
7.5419684 178.55775
7.5439668 178.55774
7.5459652 178.55773
7.5479636 178.55773
7.549962 178.55772
7.5519604 178.55771
7.5539588 178.55771
7.5559572 178.5577
7.5579556 178.55769
7.559954 178.55769
7.5619524 178.55768
7.5639508 178.55768
7.5659492 178.55767
7.5679476 178.55766
7.569946 178.55766
7.5719444 178.55765
7.5739428 178.55764
7.5759412 178.55764
7.5779396 178.55763
7.579938 178.55762
7.5819364 178.55762
7.5839348 178.55761
7.5859332 178.55761
7.5879316 178.5576
7.58993 178.55759
7.5919284 178.55759
7.5939268 178.55758
7.5959252 178.55757
7.5979236 178.55757
7.599922 178.55756
7.6019204 178.55755
7.6039188 178.55755
7.6059172 178.55754
7.6079156 178.55754
7.609914 178.55753
7.6119124 178.55752
7.6139108 178.55752
7.6159092 178.55751
7.6179076 178.5575
7.619906 178.5575
7.6219044 178.55749
7.6239028 178.55748
7.6259012 178.55748
7.6278996 178.55747
7.629898 178.55747
7.6318964 178.55746
7.6338948 178.55745
7.6358932 178.55745
7.6378916 178.55744
7.63989 178.55743
7.6418884 178.55743
7.6438868 178.55742
7.6458852 178.55742
7.6478836 178.55741
7.649882 178.5574
7.6518804 178.5574
7.6538788 178.55739
7.6558772 178.55738
7.6578756 178.55738
7.659874 178.55737
7.6618724 178.55737
7.6638708 178.55736
7.6658692 178.55735
7.6678676 178.55735
7.669866 178.55734
7.6718644 178.55733
7.6738628 178.55733
7.6758612 178.55732
7.6778596 178.55732
7.679858 178.55731
7.6818564 178.5573
7.6838548 178.5573
7.6858532 178.55729
7.6878516 178.55728
7.68985 178.55728
7.6918484 178.55727
7.6938468 178.55727
7.6958452 178.55726
7.6978436 178.55725
7.699842 178.55725
7.7018404 178.55724
7.7038388 178.55723
7.7058372 178.55723
7.7078356 178.55722
7.709834 178.55722
7.7118324 178.55721
7.7138308 178.5572
7.7158292 178.5572
7.7178276 178.55719
7.719826 178.55718
7.7218244 178.55718
7.7238228 178.55717
7.7258212 178.55717
7.7278196 178.55716
7.729818 178.55715
7.7318164 178.55715
7.7338148 178.55714
7.7358132 178.55714
7.7378116 178.55713
7.73981 178.55712
7.7418084 178.55712
7.7438068 178.55711
7.7458052 178.5571
7.7478036 178.5571
7.749802 178.55709
7.7518004 178.55709
7.7537988 178.55708
7.7557972 178.55707
7.7577956 178.55707
7.759794 178.55706
7.7617924 178.55706
7.7637908 178.55705
7.7657892 178.55704
7.7677876 178.55704
7.769786 178.55703
7.7717844 178.55702
7.7737828 178.55702
7.7757812 178.55701
7.7777796 178.55701
7.779778 178.557
7.7817764 178.55699
7.7837748 178.55699
7.7857732 178.55698
7.7877716 178.55698
7.78977 178.55697
7.7917684 178.55696
7.7937668 178.55696
7.7957652 178.55695
7.7977636 178.55695
7.799762 178.55694
7.8017604 178.55693
7.8037588 178.55693
7.8057572 178.55692
7.8077556 178.55691
7.809754 178.55691
7.8117524 178.5569
7.8137508 178.5569
7.8157491 178.55689
7.8177475 178.55688
7.8197459 178.55688
7.8217443 178.55687
7.8237427 178.55687
7.8257411 178.55686
7.8277395 178.55685
7.8297379 178.55685
7.8317363 178.55684
7.8337347 178.55684
7.8357331 178.55683
7.8377315 178.55682
7.8397299 178.55682
7.8417283 178.55681
7.8437267 178.55681
7.8457251 178.5568
7.8477235 178.55679
7.8497219 178.55679
7.8517203 178.55678
7.8537187 178.55678
7.8557171 178.55677
7.8577155 178.55676
7.8597139 178.55676
7.8617123 178.55675
7.8637107 178.55675
7.8657091 178.55674
7.8677075 178.55673
7.8697059 178.55673
7.8717043 178.55672
7.8737027 178.55671
7.8757011 178.55671
7.8776995 178.5567
7.8796979 178.5567
7.8816963 178.55669
7.8836947 178.55668
7.8856931 178.55668
7.8876915 178.55667
7.8896899 178.55667
7.8916883 178.55666
7.8936867 178.55665
7.8956851 178.55665
7.8976835 178.55664
7.8996819 178.55664
7.9016803 178.55663
7.9036787 178.55662
7.9056771 178.55662
7.9076755 178.55661
7.9096739 178.55661
7.9116723 178.5566
7.9136707 178.5566
7.9156691 178.55659
7.9176675 178.55658
7.9196659 178.55658
7.9216643 178.55657
7.9236627 178.55657
7.9256611 178.55656
7.9276595 178.55655
7.9296579 178.55655
7.9316563 178.55654
7.9336547 178.55654
7.9356531 178.55653
7.9376515 178.55652
7.9396499 178.55652
7.9416483 178.55651
7.9436467 178.55651
7.9456451 178.5565
7.9476435 178.55649
7.9496419 178.55649
7.9516403 178.55648
7.9536387 178.55648
7.9556371 178.55647
7.9576355 178.55646
7.9596339 178.55646
7.9616323 178.55645
7.9636307 178.55645
7.9656291 178.55644
7.9676275 178.55643
7.9696259 178.55643
7.9716243 178.55642
7.9736227 178.55642
7.9756211 178.55641
7.9776195 178.55641
7.9796179 178.5564
7.9816163 178.55639
7.9836147 178.55639
7.9856131 178.55638
7.9876115 178.55638
7.9896099 178.55637
7.9916083 178.55636
7.9936067 178.55636
7.9956051 178.55635
7.9976035 178.55635
7.9996019 178.55634
8.0016003 178.55633
8.0035987 178.55633
8.0055971 178.55632
8.0075955 178.55632
8.0095939 178.55631
8.0115923 178.55631
8.0135907 178.5563
8.0155891 178.55629
8.0175875 178.55629
8.0195859 178.55628
8.0215843 178.55628
8.0235827 178.55627
8.0255811 178.55626
8.0275795 178.55626
8.0295779 178.55625
8.0315763 178.55625
8.0335747 178.55624
8.0355731 178.55623
8.0375715 178.55623
8.0395699 178.55622
8.0415683 178.55622
8.0435667 178.55621
8.0455651 178.55621
8.0475635 178.5562
8.0495619 178.55619
8.0515603 178.55619
8.0535587 178.55618
8.0555571 178.55618
8.0575555 178.55617
8.0595539 178.55616
8.0615523 178.55616
8.0635507 178.55615
8.0655491 178.55615
8.0675475 178.55614
8.0695459 178.55614
8.0715443 178.55613
8.0735427 178.55612
8.0755411 178.55612
8.0775395 178.55611
8.0795379 178.55611
8.0815363 178.5561
8.0835347 178.5561
8.0855331 178.55609
8.0875315 178.55608
8.0895299 178.55608
8.0915283 178.55607
8.0935267 178.55607
8.0955251 178.55606
8.0975235 178.55605
8.0995219 178.55605
8.1015203 178.55604
8.1035187 178.55604
8.1055171 178.55603
8.1075155 178.55603
8.1095139 178.55602
8.1115123 178.55601
8.1135107 178.55601
8.1155091 178.556
8.1175075 178.556
8.1195059 178.55599
8.1215043 178.55599
8.1235027 178.55598
8.1255011 178.55597
8.1274995 178.55597
8.1294979 178.55596
8.1314963 178.55596
8.1334947 178.55595
8.1354931 178.55595
8.1374915 178.55594
8.1394899 178.55593
8.1414883 178.55593
8.1434867 178.55592
8.1454851 178.55592
8.1474835 178.55591
8.1494819 178.55591
8.1514803 178.5559
8.1534787 178.55589
8.1554771 178.55589
8.1574755 178.55588
8.1594739 178.55588
8.1614723 178.55587
8.1634707 178.55587
8.1654691 178.55586
8.1674675 178.55585
8.1694659 178.55585
8.1714643 178.55584
8.1734627 178.55584
8.1754611 178.55583
8.1774595 178.55583
8.1794579 178.55582
8.1814563 178.55581
8.1834547 178.55581
8.1854531 178.5558
8.1874515 178.5558
8.1894499 178.55579
8.1914483 178.55579
8.1934467 178.55578
8.1954451 178.55577
8.1974435 178.55577
8.1994419 178.55576
8.2014403 178.55576
8.2034387 178.55575
8.2054371 178.55575
8.2074355 178.55574
8.2094339 178.55573
8.2114323 178.55573
8.2134307 178.55572
8.2154291 178.55572
8.2174275 178.55571
8.2194259 178.55571
8.2214243 178.5557
8.2234227 178.5557
8.2254211 178.55569
8.2274195 178.55568
8.2294179 178.55568
8.2314163 178.55567
8.2334147 178.55567
8.2354131 178.55566
8.2374115 178.55566
8.2394099 178.55565
8.2414083 178.55564
8.2434067 178.55564
8.2454051 178.55563
8.2474035 178.55563
8.2494019 178.55562
8.2514003 178.55562
8.2533987 178.55561
8.2553971 178.55561
8.2573955 178.5556
8.2593939 178.55559
8.2613923 178.55559
8.2633907 178.55558
8.2653891 178.55558
8.2673875 178.55557
8.2693859 178.55557
8.2713843 178.55556
8.2733827 178.55556
8.2753811 178.55555
8.2773795 178.55554
8.2793779 178.55554
8.2813763 178.55553
8.2833747 178.55553
8.2853731 178.55552
8.2873715 178.55552
8.2893699 178.55551
8.2913683 178.5555
8.2933667 178.5555
8.2953651 178.55549
8.2973635 178.55549
8.2993619 178.55548
8.3013603 178.55548
8.3033587 178.55547
8.3053571 178.55547
8.3073555 178.55546
8.3093539 178.55545
8.3113523 178.55545
8.3133507 178.55544
8.3153491 178.55544
8.3173475 178.55543
8.3193459 178.55543
8.3213443 178.55542
8.3233427 178.55542
8.3253411 178.55541
8.3273395 178.5554
8.3293379 178.5554
8.3313363 178.55539
8.3333347 178.55539
8.3353331 178.55538
8.3373315 178.55538
8.3393299 178.55537
8.3413283 178.55537
8.3433267 178.55536
8.3453251 178.55536
8.3473235 178.55535
8.3493219 178.55534
8.3513203 178.55534
8.3533187 178.55533
8.3553171 178.55533
8.3573155 178.55532
8.3593139 178.55532
8.3613123 178.55531
8.3633107 178.55531
8.3653091 178.5553
8.3673075 178.55529
8.3693059 178.55529
8.3713043 178.55528
8.3733027 178.55528
8.3753011 178.55527
8.3772995 178.55527
8.3792979 178.55526
8.3812963 178.55526
8.3832947 178.55525
8.3852931 178.55525
8.3872915 178.55524
8.3892899 178.55523
8.3912883 178.55523
8.3932867 178.55522
8.3952851 178.55522
8.3972835 178.55521
8.3992819 178.55521
8.4012803 178.5552
8.4032787 178.5552
8.4052771 178.55519
8.4072755 178.55519
8.4092739 178.55518
8.4112723 178.55517
8.4132707 178.55517
8.4152691 178.55516
8.4172675 178.55516
8.4192659 178.55515
8.4212643 178.55515
8.4232627 178.55514
8.4252611 178.55514
8.4272595 178.55513
8.4292579 178.55513
8.4312563 178.55512
8.4332547 178.55511
8.4352531 178.55511
8.4372515 178.5551
8.4392498 178.5551
8.4412482 178.55509
8.4432466 178.55509
8.445245 178.55508
8.4472434 178.55508
8.4492418 178.55507
8.4512402 178.55507
8.4532386 178.55506
8.455237 178.55505
8.4572354 178.55505
8.4592338 178.55504
8.4612322 178.55504
8.4632306 178.55503
8.465229 178.55503
8.4672274 178.55502
8.4692258 178.55502
8.4712242 178.55501
8.4732226 178.55501
8.475221 178.555
8.4772194 178.555
8.4792178 178.55499
8.4812162 178.55498
8.4832146 178.55498
8.485213 178.55497
8.4872114 178.55497
8.4892098 178.55496
8.4912082 178.55496
8.4932066 178.55495
8.495205 178.55495
8.4972034 178.55494
8.4992018 178.55494
8.5012002 178.55493
8.5031986 178.55493
8.505197 178.55492
8.5071954 178.55491
8.5091938 178.55491
8.5111922 178.5549
8.5131906 178.5549
8.515189 178.55489
8.5171874 178.55489
8.5191858 178.55488
8.5211842 178.55488
8.5231826 178.55487
8.525181 178.55487
8.5271794 178.55486
8.5291778 178.55486
8.5311762 178.55485
8.5331746 178.55485
8.535173 178.55484
8.5371714 178.55483
8.5391698 178.55483
8.5411682 178.55482
8.5431666 178.55482
8.545165 178.55481
8.5471634 178.55481
8.5491618 178.5548
8.5511602 178.5548
8.5531586 178.55479
8.555157 178.55479
8.5571554 178.55478
8.5591538 178.55478
8.5611522 178.55477
8.5631506 178.55477
8.565149 178.55476
8.5671474 178.55476
8.5691458 178.55475
8.5711442 178.55474
8.5731426 178.55474
8.575141 178.55473
8.5771394 178.55473
8.5791378 178.55472
8.5811362 178.55472
8.5831346 178.55471
8.585133 178.55471
8.5871314 178.5547
8.5891298 178.5547
8.5911282 178.55469
8.5931266 178.55469
8.595125 178.55468
8.5971234 178.55468
8.5991218 178.55467
8.6011202 178.55467
8.6031186 178.55466
8.605117 178.55465
8.6071154 178.55465
8.6091138 178.55464
8.6111122 178.55464
8.6131106 178.55463
8.615109 178.55463
8.6171074 178.55462
8.6191058 178.55462
8.6211042 178.55461
8.6231026 178.55461
8.625101 178.5546
8.6270994 178.5546
8.6290978 178.55459
8.6310962 178.55459
8.6330946 178.55458
8.635093 178.55458
8.6370914 178.55457
8.6390898 178.55457
8.6410882 178.55456
8.6430866 178.55456
8.645085 178.55455
8.6470834 178.55454
8.6490818 178.55454
8.6510802 178.55453
8.6530786 178.55453
8.655077 178.55452
8.6570754 178.55452
8.6590738 178.55451
8.6610722 178.55451
8.6630706 178.5545
8.665069 178.5545
8.6670674 178.55449
8.6690658 178.55449
8.6710642 178.55448
8.6730626 178.55448
8.675061 178.55447
8.6770594 178.55447
8.6790578 178.55446
8.6810562 178.55446
8.6830546 178.55445
8.685053 178.55445
8.6870514 178.55444
8.6890498 178.55444
8.6910482 178.55443
8.6930466 178.55443
8.695045 178.55442
8.6970434 178.55441
8.6990418 178.55441
8.7010402 178.5544
8.7030386 178.5544
8.705037 178.55439
8.7070354 178.55439
8.7090338 178.55438
8.7110322 178.55438
8.7130306 178.55437
8.715029 178.55437
8.7170274 178.55436
8.7190258 178.55436
8.7210242 178.55435
8.7230226 178.55435
8.725021 178.55434
8.7270194 178.55434
8.7290178 178.55433
8.7310162 178.55433
8.7330146 178.55432
8.735013 178.55432
8.7370114 178.55431
8.7390098 178.55431
8.7410082 178.5543
8.7430066 178.5543
8.745005 178.55429
8.7470034 178.55429
8.7490018 178.55428
8.7510002 178.55428
8.7529986 178.55427
8.754997 178.55427
8.7569954 178.55426
8.7589938 178.55426
8.7609922 178.55425
8.7629906 178.55425
8.764989 178.55424
8.7669874 178.55423
8.7689858 178.55423
8.7709842 178.55422
8.7729826 178.55422
8.774981 178.55421
8.7769794 178.55421
8.7789778 178.5542
8.7809762 178.5542
8.7829746 178.55419
8.784973 178.55419
8.7869714 178.55418
8.7889698 178.55418
8.7909682 178.55417
8.7929666 178.55417
8.794965 178.55416
8.7969634 178.55416
8.7989618 178.55415
8.8009602 178.55415
8.8029586 178.55414
8.804957 178.55414
8.8069554 178.55413
8.8089538 178.55413
8.8109522 178.55412
8.8129506 178.55412
8.814949 178.55411
8.8169474 178.55411
8.8189458 178.5541
8.8209442 178.5541
8.8229426 178.55409
8.824941 178.55409
8.8269394 178.55408
8.8289378 178.55408
8.8309362 178.55407
8.8329346 178.55407
8.834933 178.55406
8.8369314 178.55406
8.8389298 178.55405
8.8409282 178.55405
8.8429266 178.55404
8.844925 178.55404
8.8469234 178.55403
8.8489218 178.55403
8.8509202 178.55402
8.8529186 178.55402
8.854917 178.55401
8.8569154 178.55401
8.8589138 178.554
8.8609122 178.554
8.8629106 178.55399
8.864909 178.55399
8.8669074 178.55398
8.8689058 178.55398
8.8709042 178.55397
8.8729026 178.55397
8.874901 178.55396
8.8768994 178.55396
8.8788978 178.55395
8.8808962 178.55395
8.8828946 178.55394
8.884893 178.55394
8.8868914 178.55393
8.8888898 178.55393
8.8908882 178.55392
8.8928866 178.55392
8.894885 178.55391
8.8968834 178.55391
8.8988818 178.5539
8.9008802 178.5539
8.9028786 178.55389
8.904877 178.55389
8.9068754 178.55388
8.9088738 178.55388
8.9108722 178.55387
8.9128706 178.55387
8.914869 178.55386
8.9168674 178.55386
8.9188658 178.55385
8.9208642 178.55385
8.9228626 178.55384
8.924861 178.55384
8.9268594 178.55383
8.9288578 178.55383
8.9308562 178.55382
8.9328546 178.55382
8.934853 178.55381
8.9368514 178.55381
8.9388498 178.5538
8.9408482 178.5538
8.9428466 178.55379
8.944845 178.55379
8.9468434 178.55378
8.9488418 178.55378
8.9508402 178.55377
8.9528386 178.55377
8.954837 178.55376
8.9568354 178.55376
8.9588338 178.55375
8.9608322 178.55375
8.9628306 178.55374
8.964829 178.55374
8.9668274 178.55373
8.9688258 178.55373
8.9708242 178.55372
8.9728226 178.55372
8.974821 178.55371
8.9768194 178.55371
8.9788178 178.5537
8.9808162 178.5537
8.9828146 178.55369
8.984813 178.55369
8.9868114 178.55368
8.9888098 178.55368
8.9908082 178.55367
8.9928066 178.55367
8.994805 178.55366
8.9968034 178.55366
8.9988018 178.55365
9.0008002 178.55365
9.0027986 178.55364
9.004797 178.55364
9.0067954 178.55363
9.0087938 178.55363
9.0107922 178.55362
9.0127906 178.55362
9.014789 178.55361
9.0167874 178.55361
9.0187858 178.55361
9.0207842 178.5536
9.0227826 178.5536
9.024781 178.55359
9.0267794 178.55359
9.0287778 178.55358
9.0307762 178.55358
9.0327746 178.55357
9.034773 178.55357
9.0367714 178.55356
9.0387698 178.55356
9.0407682 178.55355
9.0427666 178.55355
9.044765 178.55354
9.0467634 178.55354
9.0487618 178.55353
9.0507602 178.55353
9.0527586 178.55352
9.054757 178.55352
9.0567554 178.55351
9.0587538 178.55351
9.0607522 178.5535
9.0627506 178.5535
9.0647489 178.55349
9.0667473 178.55349
9.0687457 178.55348
9.0707441 178.55348
9.0727425 178.55347
9.0747409 178.55347
9.0767393 178.55346
9.0787377 178.55346
9.0807361 178.55345
9.0827345 178.55345
9.0847329 178.55344
9.0867313 178.55344
9.0887297 178.55344
9.0907281 178.55343
9.0927265 178.55343
9.0947249 178.55342
9.0967233 178.55342
9.0987217 178.55341
9.1007201 178.55341
9.1027185 178.5534
9.1047169 178.5534
9.1067153 178.55339
9.1087137 178.55339
9.1107121 178.55338
9.1127105 178.55338
9.1147089 178.55337
9.1167073 178.55337
9.1187057 178.55336
9.1207041 178.55336
9.1227025 178.55335
9.1247009 178.55335
9.1266993 178.55334
9.1286977 178.55334
9.1306961 178.55333
9.1326945 178.55333
9.1346929 178.55332
9.1366913 178.55332
9.1386897 178.55332
9.1406881 178.55331
9.1426865 178.55331
9.1446849 178.5533
9.1466833 178.5533
9.1486817 178.55329
9.1506801 178.55329
9.1526785 178.55328
9.1546769 178.55328
9.1566753 178.55327
9.1586737 178.55327
9.1606721 178.55326
9.1626705 178.55326
9.1646689 178.55325
9.1666673 178.55325
9.1686657 178.55324
9.1706641 178.55324
9.1726625 178.55323
9.1746609 178.55323
9.1766593 178.55322
9.1786577 178.55322
9.1806561 178.55321
9.1826545 178.55321
9.1846529 178.55321
9.1866513 178.5532
9.1886497 178.5532
9.1906481 178.55319
9.1926465 178.55319
9.1946449 178.55318
9.1966433 178.55318
9.1986417 178.55317
9.2006401 178.55317
9.2026385 178.55316
9.2046369 178.55316
9.2066353 178.55315
9.2086337 178.55315
9.2106321 178.55314
9.2126305 178.55314
9.2146289 178.55313
9.2166273 178.55313
9.2186257 178.55313
9.2206241 178.55312
9.2226225 178.55312
9.2246209 178.55311
9.2266193 178.55311
9.2286177 178.5531
9.2306161 178.5531
9.2326145 178.55309
9.2346129 178.55309
9.2366113 178.55308
9.2386097 178.55308
9.2406081 178.55307
9.2426065 178.55307
9.2446049 178.55306
9.2466033 178.55306
9.2486017 178.55305
9.2506001 178.55305
9.2525985 178.55305
9.2545969 178.55304
9.2565953 178.55304
9.2585937 178.55303
9.2605921 178.55303
9.2625905 178.55302
9.2645889 178.55302
9.2665873 178.55301
9.2685857 178.55301
9.2705841 178.553
9.2725825 178.553
9.2745809 178.55299
9.2765793 178.55299
9.2785777 178.55298
9.2805761 178.55298
9.2825745 178.55297
9.2845729 178.55297
9.2865713 178.55297
9.2885697 178.55296
9.2905681 178.55296
9.2925665 178.55295
9.2945649 178.55295
9.2965633 178.55294
9.2985617 178.55294
9.3005601 178.55293
9.3025585 178.55293
9.3045569 178.55292
9.3065553 178.55292
9.3085537 178.55291
9.3105521 178.55291
9.3125505 178.55291
9.3145489 178.5529
9.3165473 178.5529
9.3185457 178.55289
9.3205441 178.55289
9.3225425 178.55288
9.3245409 178.55288
9.3265393 178.55287
9.3285377 178.55287
9.3305361 178.55286
9.3325345 178.55286
9.3345329 178.55285
9.3365313 178.55285
9.3385297 178.55284
9.3405281 178.55284
9.3425265 178.55284
9.3445249 178.55283
9.3465233 178.55283
9.3485217 178.55282
9.3505201 178.55282
9.3525185 178.55281
9.3545169 178.55281
9.3565153 178.5528
9.3585137 178.5528
9.3605121 178.55279
9.3625105 178.55279
9.3645089 178.55278
9.3665073 178.55278
9.3685057 178.55278
9.3705041 178.55277
9.3725025 178.55277
9.3745009 178.55276
9.3764993 178.55276
9.3784977 178.55275
9.3804961 178.55275
9.3824945 178.55274
9.3844929 178.55274
9.3864913 178.55273
9.3884897 178.55273
9.3904881 178.55273
9.3924865 178.55272
9.3944849 178.55272
9.3964833 178.55271
9.3984817 178.55271
9.4004801 178.5527
9.4024785 178.5527
9.4044769 178.55269
9.4064753 178.55269
9.4084737 178.55268
9.4104721 178.55268
9.4124705 178.55268
9.4144689 178.55267
9.4164673 178.55267
9.4184657 178.55266
9.4204641 178.55266
9.4224625 178.55265
9.4244609 178.55265
9.4264593 178.55264
9.4284577 178.55264
9.4304561 178.55263
9.4324545 178.55263
9.4344529 178.55262
9.4364513 178.55262
9.4384497 178.55262
9.4404481 178.55261
9.4424465 178.55261
9.4444449 178.5526
9.4464433 178.5526
9.4484417 178.55259
9.4504401 178.55259
9.4524385 178.55258
9.4544369 178.55258
9.4564353 178.55258
9.4584337 178.55257
9.4604321 178.55257
9.4624305 178.55256
9.4644289 178.55256
9.4664273 178.55255
9.4684257 178.55255
9.4704241 178.55254
9.4724225 178.55254
9.4744209 178.55253
9.4764193 178.55253
9.4784177 178.55253
9.4804161 178.55252
9.4824145 178.55252
9.4844129 178.55251
9.4864113 178.55251
9.4884097 178.5525
9.4904081 178.5525
9.4924065 178.55249
9.4944049 178.55249
9.4964033 178.55248
9.4984017 178.55248
9.5004001 178.55248
9.5023985 178.55247
9.5043969 178.55247
9.5063953 178.55246
9.5083937 178.55246
9.5103921 178.55245
9.5123905 178.55245
9.5143889 178.55244
9.5163873 178.55244
9.5183857 178.55244
9.5203841 178.55243
9.5223825 178.55243
9.5243809 178.55242
9.5263793 178.55242
9.5283777 178.55241
9.5303761 178.55241
9.5323745 178.5524
9.5343729 178.5524
9.5363713 178.5524
9.5383697 178.55239
9.5403681 178.55239
9.5423665 178.55238
9.5443649 178.55238
9.5463633 178.55237
9.5483617 178.55237
9.5503601 178.55236
9.5523585 178.55236
9.5543569 178.55236
9.5563553 178.55235
9.5583537 178.55235
9.5603521 178.55234
9.5623505 178.55234
9.5643489 178.55233
9.5663473 178.55233
9.5683457 178.55232
9.5703441 178.55232
9.5723425 178.55232
9.5743409 178.55231
9.5763393 178.55231
9.5783377 178.5523
9.5803361 178.5523
9.5823345 178.55229
9.5843329 178.55229
9.5863313 178.55228
9.5883297 178.55228
9.5903281 178.55228
9.5923265 178.55227
9.5943249 178.55227
9.5963233 178.55226
9.5983217 178.55226
9.6003201 178.55225
9.6023185 178.55225
9.6043169 178.55224
9.6063153 178.55224
9.6083137 178.55224
9.6103121 178.55223
9.6123105 178.55223
9.6143089 178.55222
9.6163073 178.55222
9.6183057 178.55221
9.6203041 178.55221
9.6223025 178.5522
9.6243009 178.5522
9.6262993 178.5522
9.6282977 178.55219
9.6302961 178.55219
9.6322945 178.55218
9.6342929 178.55218
9.6362913 178.55217
9.6382897 178.55217
9.6402881 178.55217
9.6422865 178.55216
9.6442849 178.55216
9.6462833 178.55215
9.6482817 178.55215
9.6502801 178.55214
9.6522785 178.55214
9.6542769 178.55213
9.6562753 178.55213
9.6582737 178.55213
9.6602721 178.55212
9.6622705 178.55212
9.6642689 178.55211
9.6662673 178.55211
9.6682657 178.5521
9.6702641 178.5521
9.6722625 178.5521
9.6742609 178.55209
9.6762593 178.55209
9.6782577 178.55208
9.6802561 178.55208
9.6822545 178.55207
9.6842529 178.55207
9.6862513 178.55206
9.6882496 178.55206
9.690248 178.55206
9.6922464 178.55205
9.6942448 178.55205
9.6962432 178.55204
9.6982416 178.55204
9.70024 178.55203
9.7022384 178.55203
9.7042368 178.55203
9.7062352 178.55202
9.7082336 178.55202
9.710232 178.55201
9.7122304 178.55201
9.7142288 178.552
9.7162272 178.552
9.7182256 178.552
9.720224 178.55199
9.7222224 178.55199
9.7242208 178.55198
9.7262192 178.55198
9.7282176 178.55197
9.730216 178.55197
9.7322144 178.55196
9.7342128 178.55196
9.7362112 178.55196
9.7382096 178.55195
9.740208 178.55195
9.7422064 178.55194
9.7442048 178.55194
9.7462032 178.55193
9.7482016 178.55193
9.7502 178.55193
9.7521984 178.55192
9.7541968 178.55192
9.7561952 178.55191
9.7581936 178.55191
9.760192 178.5519
9.7621904 178.5519
9.7641888 178.5519
9.7661872 178.55189
9.7681856 178.55189
9.770184 178.55188
9.7721824 178.55188
9.7741808 178.55187
9.7761792 178.55187
9.7781776 178.55187
9.780176 178.55186
9.7821744 178.55186
9.7841728 178.55185
9.7861712 178.55185
9.7881696 178.55184
9.790168 178.55184
9.7921664 178.55184
9.7941648 178.55183
9.7961632 178.55183
9.7981616 178.55182
9.80016 178.55182
9.8021584 178.55181
9.8041568 178.55181
9.8061552 178.55181
9.8081536 178.5518
9.810152 178.5518
9.8121504 178.55179
9.8141488 178.55179
9.8161472 178.55178
9.8181456 178.55178
9.820144 178.55178
9.8221424 178.55177
9.8241408 178.55177
9.8261392 178.55176
9.8281376 178.55176
9.830136 178.55175
9.8321344 178.55175
9.8341328 178.55175
9.8361312 178.55174
9.8381296 178.55174
9.840128 178.55173
9.8421264 178.55173
9.8441248 178.55173
9.8461232 178.55172
9.8481216 178.55172
9.85012 178.55171
9.8521184 178.55171
9.8541168 178.5517
9.8561152 178.5517
9.8581136 178.5517
9.860112 178.55169
9.8621104 178.55169
9.8641088 178.55168
9.8661072 178.55168
9.8681056 178.55167
9.870104 178.55167
9.8721024 178.55167
9.8741008 178.55166
9.8760992 178.55166
9.8780976 178.55165
9.880096 178.55165
9.8820944 178.55164
9.8840928 178.55164
9.8860912 178.55164
9.8880896 178.55163
9.890088 178.55163
9.8920864 178.55162
9.8940848 178.55162
9.8960832 178.55162
9.8980816 178.55161
9.90008 178.55161
9.9020784 178.5516
9.9040768 178.5516
9.9060752 178.55159
9.9080736 178.55159
9.910072 178.55159
9.9120704 178.55158
9.9140688 178.55158
9.9160672 178.55157
9.9180656 178.55157
9.920064 178.55157
9.9220624 178.55156
9.9240608 178.55156
9.9260592 178.55155
9.9280576 178.55155
9.930056 178.55154
9.9320544 178.55154
9.9340528 178.55154
9.9360512 178.55153
9.9380496 178.55153
9.940048 178.55152
9.9420464 178.55152
9.9440448 178.55152
9.9460432 178.55151
9.9480416 178.55151
9.95004 178.5515
9.9520384 178.5515
9.9540368 178.55149
9.9560352 178.55149
9.9580336 178.55149
9.960032 178.55148
9.9620304 178.55148
9.9640288 178.55147
9.9660272 178.55147
9.9680256 178.55147
9.970024 178.55146
9.9720224 178.55146
9.9740208 178.55145
9.9760192 178.55145
9.9780176 178.55144
9.980016 178.55144
9.9820144 178.55144
9.9840128 178.55143
9.9860112 178.55143
9.9880096 178.55142
9.990008 178.55142
9.9920064 178.55142
9.9940048 178.55141
9.9960032 178.55141
9.9980016 178.5514
10 178.5514

