0.01 33.938721
0.0119984 33.938721
0.013996799 33.938721
0.015995199 33.938721
0.017993599 33.938721
0.019991998 33.938721
0.021990398 33.938721
0.023988798 33.938721
0.025987197 33.938721
0.027985597 33.938721
0.029983997 33.938721
0.031982396 33.938721
0.033980796 33.938721
0.035979196 33.938721
0.037977596 33.938721
0.039975995 33.938721
0.041974395 33.938721
0.043972795 33.93872
0.045971194 33.93872
0.047969594 33.93872
0.049967994 33.938719
0.051966393 33.938717
0.053964793 33.938715
0.055963193 33.93871
0.057961592 33.938704
0.059959992 33.938693
0.061958392 33.938679
0.063956791 33.938658
0.065955191 33.938628
0.067953591 33.938588
0.06995199 33.938534
0.07195039 33.938462
0.07394879 33.93837
0.075947189 33.938251
0.077945589 33.938101
0.079943989 33.937914
0.081942388 33.937683
0.083940788 33.9374
0.085939188 33.937059
0.087937588 33.936649
0.089935987 33.936161
0.091934387 33.935585
0.093932787 33.934911
0.095931186 33.934126
0.097929586 33.933219
0.099927986 33.932177
0.10192639 33.930988
0.10392478 33.929639
0.10592318 33.928117
0.10792158 33.926408
0.10991998 33.9245
0.11191838 33.922382
0.11391678 33.920042
0.11591518 33.917469
0.11791358 33.914654
0.11991198 33.911589
0.12191038 33.908269
0.12390878 33.904688
0.12590718 33.900846
0.12790558 33.896743
0.12990398 33.89238
0.13190238 33.887765
0.13390078 33.882905
0.13589918 33.877812
0.13789758 33.872499
0.13989598 33.866983
0.14189438 33.861283
0.14389278 33.85542
0.14589118 33.849417
0.14788958 33.843301
0.14988798 33.837096
0.15188638 33.830832
0.15388478 33.824535
0.15588318 33.818235
0.15788158 33.811958
0.15987998 33.805732
0.16187838 33.799584
0.16387678 33.793539
0.16587518 33.787619
0.16787357 33.781846
0.16987197 33.776238
0.17187037 33.770811
0.17386877 33.765579
0.17586717 33.760549
0.17786557 33.755726
0.17986397 33.75111
0.18186237 33.746692
0.18386077 33.742458
0.18585917 33.738384
0.18785757 33.734435
0.18985597 33.730561
0.19185437 33.7267
0.19385277 33.722768
0.19585117 33.718658
0.19784957 33.714238
0.19984797 33.709338
0.20184637 33.703756
0.20384477 33.697257
0.20584317 33.689596
0.20784157 33.680565
0.20983997 33.670065
0.21183837 33.658193
0.21383677 33.645288
0.21583517 33.631903
0.21783357 33.61869
0.21983197 33.60624
0.22183037 33.594959
0.22382877 33.585029
0.22582717 33.576436
0.22782557 33.569042
0.22982396 33.562648
0.23182236 33.557041
0.23382076 33.552023
0.23581916 33.547425
0.23781756 33.543103
0.23981596 33.538946
0.24181436 33.534862
0.24381276 33.530787
0.24581116 33.526674
0.24780956 33.522494
0.24980796 33.518238
0.25180636 33.513911
0.25380476 33.509538
0.25580316 33.505154
0.25780156 33.500808
0.25979996 33.496557
0.26179836 33.492458
0.26379676 33.488565
0.26579516 33.484926
0.26779356 33.481576
0.26979196 33.478535
0.27179036 33.475812
0.27378876 33.473401
0.27578716 33.471286
0.27778556 33.469447
0.27978396 33.467855
0.28178236 33.466481
0.28378076 33.465293
0.28577916 33.46426
0.28777756 33.463347
0.28977596 33.462512
0.29177435 33.461704
0.29377275 33.460854
0.29577115 33.459863
0.29776955 33.458587
0.29976795 33.45682
0.30176635 33.45427
0.30376475 33.450535
0.30576315 33.445082
0.30776155 33.437229
0.30975995 33.426141
0.31175835 33.410838
0.31375675 33.390225
0.31575515 33.363123
0.31775355 33.328326
0.31975195 33.284641
0.32175035 33.230927
0.32374875 33.166129
0.32574715 33.089283
0.32774555 32.999528
0.32974395 32.896106
0.33174235 32.778363
0.33374075 32.645764
0.33573915 32.497912
0.33773755 32.334587
0.33973595 32.1558
0.34173435 31.961853
0.34373275 31.753414
0.34573115 31.531595
0.34772955 31.298005
0.34972795 31.054798
0.35172635 30.804668
0.35372474 30.5508
0.35572314 30.296765
0.35772154 30.04635
0.35971994 29.803362
0.36171834 29.571392
0.36371674 29.353607
0.36571514 29.152567
0.36771354 28.970107
0.36971194 28.807292
0.37171034 28.664442
0.37370874 28.541212
0.37570714 28.436715
0.37770554 28.349662
0.37970394 28.278504
0.38170234 28.221557
0.38370074 28.177109
0.38569914 28.1435
0.38769754 28.119179
0.38969594 28.102738
0.39169434 28.092929
0.39369274 28.088675
0.39569114 28.08906
0.39768954 28.09332
0.39968794 28.100836
0.40168634 28.111115
0.40368474 28.123775
0.40568314 28.138539
0.40768154 28.155214
0.40967994 28.173688
0.41167834 28.193917
0.41367674 28.215918
0.41567514 28.239763
0.41767353 28.265573
0.41967193 28.293514
0.42167033 28.32379
0.42366873 28.356642
0.42566713 28.392341
0.42766553 28.431185
0.42966393 28.473491
0.43166233 28.519587
0.43366073 28.569809
0.43565913 28.624483
0.43765753 28.683916
0.43965593 28.748382
0.44165433 28.8181
0.44365273 28.893221
0.44565113 28.973799
0.44764953 29.059776
0.44964793 29.150958
0.45164633 29.246996
0.45364473 29.347372
0.45564313 29.451391
0.45764153 29.55818
0.45963993 29.666697
0.46163833 29.775756
0.46363673 29.884052
0.46563513 29.990207
0.46763353 30.092817
0.46963193 30.190503
0.47163033 30.281964
0.47362873 30.366026
0.47562713 30.441682
0.47762553 30.508117
0.47962392 30.564735
0.48162232 30.611155
0.48362072 30.647211
0.48561912 30.672934
0.48761752 30.688529
0.48961592 30.69435
0.49161432 30.69087
0.49361272 30.678652
0.49561112 30.658323
0.49760952 30.630549
0.49960792 30.596016
0.50160632 30.555414
0.50360472 30.509421
0.50560312 30.458698
0.50760152 30.403879
0.50959992 30.34557
0.51159832 30.284345
0.51359672 30.220742
0.51559512 30.15527
0.51759352 30.088403
0.51959192 30.020587
0.52159032 29.952237
0.52358872 29.883738
0.52558712 29.815451
0.52758552 29.74771
0.52958392 29.680823
0.53158232 29.615074
0.53358072 29.550724
0.53557912 29.488011
0.53757752 29.427152
0.53957592 29.368338
0.54157431 29.311744
0.54357271 29.257521
0.54557111 29.2058
0.54756951 29.156693
0.54956791 29.110293
0.55156631 29.066677
0.55356471 29.025903
0.55556311 28.988012
0.55756151 28.953031
0.55955991 28.920974
0.56155831 28.891838
0.56355671 28.865611
0.56555511 28.842266
0.56755351 28.821769
0.56955191 28.804072
0.57155031 28.789121
0.57354871 28.776851
0.57554711 28.767192
0.57754551 28.760065
0.57954391 28.755385
0.58154231 28.753065
0.58354071 28.753009
0.58553911 28.755121
0.58753751 28.7593
0.58953591 28.765445
0.59153431 28.773451
0.59353271 28.783217
0.59553111 28.794638
0.59752951 28.807613
0.59952791 28.822043
0.60152631 28.837829
0.6035247 28.854878
0.6055231 28.8731
0.6075215 28.892407
0.6095199 28.912718
0.6115183 28.933955
0.6135167 28.956045
0.6155151 28.978921
0.6175135 29.00252
0.6195119 29.026783
0.6215103 29.051658
0.6235087 29.077095
0.6255071 29.103051
0.6275055 29.129487
0.6295039 29.156367
0.6315023 29.183659
0.6335007 29.211337
0.6354991 29.239376
0.6374975 29.267756
0.6394959 29.296461
0.6414943 29.325476
0.6434927 29.354791
0.6454911 29.384398
0.6474895 29.414293
0.6494879 29.444475
0.6514863 29.474945
0.6534847 29.505708
0.6554831 29.536774
0.6574815 29.568154
0.6594799 29.599864
0.6614783 29.631923
0.6634767 29.664358
0.6654751 29.697195
0.66747349 29.730471
0.66947189 29.764226
0.67147029 29.798505
0.67346869 29.833362
0.67546709 29.868857
0.67746549 29.90506
0.67946389 29.942048
0.68146229 29.979909
0.68346069 30.018739
0.68545909 30.058648
0.68745749 30.099757
0.68945589 30.142199
0.69145429 30.186122
0.69345269 30.231688
0.69545109 30.279075
0.69744949 30.328475
0.69944789 30.380099
0.70144629 30.434173
0.70344469 30.490942
0.70544309 30.550667
0.70744149 30.613629
0.70943989 30.680124
0.71143829 30.750467
0.71343669 30.82499
0.71543509 30.904044
0.71743349 30.987996
0.71943189 31.077232
0.72143029 31.172158
0.72342869 31.273204
0.72542709 31.380822
0.72742549 31.495499
0.72942388 31.617756
0.73142228 31.748164
0.73342068 31.887347
0.73541908 32.036004
0.73741748 32.194919
0.73941588 32.36498
0.74141428 32.547204
0.74341268 32.742756
0.74541108 32.952978
0.74740948 33.179417
0.74940788 33.423854
0.75140628 33.688342
0.75340468 33.975238
0.75540308 34.287239
0.75740148 34.62743
0.75939988 34.999312
0.76139828 35.406852
0.76339668 35.854505
0.76539508 36.347247
0.76739348 36.890578
0.76939188 37.490512
0.77139028 38.153527
0.77338868 38.886481
0.77538708 39.696471
0.77738548 40.590636
0.77938388 41.575893
0.78138228 42.658618
0.78338068 43.844263
0.78537908 45.136956
0.78737748 46.539082
0.78937588 48.050913
0.79137427 49.670309
0.79337267 51.392552
0.79537107 53.210332
0.79736947 55.113918
0.79936787 57.091509
0.80136627 59.12974
0.80336467 61.214296
0.80536307 63.330574
0.80736147 65.464334
0.80935987 67.602265
0.81135827 69.732433
0.81335667 71.844584
0.81535507 73.930293
0.81735347 75.98297
0.81935187 77.997756
0.82135027 79.97134
0.82334867 81.901722
0.82534707 83.787954
0.82734547 85.629895
0.82934387 87.427975
0.83134227 89.182996
0.83334067 90.895971
0.83533907 92.567997
0.83733747 94.200159
0.83933587 95.79347
0.84133427 97.348837
0.84333267 98.867042
0.84533107 100.34874
0.84732947 101.79447
0.84932787 103.20469
0.85132627 104.57976
0.85332466 105.92
0.85532306 107.22571
0.85732146 108.49718
0.85931986 109.7347
0.86131826 110.93863
0.86331666 112.10935
0.86531506 113.2473
0.86731346 114.35299
0.86931186 115.42702
0.87131026 116.47002
0.87330866 117.48274
0.87530706 118.46597
0.87730546 119.42057
0.87930386 120.34747
0.88130226 121.24763
0.88330066 122.12207
0.88529906 122.97185
0.88729746 123.79805
0.88929586 124.60176
0.89129426 125.3841
0.89329266 126.14617
0.89529106 126.88908
0.89728946 127.61391
0.89928786 128.32175
0.90128626 129.01362
0.90328466 129.69054
0.90528306 130.35349
0.90728146 131.0034
0.90927986 131.64116
0.91127826 132.26761
0.91327666 132.88355
0.91527506 133.48972
0.91727345 134.08681
0.91927185 134.67548
0.92127025 135.2563
0.92326865 135.82982
0.92526705 136.39653
0.92726545 136.95687
0.92926385 137.51123
0.93126225 138.05998
0.93326065 138.6034
0.93525905 139.14178
0.93725745 139.67533
0.93925585 140.20425
0.94125425 140.72869
0.94325265 141.24878
0.94525105 141.76462
0.94724945 142.27627
0.94924785 142.78377
0.95124625 143.28716
0.95324465 143.78643
0.95524305 144.28157
0.95724145 144.77255
0.95923985 145.25933
0.96123825 145.74185
0.96323665 146.22005
0.96523505 146.69385
0.96723345 147.16319
0.96923185 147.62796
0.97123025 148.0881
0.97322865 148.5435
0.97522705 148.99409
0.97722545 149.43976
0.97922384 149.88043
0.98122224 150.31601
0.98322064 150.74641
0.98521904 151.17155
0.98721744 151.59136
0.98921584 152.00575
0.99121424 152.41465
0.99321264 152.81801
0.99521104 153.21575
0.99720944 153.60782
0.99920784 153.99418
1.0012062 154.37477
1.0032046 154.74956
1.005203 155.11851
1.0072014 155.48159
1.0091998 155.83879
1.0111982 156.19008
1.0131966 156.53545
1.015195 156.8749
1.0171934 157.20842
1.0191918 157.53602
1.0211902 157.85771
1.0231886 158.1735
1.025187 158.48341
1.0271854 158.78745
1.0291838 159.08566
1.0311822 159.37807
1.0331806 159.66471
1.035179 159.94562
1.0371774 160.22083
1.0391758 160.4904
1.0411742 160.75437
1.0431726 161.01279
1.045171 161.26572
1.0471694 161.5132
1.0491678 161.7553
1.0511662 161.99208
1.0531646 162.2236
1.055163 162.44992
1.0571614 162.6711
1.0591598 162.88723
1.0611582 163.09836
1.0631566 163.30456
1.065155 163.50591
1.0671534 163.70248
1.0691518 163.89433
1.0711502 164.08156
1.0731486 164.26422
1.075147 164.4424
1.0771454 164.61618
1.0791438 164.78562
1.0811422 164.95081
1.0831406 165.11182
1.085139 165.26874
1.0871374 165.42163
1.0891358 165.57059
1.0911342 165.71568
1.0931326 165.85698
1.095131 165.99458
1.0971294 166.12855
1.0991278 166.25897
1.1011262 166.38592
1.1031246 166.50947
1.105123 166.6297
1.1071214 166.74669
1.1091198 166.86051
1.1111182 166.97125
1.1131166 167.07896
1.115115 167.18375
1.1171134 167.28566
1.1191118 167.38478
1.1211102 167.48119
1.1231086 167.57495
1.125107 167.66614
1.1271054 167.75482
1.1291038 167.84108
1.1311022 167.92497
1.1331006 168.00656
1.135099 168.08594
1.1370974 168.16315
1.1390958 168.23827
1.1410942 168.31137
1.1430926 168.3825
1.145091 168.45174
1.1470894 168.51914
1.1490878 168.58476
1.1510862 168.64868
1.1530846 168.71094
1.155083 168.77161
1.1570814 168.83075
1.1590798 168.8884
1.1610782 168.94463
1.1630766 168.9995
1.165075 169.05305
1.1670734 169.10534
1.1690718 169.15642
1.1710702 169.20635
1.1730686 169.25516
1.175067 169.30292
1.1770654 169.34966
1.1790638 169.39544
1.1810622 169.44029
1.1830606 169.48427
1.185059 169.52742
1.1870574 169.56978
1.1890558 169.61138
1.1910542 169.65228
1.1930526 169.69251
1.195051 169.73211
1.1970494 169.77111
1.1990478 169.80955
1.2010462 169.84747
1.2030446 169.88489
1.205043 169.92186
1.2070414 169.9584
1.2090398 169.99455
1.2110382 170.03034
1.2130366 170.06578
1.215035 170.10092
1.2170334 170.13578
1.2190318 170.17038
1.2210302 170.20475
1.2230286 170.23891
1.225027 170.27289
1.2270254 170.30671
1.2290238 170.34039
1.2310222 170.37395
1.2330206 170.40741
1.235019 170.44079
1.2370174 170.47411
1.2390158 170.50738
1.2410142 170.54062
1.2430126 170.57385
1.245011 170.60708
1.2470094 170.64032
1.2490078 170.67359
1.2510062 170.7069
1.2530046 170.74026
1.255003 170.77368
1.2570014 170.80718
1.2589998 170.84076
1.2609982 170.87443
1.2629966 170.9082
1.264995 170.94209
1.2669934 170.97608
1.2689918 171.0102
1.2709902 171.04445
1.2729886 171.07883
1.274987 171.11335
1.2769854 171.14801
1.2789838 171.18282
1.2809822 171.21778
1.2829806 171.25289
1.284979 171.28815
1.2869774 171.32358
1.2889758 171.35916
1.2909742 171.39491
1.2929726 171.43081
1.294971 171.46687
1.2969694 171.5031
1.2989678 171.53949
1.3009662 171.57603
1.3029646 171.61274
1.304963 171.6496
1.3069614 171.68662
1.3089598 171.72379
1.3109582 171.76111
1.3129566 171.79858
1.314955 171.83619
1.3169534 171.87395
1.3189518 171.91185
1.3209502 171.94988
1.3229486 171.98804
1.324947 172.02633
1.3269454 172.06475
1.3289438 172.10328
1.3309422 172.14193
1.3329406 172.18068
1.334939 172.21954
1.3369374 172.2585
1.3389358 172.29755
1.3409342 172.3367
1.3429326 172.37592
1.344931 172.41523
1.3469294 172.4546
1.3489278 172.49404
1.3509262 172.53355
1.3529246 172.5731
1.354923 172.61271
1.3569214 172.65236
1.3589198 172.69204
1.3609182 172.73176
1.3629166 172.7715
1.364915 172.81126
1.3669134 172.85103
1.3689118 172.8908
1.3709102 172.93057
1.3729086 172.97034
1.374907 173.01009
1.3769054 173.04983
1.3789038 173.08953
1.3809022 173.12921
1.3829006 173.16884
1.384899 173.20843
1.3868974 173.24797
1.3888958 173.28746
1.3908942 173.32687
1.3928926 173.36622
1.394891 173.40549
1.3968894 173.44468
1.3988878 173.48378
1.4008862 173.52279
1.4028846 173.5617
1.404883 173.6005
1.4068814 173.63919
1.4088798 173.67776
1.4108782 173.71621
1.4128766 173.75453
1.414875 173.79271
1.4168734 173.83076
1.4188718 173.86865
1.4208702 173.9064
1.4228686 173.94399
1.424867 173.98142
1.4268654 174.01869
1.4288638 174.05578
1.4308622 174.09269
1.4328606 174.12942
1.434859 174.16597
1.4368574 174.20233
1.4388558 174.23848
1.4408542 174.27444
1.4428526 174.3102
1.444851 174.34574
1.4468494 174.38107
1.4488478 174.41618
1.4508462 174.45107
1.4528446 174.48573
1.454843 174.52017
1.4568414 174.55437
1.4588398 174.58833
1.4608382 174.62205
1.4628366 174.65552
1.464835 174.68875
1.4668334 174.72172
1.4688318 174.75444
1.4708302 174.7869
1.4728286 174.81909
1.474827 174.85102
1.4768254 174.88269
1.4788238 174.91408
1.4808222 174.9452
1.4828206 174.97604
1.484819 175.0066
1.4868174 175.03688
1.4888158 175.06688
1.4908142 175.09659
1.4928126 175.12601
1.494811 175.15514
1.4968094 175.18397
1.4988078 175.21251
1.5008062 175.24075
1.5028046 175.2687
1.504803 175.29634
1.5068014 175.32368
1.5087998 175.35071
1.5107982 175.37744
1.5127966 175.40386
1.514795 175.42998
1.5167934 175.45578
1.5187918 175.48127
1.5207902 175.50644
1.5227886 175.53131
1.524787 175.55585
1.5267854 175.58009
1.5287838 175.604
1.5307822 175.6276
1.5327806 175.65088
1.534779 175.67383
1.5367774 175.69647
1.5387758 175.71879
1.5407742 175.74079
1.5427726 175.76246
1.544771 175.78382
1.5467694 175.80485
1.5487678 175.82556
1.5507662 175.84594
1.5527646 175.86601
1.554763 175.88575
1.5567614 175.90517
1.5587598 175.92426
1.5607582 175.94303
1.5627566 175.96148
1.564755 175.97961
1.5667534 175.99741
1.5687518 176.01489
1.5707502 176.03205
1.5727485 176.04889
1.5747469 176.06541
1.5767453 176.08161
1.5787437 176.09749
1.5807421 176.11304
1.5827405 176.12828
1.5847389 176.14321
1.5867373 176.15781
1.5887357 176.1721
1.5907341 176.18607
1.5927325 176.19973
1.5947309 176.21307
1.5967293 176.2261
1.5987277 176.23882
1.6007261 176.25123
1.6027245 176.26333
1.6047229 176.27512
1.6067213 176.2866
1.6087197 176.29777
1.6107181 176.30864
1.6127165 176.3192
1.6147149 176.32946
1.6167133 176.33942
1.6187117 176.34908
1.6207101 176.35843
1.6227085 176.36749
1.6247069 176.37625
1.6267053 176.38472
1.6287037 176.3929
1.6307021 176.40078
1.6327005 176.40837
1.6346989 176.41567
1.6366973 176.42268
1.6386957 176.4294
1.6406941 176.43584
1.6426925 176.442
1.6446909 176.44787
1.6466893 176.45347
1.6486877 176.45878
1.6506861 176.46382
1.6526845 176.46859
1.6546829 176.47308
1.6566813 176.4773
1.6586797 176.48124
1.6606781 176.48492
1.6626765 176.48833
1.6646749 176.49148
1.6666733 176.49437
1.6686717 176.49699
1.6706701 176.49935
1.6726685 176.50146
1.6746669 176.5033
1.6766653 176.5049
1.6786637 176.50624
1.6806621 176.50733
1.6826605 176.50817
1.6846589 176.50877
1.6866573 176.50912
1.6886557 176.50923
1.6906541 176.50909
1.6926525 176.50872
1.6946509 176.50811
1.6966493 176.50726
1.6986477 176.50618
1.7006461 176.50487
1.7026445 176.50332
1.7046429 176.50155
1.7066413 176.49956
1.7086397 176.49733
1.7106381 176.49489
1.7126365 176.49223
1.7146349 176.48934
1.7166333 176.48625
1.7186317 176.48293
1.7206301 176.4794
1.7226285 176.47567
1.7246269 176.47172
1.7266253 176.46757
1.7286237 176.46321
1.7306221 176.45865
1.7326205 176.45389
1.7346189 176.44893
1.7366173 176.44377
1.7386157 176.43841
1.7406141 176.43286
1.7426125 176.42712
1.7446109 176.42119
1.7466093 176.41508
1.7486077 176.40877
1.7506061 176.40229
1.7526045 176.39562
1.7546029 176.38877
1.7566013 176.38174
1.7585997 176.37454
1.7605981 176.36716
1.7625965 176.35961
1.7645949 176.35189
1.7665933 176.34399
1.7685917 176.33594
1.7705901 176.32771
1.7725885 176.31933
1.7745869 176.31078
1.7765853 176.30207
1.7785837 176.2932
1.7805821 176.28418
1.7825805 176.275
1.7845789 176.26567
1.7865773 176.25619
1.7885757 176.24656
1.7905741 176.23679
1.7925725 176.22687
1.7945709 176.2168
1.7965693 176.20659
1.7985677 176.19625
1.8005661 176.18576
1.8025645 176.17514
1.8045629 176.16438
1.8065613 176.15349
1.8085597 176.14247
1.8105581 176.13132
1.8125565 176.12004
1.8145549 176.10863
1.8165533 176.0971
1.8185517 176.08544
1.8205501 176.07367
1.8225485 176.06177
1.8245469 176.04976
1.8265453 176.03763
1.8285437 176.02538
1.8305421 176.01302
1.8325405 176.00055
1.8345389 175.98797
1.8365373 175.97528
1.8385357 175.96248
1.8405341 175.94958
1.8425325 175.93657
1.8445309 175.92347
1.8465293 175.91026
1.8485277 175.89695
1.8505261 175.88354
1.8525245 175.87004
1.8545229 175.85644
1.8565213 175.84275
1.8585197 175.82896
1.8605181 175.81509
1.8625165 175.80113
1.8645149 175.78708
1.8665133 175.77294
1.8685117 175.75872
1.8705101 175.74441
1.8725085 175.73003
1.8745069 175.71556
1.8765053 175.70101
1.8785037 175.68639
1.8805021 175.67169
1.8825005 175.65691
1.8844989 175.64206
1.8864973 175.62714
1.8884957 175.61214
1.8904941 175.59708
1.8924925 175.58195
1.8944909 175.56675
1.8964893 175.55148
1.8984877 175.53615
1.9004861 175.52075
1.9024845 175.5053
1.9044829 175.48978
1.9064813 175.4742
1.9084797 175.45857
1.9104781 175.44287
1.9124765 175.42712
1.9144749 175.41132
1.9164733 175.39546
1.9184717 175.37955
1.9204701 175.36358
1.9224685 175.34757
1.9244669 175.3315
1.9264653 175.31539
1.9284637 175.29923
1.9304621 175.28303
1.9324605 175.26678
1.9344589 175.25048
1.9364573 175.23415
1.9384557 175.21777
1.9404541 175.20135
1.9424525 175.18489
1.9444509 175.16839
1.9464493 175.15186
1.9484477 175.13529
1.9504461 175.11868
1.9524445 175.10204
1.9544429 175.08536
1.9564413 175.06865
1.9584397 175.05191
1.9604381 175.03514
1.9624365 175.01834
1.9644349 175.00151
1.9664333 174.98465
1.9684317 174.96777
1.9704301 174.95086
1.9724285 174.93392
1.9744269 174.91696
1.9764253 174.89998
1.9784237 174.88297
1.9804221 174.86594
1.9824205 174.84889
1.9844189 174.83182
1.9864173 174.81473
1.9884157 174.79763
1.9904141 174.7805
1.9924125 174.76336
1.9944109 174.7462
1.9964093 174.72903
1.9984077 174.71185
2.0004061 174.69465
2.0024045 174.67743
2.0044029 174.66021
2.0064013 174.64297
2.0083997 174.62572
2.0103981 174.60847
2.0123965 174.5912
2.0143949 174.57392
2.0163933 174.55664
2.0183917 174.53935
2.0203901 174.52206
2.0223885 174.50476
2.0243869 174.48745
2.0263853 174.47014
2.0283837 174.45283
2.0303821 174.43551
2.0323805 174.41819
2.0343789 174.40087
2.0363773 174.38355
2.0383757 174.36622
2.0403741 174.3489
2.0423725 174.33158
2.0443709 174.31426
2.0463693 174.29694
2.0483677 174.27962
2.0503661 174.26231
2.0523645 174.245
2.0543629 174.2277
2.0563613 174.2104
2.0583597 174.19311
2.0603581 174.17582
2.0623565 174.15854
2.0643549 174.14126
2.0663533 174.124
2.0683517 174.10674
2.0703501 174.08949
2.0723485 174.07225
2.0743469 174.05501
2.0763453 174.03779
2.0783437 174.02058
2.0803421 174.00338
2.0823405 173.9862
2.0843389 173.96902
2.0863373 173.95186
2.0883357 173.93471
2.0903341 173.91757
2.0923325 173.90045
2.0943309 173.88334
2.0963293 173.86624
2.0983277 173.84916
2.1003261 173.8321
2.1023245 173.81505
2.1043229 173.79802
2.1063213 173.78101
2.1083197 173.76401
2.1103181 173.74703
2.1123165 173.73007
2.1143149 173.71313
2.1163133 173.6962
2.1183117 173.6793
2.1203101 173.66241
2.1223085 173.64554
2.1243069 173.6287
2.1263053 173.61187
2.1283037 173.59507
2.1303021 173.57829
2.1323005 173.56152
2.1342989 173.54478
2.1362973 173.52807
2.1382957 173.51137
2.1402941 173.4947
2.1422925 173.47805
2.1442909 173.46142
2.1462893 173.44482
2.1482877 173.42824
2.1502861 173.41169
2.1522845 173.39516
2.1542829 173.37866
2.1562813 173.36218
2.1582797 173.34573
2.1602781 173.3293
2.1622765 173.3129
2.1642749 173.29652
2.1662733 173.28017
2.1682717 173.26385
2.1702701 173.24756
2.1722685 173.23129
2.1742669 173.21505
2.1762653 173.19884
2.1782637 173.18265
2.1802621 173.1665
2.1822605 173.15037
2.1842589 173.13427
2.1862573 173.1182
2.1882557 173.10216
2.1902541 173.08614
2.1922525 173.07016
2.1942509 173.05421
2.1962492 173.03829
2.1982476 173.02239
2.200246 173.00653
2.2022444 172.9907
2.2042428 172.9749
2.2062412 172.95912
2.2082396 172.94338
2.210238 172.92767
2.2122364 172.912
2.2142348 172.89635
2.2162332 172.88074
2.2182316 172.86515
2.22023 172.8496
2.2222284 172.83408
2.2242268 172.8186
2.2262252 172.80314
2.2282236 172.78772
2.230222 172.77233
2.2322204 172.75698
2.2342188 172.74165
2.2362172 172.72636
2.2382156 172.7111
2.240214 172.69588
2.2422124 172.68069
2.2442108 172.66553
2.2462092 172.65041
2.2482076 172.63532
2.250206 172.62027
2.2522044 172.60524
2.2542028 172.59026
2.2562012 172.5753
2.2581996 172.56038
2.260198 172.5455
2.2621964 172.53065
2.2641948 172.51583
2.2661932 172.50105
2.2681916 172.48631
2.27019 172.47159
2.2721884 172.45692
2.2741868 172.44228
2.2761852 172.42767
2.2781836 172.4131
2.280182 172.39856
2.2821804 172.38406
2.2841788 172.3696
2.2861772 172.35516
2.2881756 172.34077
2.290174 172.32641
2.2921724 172.31209
2.2941708 172.2978
2.2961692 172.28355
2.2981676 172.26933
2.300166 172.25515
2.3021644 172.241
2.3041628 172.22689
2.3061612 172.21282
2.3081596 172.19878
2.310158 172.18478
2.3121564 172.17082
2.3141548 172.15689
2.3161532 172.143
2.3181516 172.12914
2.32015 172.11532
2.3221484 172.10153
2.3241468 172.08778
2.3261452 172.07407
2.3281436 172.0604
2.330142 172.04676
2.3321404 172.03315
2.3341388 172.01959
2.3361372 172.00606
2.3381356 171.99256
2.340134 171.9791
2.3421324 171.96568
2.3441308 171.9523
2.3461292 171.93895
2.3481276 171.92564
2.350126 171.91236
2.3521244 171.89912
2.3541228 171.88592
2.3561212 171.87275
2.3581196 171.85962
2.360118 171.84653
2.3621164 171.83347
2.3641148 171.82045
2.3661132 171.80746
2.3681116 171.79451
2.37011 171.7816
2.3721084 171.76873
2.3741068 171.75589
2.3761052 171.74308
2.3781036 171.73032
2.380102 171.71759
2.3821004 171.70489
2.3840988 171.69223
2.3860972 171.67961
2.3880956 171.66703
2.390094 171.65448
2.3920924 171.64197
2.3940908 171.62949
2.3960892 171.61705
2.3980876 171.60464
2.400086 171.59227
2.4020844 171.57994
2.4040828 171.56765
2.4060812 171.55538
2.4080796 171.54316
2.410078 171.53097
2.4120764 171.51882
2.4140748 171.5067
2.4160732 171.49462
2.4180716 171.48257
2.42007 171.47057
2.4220684 171.45859
2.4240668 171.44665
2.4260652 171.43475
2.4280636 171.42288
2.430062 171.41105
2.4320604 171.39926
2.4340588 171.3875
2.4360572 171.37577
2.4380556 171.36408
2.440054 171.35243
2.4420524 171.34081
2.4440508 171.32922
2.4460492 171.31767
2.4480476 171.30616
2.450046 171.29468
2.4520444 171.28324
2.4540428 171.27183
2.4560412 171.26046
2.4580396 171.24912
2.460038 171.23781
2.4620364 171.22654
2.4640348 171.21531
2.4660332 171.20411
2.4680316 171.19294
2.47003 171.18181
2.4720284 171.17072
2.4740268 171.15965
2.4760252 171.14863
2.4780236 171.13763
2.480022 171.12668
2.4820204 171.11575
2.4840188 171.10486
2.4860172 171.094
2.4880156 171.08318
2.490014 171.07239
2.4920124 171.06164
2.4940108 171.05092
2.4960092 171.04023
2.4980076 171.02958
2.500006 171.01896
2.5020044 171.00837
2.5040028 170.99782
2.5060012 170.9873
2.5079996 170.97681
2.509998 170.96636
2.5119964 170.95594
2.5139948 170.94555
2.5159932 170.9352
2.5179916 170.92488
2.51999 170.91459
2.5219884 170.90434
2.5239868 170.89412
2.5259852 170.88393
2.5279836 170.87377
2.529982 170.86365
2.5319804 170.85356
2.5339788 170.8435
2.5359772 170.83347
2.5379756 170.82348
2.539974 170.81352
2.5419724 170.80359
2.5439708 170.79369
2.5459692 170.78382
2.5479676 170.77399
2.549966 170.76419
2.5519644 170.75442
2.5539628 170.74468
2.5559612 170.73497
2.5579596 170.7253
2.559958 170.71566
2.5619564 170.70604
2.5639548 170.69646
2.5659532 170.68691
2.5679516 170.6774
2.56995 170.66791
2.5719484 170.65845
2.5739468 170.64903
2.5759452 170.63963
2.5779436 170.63027
2.579942 170.62094
2.5819404 170.61164
2.5839388 170.60237
2.5859372 170.59312
2.5879356 170.58391
2.589934 170.57473
2.5919324 170.56559
2.5939308 170.55647
2.5959292 170.54738
2.5979276 170.53832
2.599926 170.52929
2.6019244 170.52029
2.6039228 170.51132
2.6059212 170.50238
2.6079196 170.49347
2.609918 170.48459
2.6119164 170.47574
2.6139148 170.46691
2.6159132 170.45812
2.6179116 170.44936
2.61991 170.44062
2.6219084 170.43192
2.6239068 170.42324
2.6259052 170.4146
2.6279036 170.40598
2.629902 170.39739
2.6319004 170.38883
2.6338988 170.3803
2.6358972 170.37179
2.6378956 170.36332
2.639894 170.35487
2.6418924 170.34645
2.6438908 170.33806
2.6458892 170.3297
2.6478876 170.32137
2.649886 170.31306
2.6518844 170.30478
2.6538828 170.29653
2.6558812 170.28831
2.6578796 170.28011
2.659878 170.27195
2.6618764 170.26381
2.6638748 170.25569
2.6658732 170.24761
2.6678716 170.23955
2.66987 170.23152
2.6718684 170.22351
2.6738668 170.21554
2.6758652 170.20759
2.6778636 170.19966
2.679862 170.19177
2.6818604 170.1839
2.6838588 170.17606
2.6858572 170.16824
2.6878556 170.16045
2.689854 170.15269
2.6918524 170.14495
2.6938508 170.13724
2.6958492 170.12955
2.6978476 170.12189
2.699846 170.11426
2.7018444 170.10665
2.7038428 170.09907
2.7058412 170.09152
2.7078396 170.08399
2.709838 170.07648
2.7118364 170.069
2.7138348 170.06155
2.7158332 170.05412
2.7178316 170.04672
2.71983 170.03934
2.7218284 170.03199
2.7238268 170.02466
2.7258252 170.01736
2.7278236 170.01008
2.729822 170.00283
2.7318204 169.9956
2.7338188 169.98839
2.7358172 169.98121
2.7378156 169.97406
2.739814 169.96693
2.7418124 169.95982
2.7438108 169.95274
2.7458092 169.94568
2.7478076 169.93865
2.749806 169.93164
2.7518044 169.92465
2.7538028 169.91769
2.7558012 169.91075
2.7577996 169.90384
2.759798 169.89695
2.7617964 169.89008
2.7637948 169.88324
2.7657932 169.87642
2.7677916 169.86962
2.76979 169.86284
2.7717884 169.85609
2.7737868 169.84937
2.7757852 169.84266
2.7777836 169.83598
2.779782 169.82932
2.7817804 169.82268
2.7837788 169.81607
2.7857772 169.80948
2.7877756 169.80291
2.789774 169.79637
2.7917724 169.78984
2.7937708 169.78334
2.7957692 169.77686
2.7977676 169.77041
2.799766 169.76397
2.8017644 169.75756
2.8037628 169.75117
2.8057612 169.7448
2.8077596 169.73845
2.809758 169.73213
2.8117564 169.72582
2.8137548 169.71954
2.8157532 169.71328
2.8177516 169.70704
2.8197499 169.70082
2.8217483 169.69463
2.8237467 169.68845
2.8257451 169.6823
2.8277435 169.67616
2.8297419 169.67005
2.8317403 169.66396
2.8337387 169.65789
2.8357371 169.65184
2.8377355 169.64581
2.8397339 169.63981
2.8417323 169.63382
2.8437307 169.62785
2.8457291 169.6219
2.8477275 169.61598
2.8497259 169.61007
2.8517243 169.60419
2.8537227 169.59832
2.8557211 169.59248
2.8577195 169.58665
2.8597179 169.58084
2.8617163 169.57506
2.8637147 169.56929
2.8657131 169.56355
2.8677115 169.55782
2.8697099 169.55211
2.8717083 169.54643
2.8737067 169.54076
2.8757051 169.53511
2.8777035 169.52948
2.8797019 169.52387
2.8817003 169.51828
2.8836987 169.51271
2.8856971 169.50716
2.8876955 169.50162
2.8896939 169.49611
2.8916923 169.49061
2.8936907 169.48514
2.8956891 169.47968
2.8976875 169.47424
2.8996859 169.46882
2.9016843 169.46341
2.9036827 169.45803
2.9056811 169.45266
2.9076795 169.44732
2.9096779 169.44199
2.9116763 169.43668
2.9136747 169.43138
2.9156731 169.42611
2.9176715 169.42085
2.9196699 169.41561
2.9216683 169.41039
2.9236667 169.40519
2.9256651 169.40001
2.9276635 169.39484
2.9296619 169.38969
2.9316603 169.38456
2.9336587 169.37944
2.9356571 169.37434
2.9376555 169.36926
2.9396539 169.3642
2.9416523 169.35915
2.9436507 169.35413
2.9456491 169.34911
2.9476475 169.34412
2.9496459 169.33914
2.9516443 169.33418
2.9536427 169.32924
2.9556411 169.32431
2.9576395 169.3194
2.9596379 169.31451
2.9616363 169.30963
2.9636347 169.30477
2.9656331 169.29993
2.9676315 169.2951
2.9696299 169.29029
2.9716283 169.2855
2.9736267 169.28072
2.9756251 169.27596
2.9776235 169.27121
2.9796219 169.26648
2.9816203 169.26177
2.9836187 169.25707
2.9856171 169.25239
2.9876155 169.24772
2.9896139 169.24307
2.9916123 169.23844
2.9936107 169.23382
2.9956091 169.22922
2.9976075 169.22463
2.9996059 169.22006
3.0016043 169.2155
3.0036027 169.21096
3.0056011 169.20644
3.0075995 169.20193
3.0095979 169.19743
3.0115963 169.19295
3.0135947 169.18849
3.0155931 169.18404
3.0175915 169.1796
3.0195899 169.17518
3.0215883 169.17078
3.0235867 169.16639
3.0255851 169.16201
3.0275835 169.15765
3.0295819 169.1533
3.0315803 169.14897
3.0335787 169.14466
3.0355771 169.14035
3.0375755 169.13607
3.0395739 169.13179
3.0415723 169.12753
3.0435707 169.12329
3.0455691 169.11906
3.0475675 169.11484
3.0495659 169.11064
3.0515643 169.10645
3.0535627 169.10228
3.0555611 169.09812
3.0575595 169.09397
3.0595579 169.08984
3.0615563 169.08572
3.0635547 169.08162
3.0655531 169.07753
3.0675515 169.07345
3.0695499 169.06939
3.0715483 169.06534
3.0735467 169.0613
3.0755451 169.05728
3.0775435 169.05327
3.0795419 169.04927
3.0815403 169.04529
3.0835387 169.04132
3.0855371 169.03737
3.0875355 169.03342
3.0895339 169.02949
3.0915323 169.02558
3.0935307 169.02167
3.0955291 169.01778
3.0975275 169.01391
3.0995259 169.01004
3.1015243 169.00619
3.1035227 169.00235
3.1055211 168.99852
3.1075195 168.99471
3.1095179 168.99091
3.1115163 168.98712
3.1135147 168.98334
3.1155131 168.97958
3.1175115 168.97583
3.1195099 168.97209
3.1215083 168.96836
3.1235067 168.96465
3.1255051 168.96095
3.1275035 168.95726
3.1295019 168.95358
3.1315003 168.94992
3.1334987 168.94626
3.1354971 168.94262
3.1374955 168.93899
3.1394939 168.93538
3.1414923 168.93177
3.1434907 168.92818
3.1454891 168.9246
3.1474875 168.92103
3.1494859 168.91747
3.1514843 168.91392
3.1534827 168.91039
3.1554811 168.90687
3.1574795 168.90336
3.1594779 168.89986
3.1614763 168.89637
3.1634747 168.89289
3.1654731 168.88942
3.1674715 168.88597
3.1694699 168.88253
3.1714683 168.8791
3.1734667 168.87568
3.1754651 168.87227
3.1774635 168.86887
3.1794619 168.86548
3.1814603 168.8621
3.1834587 168.85874
3.1854571 168.85539
3.1874555 168.85204
3.1894539 168.84871
3.1914523 168.84539
3.1934507 168.84208
3.1954491 168.83878
3.1974475 168.83549
3.1994459 168.83221
3.2014443 168.82894
3.2034427 168.82569
3.2054411 168.82244
3.2074395 168.8192
3.2094379 168.81598
3.2114363 168.81276
3.2134347 168.80956
3.2154331 168.80636
3.2174315 168.80318
3.2194299 168.80001
3.2214283 168.79684
3.2234267 168.79369
3.2254251 168.79055
3.2274235 168.78741
3.2294219 168.78429
3.2314203 168.78118
3.2334187 168.77807
3.2354171 168.77498
3.2374155 168.7719
3.2394139 168.76882
3.2414123 168.76576
3.2434107 168.76271
3.2454091 168.75966
3.2474075 168.75663
3.2494059 168.75361
3.2514043 168.75059
3.2534027 168.74759
3.2554011 168.74459
3.2573995 168.74161
3.2593979 168.73863
3.2613963 168.73566
3.2633947 168.73271
3.2653931 168.72976
3.2673915 168.72682
3.2693899 168.72389
3.2713883 168.72097
3.2733867 168.71806
3.2753851 168.71516
3.2773835 168.71227
3.2793819 168.70938
3.2813803 168.70651
3.2833787 168.70365
3.2853771 168.70079
3.2873755 168.69794
3.2893739 168.69511
3.2913723 168.69228
3.2933707 168.68946
3.2953691 168.68665
3.2973675 168.68385
3.2993659 168.68105
3.3013643 168.67827
3.3033627 168.67549
3.3053611 168.67273
3.3073595 168.66997
3.3093579 168.66722
3.3113563 168.66448
3.3133547 168.66175
3.3153531 168.65902
3.3173515 168.65631
3.3193499 168.6536
3.3213483 168.6509
3.3233467 168.64821
3.3253451 168.64553
3.3273435 168.64286
3.3293419 168.6402
3.3313403 168.63754
3.3333387 168.63489
3.3353371 168.63225
3.3373355 168.62962
3.3393339 168.627
3.3413323 168.62438
3.3433307 168.62178
3.3453291 168.61918
3.3473275 168.61659
3.3493259 168.61401
3.3513243 168.61143
3.3533227 168.60886
3.3553211 168.60631
3.3573195 168.60375
3.3593179 168.60121
3.3613163 168.59868
3.3633147 168.59615
3.3653131 168.59363
3.3673115 168.59112
3.3693099 168.58861
3.3713083 168.58612
3.3733067 168.58363
3.3753051 168.58115
3.3773035 168.57868
3.3793019 168.57621
3.3813003 168.57375
3.3832987 168.5713
3.3852971 168.56886
3.3872955 168.56642
3.3892939 168.56399
3.3912923 168.56157
3.3932907 168.55916
3.3952891 168.55675
3.3972875 168.55436
3.3992859 168.55196
3.4012843 168.54958
3.4032827 168.5472
3.4052811 168.54483
3.4072795 168.54247
3.4092779 168.54012
3.4112763 168.53777
3.4132747 168.53543
3.4152731 168.53309
3.4172715 168.53077
3.4192699 168.52845
3.4212683 168.52613
3.4232667 168.52383
3.4252651 168.52153
3.4272635 168.51924
3.4292619 168.51695
3.4312603 168.51467
3.4332587 168.5124
3.4352571 168.51014
3.4372555 168.50788
3.4392539 168.50563
3.4412523 168.50339
3.4432507 168.50115
3.445249 168.49892
3.4472474 168.49669
3.4492458 168.49448
3.4512442 168.49227
3.4532426 168.49006
3.455241 168.48786
3.4572394 168.48567
3.4592378 168.48349
3.4612362 168.48131
3.4632346 168.47914
3.465233 168.47698
3.4672314 168.47482
3.4692298 168.47266
3.4712282 168.47052
3.4732266 168.46838
3.475225 168.46625
3.4772234 168.46412
3.4792218 168.462
3.4812202 168.45988
3.4832186 168.45778
3.485217 168.45567
3.4872154 168.45358
3.4892138 168.45149
3.4912122 168.44941
3.4932106 168.44733
3.495209 168.44526
3.4972074 168.44319
3.4992058 168.44113
3.5012042 168.43908
3.5032026 168.43703
3.505201 168.43499
3.5071994 168.43296
3.5091978 168.43093
3.5111962 168.42891
3.5131946 168.42689
3.515193 168.42488
3.5171914 168.42287
3.5191898 168.42087
3.5211882 168.41888
3.5231866 168.41689
3.525185 168.41491
3.5271834 168.41293
3.5291818 168.41096
3.5311802 168.40899
3.5331786 168.40703
3.535177 168.40508
3.5371754 168.40313
3.5391738 168.40119
3.5411722 168.39925
3.5431706 168.39732
3.545169 168.3954
3.5471674 168.39348
3.5491658 168.39156
3.5511642 168.38965
3.5531626 168.38775
3.555161 168.38585
3.5571594 168.38396
3.5591578 168.38207
3.5611562 168.38019
3.5631546 168.37831
3.565153 168.37644
3.5671514 168.37457
3.5691498 168.37271
3.5711482 168.37085
3.5731466 168.369
3.575145 168.36716
3.5771434 168.36532
3.5791418 168.36348
3.5811402 168.36165
3.5831386 168.35983
3.585137 168.35801
3.5871354 168.3562
3.5891338 168.35439
3.5911322 168.35258
3.5931306 168.35079
3.595129 168.34899
3.5971274 168.3472
3.5991258 168.34542
3.6011242 168.34364
3.6031226 168.34187
3.605121 168.3401
3.6071194 168.33833
3.6091178 168.33658
3.6111162 168.33482
3.6131146 168.33307
3.615113 168.33133
3.6171114 168.32959
3.6191098 168.32785
3.6211082 168.32612
3.6231066 168.3244
3.625105 168.32268
3.6271034 168.32096
3.6291018 168.31925
3.6311002 168.31755
3.6330986 168.31585
3.635097 168.31415
3.6370954 168.31246
3.6390938 168.31077
3.6410922 168.30909
3.6430906 168.30741
3.645089 168.30574
3.6470874 168.30407
3.6490858 168.3024
3.6510842 168.30074
3.6530826 168.29909
3.655081 168.29744
3.6570794 168.29579
3.6590778 168.29415
3.6610762 168.29251
3.6630746 168.29088
3.665073 168.28925
3.6670714 168.28763
3.6690698 168.28601
3.6710682 168.28439
3.6730666 168.28278
3.675065 168.28118
3.6770634 168.27958
3.6790618 168.27798
3.6810602 168.27639
3.6830586 168.2748
3.685057 168.27321
3.6870554 168.27163
3.6890538 168.27005
3.6910522 168.26848
3.6930506 168.26691
3.695049 168.26535
3.6970474 168.26379
3.6990458 168.26224
3.7010442 168.26069
3.7030426 168.25914
3.705041 168.2576
3.7070394 168.25606
3.7090378 168.25452
3.7110362 168.25299
3.7130346 168.25147
3.715033 168.24994
3.7170314 168.24842
3.7190298 168.24691
3.7210282 168.2454
3.7230266 168.24389
3.725025 168.24239
3.7270234 168.24089
3.7290218 168.2394
3.7310202 168.23791
3.7330186 168.23642
3.735017 168.23494
3.7370154 168.23346
3.7390138 168.23198
3.7410122 168.23051
3.7430106 168.22904
3.745009 168.22758
3.7470074 168.22612
3.7490058 168.22467
3.7510042 168.22321
3.7530026 168.22177
3.755001 168.22032
3.7569994 168.21888
3.7589978 168.21744
3.7609962 168.21601
3.7629946 168.21458
3.764993 168.21315
3.7669914 168.21173
3.7689898 168.21031
3.7709882 168.2089
3.7729866 168.20749
3.774985 168.20608
3.7769834 168.20467
3.7789818 168.20327
3.7809802 168.20188
3.7829786 168.20048
3.784977 168.19909
3.7869754 168.19771
3.7889738 168.19632
3.7909722 168.19494
3.7929706 168.19357
3.794969 168.1922
3.7969674 168.19083
3.7989658 168.18946
3.8009642 168.1881
3.8029626 168.18674
3.804961 168.18539
3.8069594 168.18404
3.8089578 168.18269
3.8109562 168.18134
3.8129546 168.18
3.814953 168.17866
3.8169514 168.17733
3.8189498 168.176
3.8209482 168.17467
3.8229466 168.17335
3.824945 168.17202
3.8269434 168.17071
3.8289418 168.16939
3.8309402 168.16808
3.8329386 168.16677
3.834937 168.16547
3.8369354 168.16416
3.8389338 168.16287
3.8409322 168.16157
3.8429306 168.16028
3.844929 168.15899
3.8469274 168.1577
3.8489258 168.15642
3.8509242 168.15514
3.8529226 168.15387
3.854921 168.15259
3.8569194 168.15132
3.8589178 168.15006
3.8609162 168.14879
3.8629146 168.14753
3.864913 168.14627
3.8669114 168.14502
3.8689098 168.14377
3.8709082 168.14252
3.8729066 168.14127
3.874905 168.14003
3.8769034 168.13879
3.8789018 168.13756
3.8809002 168.13632
3.8828986 168.13509
3.884897 168.13386
3.8868954 168.13264
3.8888938 168.13142
3.8908922 168.1302
3.8928906 168.12898
3.894889 168.12777
3.8968874 168.12656
3.8988858 168.12535
3.9008842 168.12415
3.9028826 168.12295
3.904881 168.12175
3.9068794 168.12056
3.9088778 168.11936
3.9108762 168.11817
3.9128746 168.11699
3.914873 168.1158
3.9168714 168.11462
3.9188698 168.11344
3.9208682 168.11227
3.9228666 168.11109
3.924865 168.10992
3.9268634 168.10876
3.9288618 168.10759
3.9308602 168.10643
3.9328586 168.10527
3.934857 168.10411
3.9368554 168.10296
3.9388538 168.10181
3.9408522 168.10066
3.9428506 168.09951
3.944849 168.09837
3.9468474 168.09723
3.9488458 168.09609
3.9508442 168.09496
3.9528426 168.09383
3.954841 168.0927
3.9568394 168.09157
3.9588378 168.09044
3.9608362 168.08932
3.9628346 168.0882
3.964833 168.08708
3.9668314 168.08597
3.9688298 168.08486
3.9708282 168.08375
3.9728266 168.08264
3.974825 168.08154
3.9768234 168.08044
3.9788218 168.07934
3.9808202 168.07824
3.9828186 168.07715
3.984817 168.07605
3.9868154 168.07497
3.9888138 168.07388
3.9908122 168.07279
3.9928106 168.07171
3.994809 168.07063
3.9968074 168.06956
3.9988058 168.06848
4.0008042 168.06741
4.0028026 168.06634
4.004801 168.06527
4.0067994 168.06421
4.0087978 168.06314
4.0107962 168.06208
4.0127946 168.06103
4.014793 168.05997
4.0167914 168.05892
4.0187898 168.05787
4.0207882 168.05682
4.0227866 168.05577
4.024785 168.05473
4.0267834 168.05369
4.0287818 168.05265
4.0307802 168.05161
4.0327786 168.05058
4.034777 168.04954
4.0367754 168.04851
4.0387738 168.04749
4.0407722 168.04646
4.0427706 168.04544
4.044769 168.04442
4.0467674 168.0434
4.0487658 168.04238
4.0507642 168.04137
4.0527626 168.04035
4.054761 168.03934
4.0567594 168.03834
4.0587578 168.03733
4.0607562 168.03633
4.0627546 168.03533
4.064753 168.03433
4.0667514 168.03333
4.0687497 168.03234
4.0707481 168.03134
4.0727465 168.03035
4.0747449 168.02936
4.0767433 168.02838
4.0787417 168.02739
4.0807401 168.02641
4.0827385 168.02543
4.0847369 168.02445
4.0867353 168.02348
4.0887337 168.0225
4.0907321 168.02153
4.0927305 168.02056
4.0947289 168.01959
4.0967273 168.01863
4.0987257 168.01767
4.1007241 168.0167
4.1027225 168.01574
4.1047209 168.01479
4.1067193 168.01383
4.1087177 168.01288
4.1107161 168.01193
4.1127145 168.01098
4.1147129 168.01003
4.1167113 168.00908
4.1187097 168.00814
4.1207081 168.0072
4.1227065 168.00626
4.1247049 168.00532
4.1267033 168.00439
4.1287017 168.00345
4.1307001 168.00252
4.1326985 168.00159
4.1346969 168.00066
4.1366953 167.99974
4.1386937 167.99881
4.1406921 167.99789
4.1426905 167.99697
4.1446889 167.99605
4.1466873 167.99513
4.1486857 167.99422
4.1506841 167.99331
4.1526825 167.9924
4.1546809 167.99149
4.1566793 167.99058
4.1586777 167.98967
4.1606761 167.98877
4.1626745 167.98787
4.1646729 167.98697
4.1666713 167.98607
4.1686697 167.98517
4.1706681 167.98428
4.1726665 167.98338
4.1746649 167.98249
4.1766633 167.9816
4.1786617 167.98072
4.1806601 167.97983
4.1826585 167.97895
4.1846569 167.97806
4.1866553 167.97718
4.1886537 167.97631
4.1906521 167.97543
4.1926505 167.97455
4.1946489 167.97368
4.1966473 167.97281
4.1986457 167.97194
4.2006441 167.97107
4.2026425 167.9702
4.2046409 167.96934
4.2066393 167.96847
4.2086377 167.96761
4.2106361 167.96675
4.2126345 167.96589
4.2146329 167.96504
4.2166313 167.96418
4.2186297 167.96333
4.2206281 167.96248
4.2226265 167.96163
4.2246249 167.96078
4.2266233 167.95993
4.2286217 167.95909
4.2306201 167.95825
4.2326185 167.9574
4.2346169 167.95656
4.2366153 167.95573
4.2386137 167.95489
4.2406121 167.95405
4.2426105 167.95322
4.2446089 167.95239
4.2466073 167.95156
4.2486057 167.95073
4.2506041 167.9499
4.2526025 167.94907
4.2546009 167.94825
4.2565993 167.94743
4.2585977 167.94661
4.2605961 167.94579
4.2625945 167.94497
4.2645929 167.94415
4.2665913 167.94334
4.2685897 167.94252
4.2705881 167.94171
4.2725865 167.9409
4.2745849 167.94009
4.2765833 167.93928
4.2785817 167.93848
4.2805801 167.93767
4.2825785 167.93687
4.2845769 167.93607
4.2865753 167.93527
4.2885737 167.93447
4.2905721 167.93367
4.2925705 167.93288
4.2945689 167.93208
4.2965673 167.93129
4.2985657 167.9305
4.3005641 167.92971
4.3025625 167.92892
4.3045609 167.92814
4.3065593 167.92735
4.3085577 167.92657
4.3105561 167.92578
4.3125545 167.925
4.3145529 167.92422
4.3165513 167.92344
4.3185497 167.92267
4.3205481 167.92189
4.3225465 167.92112
4.3245449 167.92035
4.3265433 167.91957
4.3285417 167.9188
4.3305401 167.91804
4.3325385 167.91727
4.3345369 167.9165
4.3365353 167.91574
4.3385337 167.91498
4.3405321 167.91421
4.3425305 167.91345
4.3445289 167.91269
4.3465273 167.91194
4.3485257 167.91118
4.3505241 167.91043
4.3525225 167.90967
4.3545209 167.90892
4.3565193 167.90817
4.3585177 167.90742
4.3605161 167.90667
4.3625145 167.90592
4.3645129 167.90518
4.3665113 167.90443
4.3685097 167.90369
4.3705081 167.90295
4.3725065 167.90221
4.3745049 167.90147
4.3765033 167.90073
4.3785017 167.89999
4.3805001 167.89926
4.3824985 167.89852
4.3844969 167.89779
4.3864953 167.89706
4.3884937 167.89633
4.3904921 167.8956
4.3924905 167.89487
4.3944889 167.89414
4.3964873 167.89342
4.3984857 167.89269
4.4004841 167.89197
4.4024825 167.89125
4.4044809 167.89053
4.4064793 167.88981
4.4084777 167.88909
4.4104761 167.88837
4.4124745 167.88766
4.4144729 167.88694
4.4164713 167.88623
4.4184697 167.88552
4.4204681 167.88481
4.4224665 167.8841
4.4244649 167.88339
4.4264633 167.88268
4.4284617 167.88198
4.4304601 167.88127
4.4324585 167.88057
4.4344569 167.87986
4.4364553 167.87916
4.4384537 167.87846
4.4404521 167.87776
4.4424505 167.87707
4.4444489 167.87637
4.4464473 167.87567
4.4484457 167.87498
4.4504441 167.87428
4.4524425 167.87359
4.4544409 167.8729
4.4564393 167.87221
4.4584377 167.87152
4.4604361 167.87083
4.4624345 167.87015
4.4644329 167.86946
4.4664313 167.86878
4.4684297 167.86809
4.4704281 167.86741
4.4724265 167.86673
4.4744249 167.86605
4.4764233 167.86537
4.4784217 167.86469
4.4804201 167.86402
4.4824185 167.86334
4.4844169 167.86267
4.4864153 167.86199
4.4884137 167.86132
4.4904121 167.86065
4.4924105 167.85998
4.4944089 167.85931
4.4964073 167.85864
4.4984057 167.85797
4.5004041 167.85731
4.5024025 167.85664
4.5044009 167.85598
4.5063993 167.85531
4.5083977 167.85465
4.5103961 167.85399
4.5123945 167.85333
4.5143929 167.85267
4.5163913 167.85201
4.5183897 167.85136
4.5203881 167.8507
4.5223865 167.85005
4.5243849 167.84939
4.5263833 167.84874
4.5283817 167.84809
4.5303801 167.84744
4.5323785 167.84679
4.5343769 167.84614
4.5363753 167.84549
4.5383737 167.84484
4.5403721 167.8442
4.5423705 167.84355
4.5443689 167.84291
4.5463673 167.84227
4.5483657 167.84162
4.5503641 167.84098
4.5523625 167.84034
4.5543609 167.8397
4.5563593 167.83906
4.5583577 167.83843
4.5603561 167.83779
4.5623545 167.83716
4.5643529 167.83652
4.5663513 167.83589
4.5683497 167.83526
4.5703481 167.83462
4.5723465 167.83399
4.5743449 167.83336
4.5763433 167.83274
4.5783417 167.83211
4.5803401 167.83148
4.5823385 167.83086
4.5843369 167.83023
4.5863353 167.82961
4.5883337 167.82898
4.5903321 167.82836
4.5923305 167.82774
4.5943289 167.82712
4.5963273 167.8265
4.5983257 167.82588
4.6003241 167.82526
4.6023225 167.82465
4.6043209 167.82403
4.6063193 167.82342
4.6083177 167.8228
4.6103161 167.82219
4.6123145 167.82158
4.6143129 167.82097
4.6163113 167.82035
4.6183097 167.81975
4.6203081 167.81914
4.6223065 167.81853
4.6243049 167.81792
4.6263033 167.81732
4.6283017 167.81671
4.6303001 167.81611
4.6322985 167.8155
4.6342969 167.8149
4.6362953 167.8143
4.6382937 167.8137
4.6402921 167.8131
4.6422905 167.8125
4.6442889 167.8119
4.6462873 167.8113
4.6482857 167.8107
4.6502841 167.81011
4.6522825 167.80951
4.6542809 167.80892
4.6562793 167.80832
4.6582777 167.80773
4.6602761 167.80714
4.6622745 167.80655
4.6642729 167.80596
4.6662713 167.80537
4.6682697 167.80478
4.6702681 167.80419
4.6722665 167.80361
4.6742649 167.80302
4.6762633 167.80243
4.6782617 167.80185
4.6802601 167.80127
4.6822585 167.80068
4.6842569 167.8001
4.6862553 167.79952
4.6882537 167.79894
4.6902521 167.79836
4.6922505 167.79778
4.6942488 167.7972
4.6962472 167.79662
4.6982456 167.79605
4.700244 167.79547
4.7022424 167.7949
4.7042408 167.79432
4.7062392 167.79375
4.7082376 167.79317
4.710236 167.7926
4.7122344 167.79203
4.7142328 167.79146
4.7162312 167.79089
4.7182296 167.79032
4.720228 167.78975
4.7222264 167.78919
4.7242248 167.78862
4.7262232 167.78805
4.7282216 167.78749
4.73022 167.78692
4.7322184 167.78636
4.7342168 167.7858
4.7362152 167.78523
4.7382136 167.78467
4.740212 167.78411
4.7422104 167.78355
4.7442088 167.78299
4.7462072 167.78243
4.7482056 167.78187
4.750204 167.78132
4.7522024 167.78076
4.7542008 167.7802
4.7561992 167.77965
4.7581976 167.7791
4.760196 167.77854
4.7621944 167.77799
4.7641928 167.77744
4.7661912 167.77688
4.7681896 167.77633
4.770188 167.77578
4.7721864 167.77523
4.7741848 167.77469
4.7761832 167.77414
4.7781816 167.77359
4.78018 167.77304
4.7821784 167.7725
4.7841768 167.77195
4.7861752 167.77141
4.7881736 167.77086
4.790172 167.77032
4.7921704 167.76978
4.7941688 167.76924
4.7961672 167.76869
4.7981656 167.76815
4.800164 167.76761
4.8021624 167.76707
4.8041608 167.76654
4.8061592 167.766
4.8081576 167.76546
4.810156 167.76492
4.8121544 167.76439
4.8141528 167.76385
4.8161512 167.76332
4.8181496 167.76278
4.820148 167.76225
4.8221464 167.76172
4.8241448 167.76119
4.8261432 167.76065
4.8281416 167.76012
4.83014 167.75959
4.8321384 167.75906
4.8341368 167.75853
4.8361352 167.75801
4.8381336 167.75748
4.840132 167.75695
4.8421304 167.75643
4.8441288 167.7559
4.8461272 167.75538
4.8481256 167.75485
4.850124 167.75433
4.8521224 167.7538
4.8541208 167.75328
4.8561192 167.75276
4.8581176 167.75224
4.860116 167.75172
4.8621144 167.7512
4.8641128 167.75068
4.8661112 167.75016
4.8681096 167.74964
4.870108 167.74912
4.8721064 167.74861
4.8741048 167.74809
4.8761032 167.74757
4.8781016 167.74706
4.8801 167.74654
4.8820984 167.74603
4.8840968 167.74552
4.8860952 167.745
4.8880936 167.74449
4.890092 167.74398
4.8920904 167.74347
4.8940888 167.74296
4.8960872 167.74245
4.8980856 167.74194
4.900084 167.74143
4.9020824 167.74092
4.9040808 167.74041
4.9060792 167.73991
4.9080776 167.7394
4.910076 167.7389
4.9120744 167.73839
4.9140728 167.73789
4.9160712 167.73738
4.9180696 167.73688
4.920068 167.73638
4.9220664 167.73587
4.9240648 167.73537
4.9260632 167.73487
4.9280616 167.73437
4.93006 167.73387
4.9320584 167.73337
4.9340568 167.73287
4.9360552 167.73237
4.9380536 167.73187
4.940052 167.73138
4.9420504 167.73088
4.9440488 167.73038
4.9460472 167.72989
4.9480456 167.72939
4.950044 167.7289
4.9520424 167.7284
4.9540408 167.72791
4.9560392 167.72742
4.9580376 167.72692
4.960036 167.72643
4.9620344 167.72594
4.9640328 167.72545
4.9660312 167.72496
4.9680296 167.72447
4.970028 167.72398
4.9720264 167.72349
4.9740248 167.723
4.9760232 167.72252
4.9780216 167.72203
4.98002 167.72154
4.9820184 167.72106
4.9840168 167.72057
4.9860152 167.72009
4.9880136 167.7196
4.990012 167.71912
4.9920104 167.71863
4.9940088 167.71815
4.9960072 167.71767
4.9980056 167.71719
5.000004 167.7167
5.0020024 167.71622
5.0040008 167.71574
5.0059992 167.71526
5.0079976 167.71478
5.009996 167.7143
5.0119944 167.71383
5.0139928 167.71335
5.0159912 167.71287
5.0179896 167.71239
5.019988 167.71192
5.0219864 167.71144
5.0239848 167.71096
5.0259832 167.71049
5.0279816 167.71002
5.02998 167.70954
5.0319784 167.70907
5.0339768 167.70859
5.0359752 167.70812
5.0379736 167.70765
5.039972 167.70718
5.0419704 167.70671
5.0439688 167.70624
5.0459672 167.70577
5.0479656 167.7053
5.049964 167.70483
5.0519624 167.70436
5.0539608 167.70389
5.0559592 167.70342
5.0579576 167.70296
5.059956 167.70249
5.0619544 167.70202
5.0639528 167.70156
5.0659512 167.70109
5.0679496 167.70063
5.069948 167.70016
5.0719464 167.6997
5.0739448 167.69923
5.0759432 167.69877
5.0779416 167.69831
5.07994 167.69785
5.0819384 167.69738
5.0839368 167.69692
5.0859352 167.69646
5.0879336 167.696
5.089932 167.69554
5.0919304 167.69508
5.0939288 167.69462
5.0959272 167.69417
5.0979256 167.69371
5.099924 167.69325
5.1019224 167.69279
5.1039208 167.69234
5.1059192 167.69188
5.1079176 167.69142
5.109916 167.69097
5.1119144 167.69051
5.1139128 167.69006
5.1159112 167.6896
5.1179096 167.68915
5.119908 167.6887
5.1219064 167.68824
5.1239048 167.68779
5.1259032 167.68734
5.1279016 167.68689
5.1299 167.68644
5.1318984 167.68599
5.1338968 167.68554
5.1358952 167.68509
5.1378936 167.68464
5.139892 167.68419
5.1418904 167.68374
5.1438888 167.68329
5.1458872 167.68284
5.1478856 167.6824
5.149884 167.68195
5.1518824 167.6815
5.1538808 167.68106
5.1558792 167.68061
5.1578776 167.68017
5.159876 167.67972
5.1618744 167.67928
5.1638728 167.67883
5.1658712 167.67839
5.1678696 167.67795
5.169868 167.6775
5.1718664 167.67706
5.1738648 167.67662
5.1758632 167.67618
5.1778616 167.67574
5.17986 167.6753
5.1818584 167.67486
5.1838568 167.67442
5.1858552 167.67398
5.1878536 167.67354
5.189852 167.6731
5.1918504 167.67266
5.1938488 167.67222
5.1958472 167.67179
5.1978456 167.67135
5.199844 167.67091
5.2018424 167.67048
5.2038408 167.67004
5.2058392 167.6696
5.2078376 167.66917
5.209836 167.66874
5.2118344 167.6683
5.2138328 167.66787
5.2158312 167.66743
5.2178296 167.667
5.219828 167.66657
5.2218264 167.66613
5.2238248 167.6657
5.2258232 167.66527
5.2278216 167.66484
5.22982 167.66441
5.2318184 167.66398
5.2338168 167.66355
5.2358152 167.66312
5.2378136 167.66269
5.239812 167.66226
5.2418104 167.66183
5.2438088 167.6614
5.2458072 167.66098
5.2478056 167.66055
5.249804 167.66012
5.2518024 167.65969
5.2538008 167.65927
5.2557992 167.65884
5.2577976 167.65842
5.259796 167.65799
5.2617944 167.65757
5.2637928 167.65714
5.2657912 167.65672
5.2677896 167.65629
5.269788 167.65587
5.2717864 167.65545
5.2737848 167.65503
5.2757832 167.6546
5.2777816 167.65418
5.27978 167.65376
5.2817784 167.65334
5.2837768 167.65292
5.2857752 167.6525
5.2877736 167.65208
5.289772 167.65166
5.2917704 167.65124
5.2937688 167.65082
5.2957672 167.6504
5.2977656 167.64998
5.299764 167.64956
5.3017624 167.64914
5.3037608 167.64873
5.3057592 167.64831
5.3077576 167.64789
5.309756 167.64748
5.3117544 167.64706
5.3137528 167.64665
5.3157512 167.64623
5.3177495 167.64582
5.3197479 167.6454
5.3217463 167.64499
5.3237447 167.64457
5.3257431 167.64416
5.3277415 167.64375
5.3297399 167.64333
5.3317383 167.64292
5.3337367 167.64251
5.3357351 167.6421
5.3377335 167.64168
5.3397319 167.64127
5.3417303 167.64086
5.3437287 167.64045
5.3457271 167.64004
5.3477255 167.63963
5.3497239 167.63922
5.3517223 167.63881
5.3537207 167.6384
5.3557191 167.638
5.3577175 167.63759
5.3597159 167.63718
5.3617143 167.63677
5.3637127 167.63636
5.3657111 167.63596
5.3677095 167.63555
5.3697079 167.63515
5.3717063 167.63474
5.3737047 167.63433
5.3757031 167.63393
5.3777015 167.63352
5.3796999 167.63312
5.3816983 167.63271
5.3836967 167.63231
5.3856951 167.63191
5.3876935 167.6315
5.3896919 167.6311
5.3916903 167.6307
5.3936887 167.63029
5.3956871 167.62989
5.3976855 167.62949
5.3996839 167.62909
5.4016823 167.62869
5.4036807 167.62829
5.4056791 167.62789
5.4076775 167.62749
5.4096759 167.62709
5.4116743 167.62669
5.4136727 167.62629
5.4156711 167.62589
5.4176695 167.62549
5.4196679 167.62509
5.4216663 167.62469
5.4236647 167.6243
5.4256631 167.6239
5.4276615 167.6235
5.4296599 167.6231
5.4316583 167.62271
5.4336567 167.62231
5.4356551 167.62191
5.4376535 167.62152
5.4396519 167.62112
5.4416503 167.62073
5.4436487 167.62033
5.4456471 167.61994
5.4476455 167.61955
5.4496439 167.61915
5.4516423 167.61876
5.4536407 167.61836
5.4556391 167.61797
5.4576375 167.61758
5.4596359 167.61719
5.4616343 167.61679
5.4636327 167.6164
5.4656311 167.61601
5.4676295 167.61562
5.4696279 167.61523
5.4716263 167.61484
5.4736247 167.61445
5.4756231 167.61406
5.4776215 167.61367
5.4796199 167.61328
5.4816183 167.61289
5.4836167 167.6125
5.4856151 167.61211
5.4876135 167.61172
5.4896119 167.61133
5.4916103 167.61095
5.4936087 167.61056
5.4956071 167.61017
5.4976055 167.60979
5.4996039 167.6094
5.5016023 167.60901
5.5036007 167.60863
5.5055991 167.60824
5.5075975 167.60785
5.5095959 167.60747
5.5115943 167.60708
5.5135927 167.6067
5.5155911 167.60631
5.5175895 167.60593
5.5195879 167.60555
5.5215863 167.60516
5.5235847 167.60478
5.5255831 167.6044
5.5275815 167.60401
5.5295799 167.60363
5.5315783 167.60325
5.5335767 167.60287
5.5355751 167.60249
5.5375735 167.6021
5.5395719 167.60172
5.5415703 167.60134
5.5435687 167.60096
5.5455671 167.60058
5.5475655 167.6002
5.5495639 167.59982
5.5515623 167.59944
5.5535607 167.59906
5.5555591 167.59868
5.5575575 167.5983
5.5595559 167.59793
5.5615543 167.59755
5.5635527 167.59717
5.5655511 167.59679
5.5675495 167.59641
5.5695479 167.59604
5.5715463 167.59566
5.5735447 167.59528
5.5755431 167.59491
5.5775415 167.59453
5.5795399 167.59415
5.5815383 167.59378
5.5835367 167.5934
5.5855351 167.59303
5.5875335 167.59265
5.5895319 167.59228
5.5915303 167.5919
5.5935287 167.59153
5.5955271 167.59116
5.5975255 167.59078
5.5995239 167.59041
5.6015223 167.59004
5.6035207 167.58966
5.6055191 167.58929
5.6075175 167.58892
5.6095159 167.58855
5.6115143 167.58818
5.6135127 167.5878
5.6155111 167.58743
5.6175095 167.58706
5.6195079 167.58669
5.6215063 167.58632
5.6235047 167.58595
5.6255031 167.58558
5.6275015 167.58521
5.6294999 167.58484
5.6314983 167.58447
5.6334967 167.5841
5.6354951 167.58373
5.6374935 167.58336
5.6394919 167.583
5.6414903 167.58263
5.6434887 167.58226
5.6454871 167.58189
5.6474855 167.58152
5.6494839 167.58116
5.6514823 167.58079
5.6534807 167.58042
5.6554791 167.58006
5.6574775 167.57969
5.6594759 167.57933
5.6614743 167.57896
5.6634727 167.57859
5.6654711 167.57823
5.6674695 167.57786
5.6694679 167.5775
5.6714663 167.57713
5.6734647 167.57677
5.6754631 167.57641
5.6774615 167.57604
5.6794599 167.57568
5.6814583 167.57532
5.6834567 167.57495
5.6854551 167.57459
5.6874535 167.57423
5.6894519 167.57386
5.6914503 167.5735
5.6934487 167.57314
5.6954471 167.57278
5.6974455 167.57242
5.6994439 167.57206
5.7014423 167.57169
5.7034407 167.57133
5.7054391 167.57097
5.7074375 167.57061
5.7094359 167.57025
5.7114343 167.56989
5.7134327 167.56953
5.7154311 167.56917
5.7174295 167.56881
5.7194279 167.56846
5.7214263 167.5681
5.7234247 167.56774
5.7254231 167.56738
5.7274215 167.56702
5.7294199 167.56666
5.7314183 167.56631
5.7334167 167.56595
5.7354151 167.56559
5.7374135 167.56524
5.7394119 167.56488
5.7414103 167.56452
5.7434087 167.56417
5.7454071 167.56381
5.7474055 167.56345
5.7494039 167.5631
5.7514023 167.56274
5.7534007 167.56239
5.7553991 167.56203
5.7573975 167.56168
5.7593959 167.56132
5.7613943 167.56097
5.7633927 167.56061
5.7653911 167.56026
5.7673895 167.55991
5.7693879 167.55955
5.7713863 167.5592
5.7733847 167.55885
5.7753831 167.55849
5.7773815 167.55814
5.7793799 167.55779
5.7813783 167.55744
5.7833767 167.55709
5.7853751 167.55673
5.7873735 167.55638
5.7893719 167.55603
5.7913703 167.55568
5.7933687 167.55533
5.7953671 167.55498
5.7973655 167.55463
5.7993639 167.55428
5.8013623 167.55393
5.8033607 167.55358
5.8053591 167.55323
5.8073575 167.55288
5.8093559 167.55253
5.8113543 167.55218
5.8133527 167.55183
5.8153511 167.55148
5.8173495 167.55113
5.8193479 167.55079
5.8213463 167.55044
5.8233447 167.55009
5.8253431 167.54974
5.8273415 167.5494
5.8293399 167.54905
5.8313383 167.5487
5.8333367 167.54835
5.8353351 167.54801
5.8373335 167.54766
5.8393319 167.54732
5.8413303 167.54697
5.8433287 167.54662
5.8453271 167.54628
5.8473255 167.54593
5.8493239 167.54559
5.8513223 167.54524
5.8533207 167.5449
5.8553191 167.54455
5.8573175 167.54421
5.8593159 167.54387
5.8613143 167.54352
5.8633127 167.54318
5.8653111 167.54283
5.8673095 167.54249
5.8693079 167.54215
5.8713063 167.5418
5.8733047 167.54146
5.8753031 167.54112
5.8773015 167.54078
5.8792999 167.54043
5.8812983 167.54009
5.8832967 167.53975
5.8852951 167.53941
5.8872935 167.53907
5.8892919 167.53873
5.8912903 167.53839
5.8932887 167.53805
5.8952871 167.5377
5.8972855 167.53736
5.8992839 167.53702
5.9012823 167.53668
5.9032807 167.53634
5.9052791 167.536
5.9072775 167.53566
5.9092759 167.53533
5.9112743 167.53499
5.9132727 167.53465
5.9152711 167.53431
5.9172695 167.53397
5.9192679 167.53363
5.9212663 167.53329
5.9232647 167.53296
5.9252631 167.53262
5.9272615 167.53228
5.9292599 167.53194
5.9312583 167.53161
5.9332567 167.53127
5.9352551 167.53093
5.9372535 167.5306
5.9392519 167.53026
5.9412503 167.52992
5.9432486 167.52959
5.945247 167.52925
5.9472454 167.52892
5.9492438 167.52858
5.9512422 167.52825
5.9532406 167.52791
5.955239 167.52758
5.9572374 167.52724
5.9592358 167.52691
5.9612342 167.52657
5.9632326 167.52624
5.965231 167.5259
5.9672294 167.52557
5.9692278 167.52524
5.9712262 167.5249
5.9732246 167.52457
5.975223 167.52424
5.9772214 167.5239
5.9792198 167.52357
5.9812182 167.52324
5.9832166 167.52291
5.985215 167.52257
5.9872134 167.52224
5.9892118 167.52191
5.9912102 167.52158
5.9932086 167.52125
5.995207 167.52091
5.9972054 167.52058
5.9992038 167.52025
6.0012022 167.51992
6.0032006 167.51959
6.005199 167.51926
6.0071974 167.51893
6.0091958 167.5186
6.0111942 167.51827
6.0131926 167.51794
6.015191 167.51761
6.0171894 167.51728
6.0191878 167.51695
6.0211862 167.51662
6.0231846 167.51629
6.025183 167.51597
6.0271814 167.51564
6.0291798 167.51531
6.0311782 167.51498
6.0331766 167.51465
6.035175 167.51433
6.0371734 167.514
6.0391718 167.51367
6.0411702 167.51334
6.0431686 167.51302
6.045167 167.51269
6.0471654 167.51236
6.0491638 167.51204
6.0511622 167.51171
6.0531606 167.51138
6.055159 167.51106
6.0571574 167.51073
6.0591558 167.5104
6.0611542 167.51008
6.0631526 167.50975
6.065151 167.50943
6.0671494 167.5091
6.0691478 167.50878
6.0711462 167.50845
6.0731446 167.50813
6.075143 167.5078
6.0771414 167.50748
6.0791398 167.50716
6.0811382 167.50683
6.0831366 167.50651
6.085135 167.50619
6.0871334 167.50586
6.0891318 167.50554
6.0911302 167.50522
6.0931286 167.50489
6.095127 167.50457
6.0971254 167.50425
6.0991238 167.50393
6.1011222 167.5036
6.1031206 167.50328
6.105119 167.50296
6.1071174 167.50264
6.1091158 167.50232
6.1111142 167.50199
6.1131126 167.50167
6.115111 167.50135
6.1171094 167.50103
6.1191078 167.50071
6.1211062 167.50039
6.1231046 167.50007
6.125103 167.49975
6.1271014 167.49943
6.1290998 167.49911
6.1310982 167.49879
6.1330966 167.49847
6.135095 167.49815
6.1370934 167.49783
6.1390918 167.49751
6.1410902 167.49719
6.1430886 167.49687
6.145087 167.49655
6.1470854 167.49624
6.1490838 167.49592
6.1510822 167.4956
6.1530806 167.49528
6.155079 167.49496
6.1570774 167.49465
6.1590758 167.49433
6.1610742 167.49401
6.1630726 167.49369
6.165071 167.49338
6.1670694 167.49306
6.1690678 167.49274
6.1710662 167.49243
6.1730646 167.49211
6.175063 167.49179
6.1770614 167.49148
6.1790598 167.49116
6.1810582 167.49085
6.1830566 167.49053
6.185055 167.49021
6.1870534 167.4899
6.1890518 167.48958
6.1910502 167.48927
6.1930486 167.48895
6.195047 167.48864
6.1970454 167.48832
6.1990438 167.48801
6.2010422 167.4877
6.2030406 167.48738
6.205039 167.48707
6.2070374 167.48675
6.2090358 167.48644
6.2110342 167.48613
6.2130326 167.48581
6.215031 167.4855
6.2170294 167.48519
6.2190278 167.48487
6.2210262 167.48456
6.2230246 167.48425
6.225023 167.48394
6.2270214 167.48362
6.2290198 167.48331
6.2310182 167.483
6.2330166 167.48269
6.235015 167.48237
6.2370134 167.48206
6.2390118 167.48175
6.2410102 167.48144
6.2430086 167.48113
6.245007 167.48082
6.2470054 167.48051
6.2490038 167.4802
6.2510022 167.47989
6.2530006 167.47958
6.254999 167.47927
6.2569974 167.47896
6.2589958 167.47865
6.2609942 167.47834
6.2629926 167.47803
6.264991 167.47772
6.2669894 167.47741
6.2689878 167.4771
6.2709862 167.47679
6.2729846 167.47648
6.274983 167.47617
6.2769814 167.47586
6.2789798 167.47555
6.2809782 167.47525
6.2829766 167.47494
6.284975 167.47463
6.2869734 167.47432
6.2889718 167.47401
6.2909702 167.47371
6.2929686 167.4734
6.294967 167.47309
6.2969654 167.47278
6.2989638 167.47248
6.3009622 167.47217
6.3029606 167.47186
6.304959 167.47156
6.3069574 167.47125
6.3089558 167.47094
6.3109542 167.47064
6.3129526 167.47033
6.314951 167.47003
6.3169494 167.46972
6.3189478 167.46941
6.3209462 167.46911
6.3229446 167.4688
6.324943 167.4685
6.3269414 167.46819
6.3289398 167.46789
6.3309382 167.46758
6.3329366 167.46728
6.334935 167.46697
6.3369334 167.46667
6.3389318 167.46637
6.3409302 167.46606
6.3429286 167.46576
6.344927 167.46545
6.3469254 167.46515
6.3489238 167.46485
6.3509222 167.46454
6.3529206 167.46424
6.354919 167.46394
6.3569174 167.46363
6.3589158 167.46333
6.3609142 167.46303
6.3629126 167.46273
6.364911 167.46242
6.3669094 167.46212
6.3689078 167.46182
6.3709062 167.46152
6.3729046 167.46121
6.374903 167.46091
6.3769014 167.46061
6.3788998 167.46031
6.3808982 167.46001
6.3828966 167.45971
6.384895 167.45941
6.3868934 167.4591
6.3888918 167.4588
6.3908902 167.4585
6.3928886 167.4582
6.394887 167.4579
6.3968854 167.4576
6.3988838 167.4573
6.4008822 167.457
6.4028806 167.4567
6.404879 167.4564
6.4068774 167.4561
6.4088758 167.4558
6.4108742 167.4555
6.4128726 167.4552
6.414871 167.45491
6.4168694 167.45461
6.4188678 167.45431
6.4208662 167.45401
6.4228646 167.45371
6.424863 167.45341
6.4268614 167.45311
6.4288598 167.45282
6.4308582 167.45252
6.4328566 167.45222
6.434855 167.45192
6.4368534 167.45162
6.4388518 167.45133
6.4408502 167.45103
6.4428486 167.45073
6.444847 167.45044
6.4468454 167.45014
6.4488438 167.44984
6.4508422 167.44955
6.4528406 167.44925
6.454839 167.44895
6.4568374 167.44866
6.4588358 167.44836
6.4608342 167.44806
6.4628326 167.44777
6.464831 167.44747
6.4668294 167.44718
6.4688278 167.44688
6.4708262 167.44659
6.4728246 167.44629
6.474823 167.446
6.4768214 167.4457
6.4788198 167.44541
6.4808182 167.44511
6.4828166 167.44482
6.484815 167.44452
6.4868134 167.44423
6.4888118 167.44393
6.4908102 167.44364
6.4928086 167.44334
6.494807 167.44305
6.4968054 167.44276
6.4988038 167.44246
6.5008022 167.44217
6.5028006 167.44188
6.504799 167.44158
6.5067974 167.44129
6.5087958 167.441
6.5107942 167.4407
6.5127926 167.44041
6.514791 167.44012
6.5167894 167.43983
6.5187878 167.43953
6.5207862 167.43924
6.5227846 167.43895
6.524783 167.43866
6.5267814 167.43837
6.5287798 167.43807
6.5307782 167.43778
6.5327766 167.43749
6.534775 167.4372
6.5367734 167.43691
6.5387718 167.43662
6.5407702 167.43633
6.5427686 167.43604
6.544767 167.43575
6.5467654 167.43545
6.5487638 167.43516
6.5507622 167.43487
6.5527606 167.43458
6.554759 167.43429
6.5567574 167.434
6.5587558 167.43371
6.5607542 167.43342
6.5627526 167.43313
6.564751 167.43284
6.5667493 167.43256
6.5687477 167.43227
6.5707461 167.43198
6.5727445 167.43169
6.5747429 167.4314
6.5767413 167.43111
6.5787397 167.43082
6.5807381 167.43053
6.5827365 167.43024
6.5847349 167.42996
6.5867333 167.42967
6.5887317 167.42938
6.5907301 167.42909
6.5927285 167.4288
6.5947269 167.42852
6.5967253 167.42823
6.5987237 167.42794
6.6007221 167.42765
6.6027205 167.42737
6.6047189 167.42708
6.6067173 167.42679
6.6087157 167.42651
6.6107141 167.42622
6.6127125 167.42593
6.6147109 167.42565
6.6167093 167.42536
6.6187077 167.42507
6.6207061 167.42479
6.6227045 167.4245
6.6247029 167.42422
6.6267013 167.42393
6.6286997 167.42364
6.6306981 167.42336
6.6326965 167.42307
6.6346949 167.42279
6.6366933 167.4225
6.6386917 167.42222
6.6406901 167.42193
6.6426885 167.42165
6.6446869 167.42136
6.6466853 167.42108
6.6486837 167.42079
6.6506821 167.42051
6.6526805 167.42023
6.6546789 167.41994
6.6566773 167.41966
6.6586757 167.41937
6.6606741 167.41909
6.6626725 167.41881
6.6646709 167.41852
6.6666693 167.41824
6.6686677 167.41796
6.6706661 167.41767
6.6726645 167.41739
6.6746629 167.41711
6.6766613 167.41682
6.6786597 167.41654
6.6806581 167.41626
6.6826565 167.41598
6.6846549 167.41569
6.6866533 167.41541
6.6886517 167.41513
6.6906501 167.41485
6.6926485 167.41457
6.6946469 167.41428
6.6966453 167.414
6.6986437 167.41372
6.7006421 167.41344
6.7026405 167.41316
6.7046389 167.41288
6.7066373 167.41259
6.7086357 167.41231
6.7106341 167.41203
6.7126325 167.41175
6.7146309 167.41147
6.7166293 167.41119
6.7186277 167.41091
6.7206261 167.41063
6.7226245 167.41035
6.7246229 167.41007
6.7266213 167.40979
6.7286197 167.40951
6.7306181 167.40923
6.7326165 167.40895
6.7346149 167.40867
6.7366133 167.40839
6.7386117 167.40811
6.7406101 167.40783
6.7426085 167.40755
6.7446069 167.40727
6.7466053 167.407
6.7486037 167.40672
6.7506021 167.40644
6.7526005 167.40616
6.7545989 167.40588
6.7565973 167.4056
6.7585957 167.40532
6.7605941 167.40505
6.7625925 167.40477
6.7645909 167.40449
6.7665893 167.40421
6.7685877 167.40393
6.7705861 167.40366
6.7725845 167.40338
6.7745829 167.4031
6.7765813 167.40283
6.7785797 167.40255
6.7805781 167.40227
6.7825765 167.40199
6.7845749 167.40172
6.7865733 167.40144
6.7885717 167.40116
6.7905701 167.40089
6.7925685 167.40061
6.7945669 167.40033
6.7965653 167.40006
6.7985637 167.39978
6.8005621 167.39951
6.8025605 167.39923
6.8045589 167.39896
6.8065573 167.39868
6.8085557 167.3984
6.8105541 167.39813
6.8125525 167.39785
6.8145509 167.39758
6.8165493 167.3973
6.8185477 167.39703
6.8205461 167.39675
6.8225445 167.39648
6.8245429 167.3962
6.8265413 167.39593
6.8285397 167.39565
6.8305381 167.39538
6.8325365 167.39511
6.8345349 167.39483
6.8365333 167.39456
6.8385317 167.39428
6.8405301 167.39401
6.8425285 167.39374
6.8445269 167.39346
6.8465253 167.39319
6.8485237 167.39292
6.8505221 167.39264
6.8525205 167.39237
6.8545189 167.3921
6.8565173 167.39182
6.8585157 167.39155
6.8605141 167.39128
6.8625125 167.39101
6.8645109 167.39073
6.8665093 167.39046
6.8685077 167.39019
6.8705061 167.38992
6.8725045 167.38964
6.8745029 167.38937
6.8765013 167.3891
6.8784997 167.38883
6.8804981 167.38856
6.8824965 167.38829
6.8844949 167.38801
6.8864933 167.38774
6.8884917 167.38747
6.8904901 167.3872
6.8924885 167.38693
6.8944869 167.38666
6.8964853 167.38639
6.8984837 167.38612
6.9004821 167.38585
6.9024805 167.38558
6.9044789 167.3853
6.9064773 167.38503
6.9084757 167.38476
6.9104741 167.38449
6.9124725 167.38422
6.9144709 167.38395
6.9164693 167.38368
6.9184677 167.38341
6.9204661 167.38314
6.9224645 167.38288
6.9244629 167.38261
6.9264613 167.38234
6.9284597 167.38207
6.9304581 167.3818
6.9324565 167.38153
6.9344549 167.38126
6.9364533 167.38099
6.9384517 167.38072
6.9404501 167.38045
6.9424485 167.38019
6.9444469 167.37992
6.9464453 167.37965
6.9484437 167.37938
6.9504421 167.37911
6.9524405 167.37884
6.9544389 167.37858
6.9564373 167.37831
6.9584357 167.37804
6.9604341 167.37777
6.9624325 167.37751
6.9644309 167.37724
6.9664293 167.37697
6.9684277 167.3767
6.9704261 167.37644
6.9724245 167.37617
6.9744229 167.3759
6.9764213 167.37564
6.9784197 167.37537
6.9804181 167.3751
6.9824165 167.37484
6.9844149 167.37457
6.9864133 167.3743
6.9884117 167.37404
6.9904101 167.37377
6.9924085 167.37351
6.9944069 167.37324
6.9964053 167.37297
6.9984037 167.37271
7.0004021 167.37244
7.0024005 167.37218
7.0043989 167.37191
7.0063973 167.37165
7.0083957 167.37138
7.0103941 167.37112
7.0123925 167.37085
7.0143909 167.37059
7.0163893 167.37032
7.0183877 167.37006
7.0203861 167.36979
7.0223845 167.36953
7.0243829 167.36926
7.0263813 167.369
7.0283797 167.36873
7.0303781 167.36847
7.0323765 167.36821
7.0343749 167.36794
7.0363733 167.36768
7.0383717 167.36742
7.0403701 167.36715
7.0423685 167.36689
7.0443669 167.36662
7.0463653 167.36636
7.0483637 167.3661
7.0503621 167.36583
7.0523605 167.36557
7.0543589 167.36531
7.0563573 167.36505
7.0583557 167.36478
7.0603541 167.36452
7.0623525 167.36426
7.0643509 167.364
7.0663493 167.36373
7.0683477 167.36347
7.0703461 167.36321
7.0723445 167.36295
7.0743429 167.36268
7.0763413 167.36242
7.0783397 167.36216
7.0803381 167.3619
7.0823365 167.36164
7.0843349 167.36138
7.0863333 167.36111
7.0883317 167.36085
7.0903301 167.36059
7.0923285 167.36033
7.0943269 167.36007
7.0963253 167.35981
7.0983237 167.35955
7.1003221 167.35929
7.1023205 167.35903
7.1043189 167.35877
7.1063173 167.35851
7.1083157 167.35825
7.1103141 167.35799
7.1123125 167.35772
7.1143109 167.35746
7.1163093 167.3572
7.1183077 167.35694
7.1203061 167.35669
7.1223045 167.35643
7.1243029 167.35617
7.1263013 167.35591
7.1282997 167.35565
7.1302981 167.35539
7.1322965 167.35513
7.1342949 167.35487
7.1362933 167.35461
7.1382917 167.35435
7.1402901 167.35409
7.1422885 167.35383
7.1442869 167.35357
7.1462853 167.35332
7.1482837 167.35306
7.1502821 167.3528
7.1522805 167.35254
7.1542789 167.35228
7.1562773 167.35202
7.1582757 167.35177
7.1602741 167.35151
7.1622725 167.35125
7.1642709 167.35099
7.1662693 167.35074
7.1682677 167.35048
7.1702661 167.35022
7.1722645 167.34996
7.1742629 167.34971
7.1762613 167.34945
7.1782597 167.34919
7.1802581 167.34893
7.1822565 167.34868
7.1842549 167.34842
7.1862533 167.34816
7.1882517 167.34791
7.1902501 167.34765
7.1922484 167.34739
7.1942468 167.34714
7.1962452 167.34688
7.1982436 167.34663
7.200242 167.34637
7.2022404 167.34611
7.2042388 167.34586
7.2062372 167.3456
7.2082356 167.34535
7.210234 167.34509
7.2122324 167.34483
7.2142308 167.34458
7.2162292 167.34432
7.2182276 167.34407
7.220226 167.34381
7.2222244 167.34356
7.2242228 167.3433
7.2262212 167.34305
7.2282196 167.34279
7.230218 167.34254
7.2322164 167.34228
7.2342148 167.34203
7.2362132 167.34178
7.2382116 167.34152
7.24021 167.34127
7.2422084 167.34101
7.2442068 167.34076
7.2462052 167.3405
7.2482036 167.34025
7.250202 167.34
7.2522004 167.33974
7.2541988 167.33949
7.2561972 167.33924
7.2581956 167.33898
7.260194 167.33873
7.2621924 167.33848
7.2641908 167.33822
7.2661892 167.33797
7.2681876 167.33772
7.270186 167.33746
7.2721844 167.33721
7.2741828 167.33696
7.2761812 167.33671
7.2781796 167.33645
7.280178 167.3362
7.2821764 167.33595
7.2841748 167.3357
7.2861732 167.33544
7.2881716 167.33519
7.29017 167.33494
7.2921684 167.33469
7.2941668 167.33444
7.2961652 167.33418
7.2981636 167.33393
7.300162 167.33368
7.3021604 167.33343
7.3041588 167.33318
7.3061572 167.33293
7.3081556 167.33267
7.310154 167.33242
7.3121524 167.33217
7.3141508 167.33192
7.3161492 167.33167
7.3181476 167.33142
7.320146 167.33117
7.3221444 167.33092
7.3241428 167.33067
7.3261412 167.33042
7.3281396 167.33017
7.330138 167.32992
7.3321364 167.32967
7.3341348 167.32942
7.3361332 167.32917
7.3381316 167.32892
7.34013 167.32867
7.3421284 167.32842
7.3441268 167.32817
7.3461252 167.32792
7.3481236 167.32767
7.350122 167.32742
7.3521204 167.32717
7.3541188 167.32692
7.3561172 167.32667
7.3581156 167.32642
7.360114 167.32617
7.3621124 167.32592
7.3641108 167.32567
7.3661092 167.32543
7.3681076 167.32518
7.370106 167.32493
7.3721044 167.32468
7.3741028 167.32443
7.3761012 167.32418
7.3780996 167.32394
7.380098 167.32369
7.3820964 167.32344
7.3840948 167.32319
7.3860932 167.32294
7.3880916 167.3227
7.39009 167.32245
7.3920884 167.3222
7.3940868 167.32195
7.3960852 167.32171
7.3980836 167.32146
7.400082 167.32121
7.4020804 167.32096
7.4040788 167.32072
7.4060772 167.32047
7.4080756 167.32022
7.410074 167.31998
7.4120724 167.31973
7.4140708 167.31948
7.4160692 167.31924
7.4180676 167.31899
7.420066 167.31874
7.4220644 167.3185
7.4240628 167.31825
7.4260612 167.318
7.4280596 167.31776
7.430058 167.31751
7.4320564 167.31727
7.4340548 167.31702
7.4360532 167.31677
7.4380516 167.31653
7.44005 167.31628
7.4420484 167.31604
7.4440468 167.31579
7.4460452 167.31555
7.4480436 167.3153
7.450042 167.31506
7.4520404 167.31481
7.4540388 167.31457
7.4560372 167.31432
7.4580356 167.31408
7.460034 167.31383
7.4620324 167.31359
7.4640308 167.31334
7.4660292 167.3131
7.4680276 167.31285
7.470026 167.31261
7.4720244 167.31236
7.4740228 167.31212
7.4760212 167.31188
7.4780196 167.31163
7.480018 167.31139
7.4820164 167.31114
7.4840148 167.3109
7.4860132 167.31066
7.4880116 167.31041
7.49001 167.31017
7.4920084 167.30993
7.4940068 167.30968
7.4960052 167.30944
7.4980036 167.3092
7.500002 167.30895
7.5020004 167.30871
7.5039988 167.30847
7.5059972 167.30822
7.5079956 167.30798
7.509994 167.30774
7.5119924 167.3075
7.5139908 167.30725
7.5159892 167.30701
7.5179876 167.30677
7.519986 167.30653
7.5219844 167.30628
7.5239828 167.30604
7.5259812 167.3058
7.5279796 167.30556
7.529978 167.30532
7.5319764 167.30508
7.5339748 167.30483
7.5359732 167.30459
7.5379716 167.30435
7.53997 167.30411
7.5419684 167.30387
7.5439668 167.30363
7.5459652 167.30338
7.5479636 167.30314
7.549962 167.3029
7.5519604 167.30266
7.5539588 167.30242
7.5559572 167.30218
7.5579556 167.30194
7.559954 167.3017
7.5619524 167.30146
7.5639508 167.30122
7.5659492 167.30098
7.5679476 167.30074
7.569946 167.3005
7.5719444 167.30026
7.5739428 167.30002
7.5759412 167.29978
7.5779396 167.29954
7.579938 167.2993
7.5819364 167.29906
7.5839348 167.29882
7.5859332 167.29858
7.5879316 167.29834
7.58993 167.2981
7.5919284 167.29786
7.5939268 167.29762
7.5959252 167.29738
7.5979236 167.29714
7.599922 167.2969
7.6019204 167.29666
7.6039188 167.29642
7.6059172 167.29619
7.6079156 167.29595
7.609914 167.29571
7.6119124 167.29547
7.6139108 167.29523
7.6159092 167.29499
7.6179076 167.29475
7.619906 167.29452
7.6219044 167.29428
7.6239028 167.29404
7.6259012 167.2938
7.6278996 167.29356
7.629898 167.29333
7.6318964 167.29309
7.6338948 167.29285
7.6358932 167.29261
7.6378916 167.29238
7.63989 167.29214
7.6418884 167.2919
7.6438868 167.29166
7.6458852 167.29143
7.6478836 167.29119
7.649882 167.29095
7.6518804 167.29071
7.6538788 167.29048
7.6558772 167.29024
7.6578756 167.29
7.659874 167.28977
7.6618724 167.28953
7.6638708 167.28929
7.6658692 167.28906
7.6678676 167.28882
7.669866 167.28859
7.6718644 167.28835
7.6738628 167.28811
7.6758612 167.28788
7.6778596 167.28764
7.679858 167.2874
7.6818564 167.28717
7.6838548 167.28693
7.6858532 167.2867
7.6878516 167.28646
7.68985 167.28623
7.6918484 167.28599
7.6938468 167.28576
7.6958452 167.28552
7.6978436 167.28529
7.699842 167.28505
7.7018404 167.28482
7.7038388 167.28458
7.7058372 167.28435
7.7078356 167.28411
7.709834 167.28388
7.7118324 167.28364
7.7138308 167.28341
7.7158292 167.28317
7.7178276 167.28294
7.719826 167.2827
7.7218244 167.28247
7.7238228 167.28223
7.7258212 167.282
7.7278196 167.28177
7.729818 167.28153
7.7318164 167.2813
7.7338148 167.28106
7.7358132 167.28083
7.7378116 167.2806
7.73981 167.28036
7.7418084 167.28013
7.7438068 167.2799
7.7458052 167.27966
7.7478036 167.27943
7.749802 167.2792
7.7518004 167.27896
7.7537988 167.27873
7.7557972 167.2785
7.7577956 167.27826
7.759794 167.27803
7.7617924 167.2778
7.7637908 167.27757
7.7657892 167.27733
7.7677876 167.2771
7.769786 167.27687
7.7717844 167.27664
7.7737828 167.2764
7.7757812 167.27617
7.7777796 167.27594
7.779778 167.27571
7.7817764 167.27548
7.7837748 167.27524
7.7857732 167.27501
7.7877716 167.27478
7.78977 167.27455
7.7917684 167.27432
7.7937668 167.27409
7.7957652 167.27385
7.7977636 167.27362
7.799762 167.27339
7.8017604 167.27316
7.8037588 167.27293
7.8057572 167.2727
7.8077556 167.27247
7.809754 167.27224
7.8117524 167.272
7.8137508 167.27177
7.8157491 167.27154
7.8177475 167.27131
7.8197459 167.27108
7.8217443 167.27085
7.8237427 167.27062
7.8257411 167.27039
7.8277395 167.27016
7.8297379 167.26993
7.8317363 167.2697
7.8337347 167.26947
7.8357331 167.26924
7.8377315 167.26901
7.8397299 167.26878
7.8417283 167.26855
7.8437267 167.26832
7.8457251 167.26809
7.8477235 167.26786
7.8497219 167.26763
7.8517203 167.2674
7.8537187 167.26717
7.8557171 167.26694
7.8577155 167.26671
7.8597139 167.26649
7.8617123 167.26626
7.8637107 167.26603
7.8657091 167.2658
7.8677075 167.26557
7.8697059 167.26534
7.8717043 167.26511
7.8737027 167.26488
7.8757011 167.26466
7.8776995 167.26443
7.8796979 167.2642
7.8816963 167.26397
7.8836947 167.26374
7.8856931 167.26351
7.8876915 167.26329
7.8896899 167.26306
7.8916883 167.26283
7.8936867 167.2626
7.8956851 167.26237
7.8976835 167.26215
7.8996819 167.26192
7.9016803 167.26169
7.9036787 167.26146
7.9056771 167.26124
7.9076755 167.26101
7.9096739 167.26078
7.9116723 167.26055
7.9136707 167.26033
7.9156691 167.2601
7.9176675 167.25987
7.9196659 167.25965
7.9216643 167.25942
7.9236627 167.25919
7.9256611 167.25897
7.9276595 167.25874
7.9296579 167.25851
7.9316563 167.25829
7.9336547 167.25806
7.9356531 167.25783
7.9376515 167.25761
7.9396499 167.25738
7.9416483 167.25716
7.9436467 167.25693
7.9456451 167.2567
7.9476435 167.25648
7.9496419 167.25625
7.9516403 167.25603
7.9536387 167.2558
7.9556371 167.25558
7.9576355 167.25535
7.9596339 167.25512
7.9616323 167.2549
7.9636307 167.25467
7.9656291 167.25445
7.9676275 167.25422
7.9696259 167.254
7.9716243 167.25377
7.9736227 167.25355
7.9756211 167.25332
7.9776195 167.2531
7.9796179 167.25287
7.9816163 167.25265
7.9836147 167.25242
7.9856131 167.2522
7.9876115 167.25198
7.9896099 167.25175
7.9916083 167.25153
7.9936067 167.2513
7.9956051 167.25108
7.9976035 167.25085
7.9996019 167.25063
8.0016003 167.25041
8.0035987 167.25018
8.0055971 167.24996
8.0075955 167.24973
8.0095939 167.24951
8.0115923 167.24929
8.0135907 167.24906
8.0155891 167.24884
8.0175875 167.24862
8.0195859 167.24839
8.0215843 167.24817
8.0235827 167.24795
8.0255811 167.24772
8.0275795 167.2475
8.0295779 167.24728
8.0315763 167.24705
8.0335747 167.24683
8.0355731 167.24661
8.0375715 167.24639
8.0395699 167.24616
8.0415683 167.24594
8.0435667 167.24572
8.0455651 167.2455
8.0475635 167.24527
8.0495619 167.24505
8.0515603 167.24483
8.0535587 167.24461
8.0555571 167.24439
8.0575555 167.24416
8.0595539 167.24394
8.0615523 167.24372
8.0635507 167.2435
8.0655491 167.24328
8.0675475 167.24305
8.0695459 167.24283
8.0715443 167.24261
8.0735427 167.24239
8.0755411 167.24217
8.0775395 167.24195
8.0795379 167.24173
8.0815363 167.2415
8.0835347 167.24128
8.0855331 167.24106
8.0875315 167.24084
8.0895299 167.24062
8.0915283 167.2404
8.0935267 167.24018
8.0955251 167.23996
8.0975235 167.23974
8.0995219 167.23952
8.1015203 167.2393
8.1035187 167.23908
8.1055171 167.23886
8.1075155 167.23864
8.1095139 167.23842
8.1115123 167.2382
8.1135107 167.23798
8.1155091 167.23776
8.1175075 167.23754
8.1195059 167.23732
8.1215043 167.2371
8.1235027 167.23688
8.1255011 167.23666
8.1274995 167.23644
8.1294979 167.23622
8.1314963 167.236
8.1334947 167.23578
8.1354931 167.23556
8.1374915 167.23534
8.1394899 167.23512
8.1414883 167.2349
8.1434867 167.23468
8.1454851 167.23446
8.1474835 167.23425
8.1494819 167.23403
8.1514803 167.23381
8.1534787 167.23359
8.1554771 167.23337
8.1574755 167.23315
8.1594739 167.23293
8.1614723 167.23272
8.1634707 167.2325
8.1654691 167.23228
8.1674675 167.23206
8.1694659 167.23184
8.1714643 167.23162
8.1734627 167.23141
8.1754611 167.23119
8.1774595 167.23097
8.1794579 167.23075
8.1814563 167.23053
8.1834547 167.23032
8.1854531 167.2301
8.1874515 167.22988
8.1894499 167.22966
8.1914483 167.22945
8.1934467 167.22923
8.1954451 167.22901
8.1974435 167.2288
8.1994419 167.22858
8.2014403 167.22836
8.2034387 167.22814
8.2054371 167.22793
8.2074355 167.22771
8.2094339 167.22749
8.2114323 167.22728
8.2134307 167.22706
8.2154291 167.22684
8.2174275 167.22663
8.2194259 167.22641
8.2214243 167.22619
8.2234227 167.22598
8.2254211 167.22576
8.2274195 167.22555
8.2294179 167.22533
8.2314163 167.22511
8.2334147 167.2249
8.2354131 167.22468
8.2374115 167.22447
8.2394099 167.22425
8.2414083 167.22403
8.2434067 167.22382
8.2454051 167.2236
8.2474035 167.22339
8.2494019 167.22317
8.2514003 167.22296
8.2533987 167.22274
8.2553971 167.22253
8.2573955 167.22231
8.2593939 167.2221
8.2613923 167.22188
8.2633907 167.22167
8.2653891 167.22145
8.2673875 167.22124
8.2693859 167.22102
8.2713843 167.22081
8.2733827 167.22059
8.2753811 167.22038
8.2773795 167.22016
8.2793779 167.21995
8.2813763 167.21973
8.2833747 167.21952
8.2853731 167.2193
8.2873715 167.21909
8.2893699 167.21888
8.2913683 167.21866
8.2933667 167.21845
8.2953651 167.21823
8.2973635 167.21802
8.2993619 167.21781
8.3013603 167.21759
8.3033587 167.21738
8.3053571 167.21717
8.3073555 167.21695
8.3093539 167.21674
8.3113523 167.21653
8.3133507 167.21631
8.3153491 167.2161
8.3173475 167.21589
8.3193459 167.21567
8.3213443 167.21546
8.3233427 167.21525
8.3253411 167.21503
8.3273395 167.21482
8.3293379 167.21461
8.3313363 167.21439
8.3333347 167.21418
8.3353331 167.21397
8.3373315 167.21376
8.3393299 167.21354
8.3413283 167.21333
8.3433267 167.21312
8.3453251 167.21291
8.3473235 167.2127
8.3493219 167.21248
8.3513203 167.21227
8.3533187 167.21206
8.3553171 167.21185
8.3573155 167.21163
8.3593139 167.21142
8.3613123 167.21121
8.3633107 167.211
8.3653091 167.21079
8.3673075 167.21058
8.3693059 167.21036
8.3713043 167.21015
8.3733027 167.20994
8.3753011 167.20973
8.3772995 167.20952
8.3792979 167.20931
8.3812963 167.2091
8.3832947 167.20889
8.3852931 167.20868
8.3872915 167.20846
8.3892899 167.20825
8.3912883 167.20804
8.3932867 167.20783
8.3952851 167.20762
8.3972835 167.20741
8.3992819 167.2072
8.4012803 167.20699
8.4032787 167.20678
8.4052771 167.20657
8.4072755 167.20636
8.4092739 167.20615
8.4112723 167.20594
8.4132707 167.20573
8.4152691 167.20552
8.4172675 167.20531
8.4192659 167.2051
8.4212643 167.20489
8.4232627 167.20468
8.4252611 167.20447
8.4272595 167.20426
8.4292579 167.20405
8.4312563 167.20384
8.4332547 167.20363
8.4352531 167.20342
8.4372515 167.20321
8.4392498 167.203
8.4412482 167.20279
8.4432466 167.20258
8.445245 167.20237
8.4472434 167.20217
8.4492418 167.20196
8.4512402 167.20175
8.4532386 167.20154
8.455237 167.20133
8.4572354 167.20112
8.4592338 167.20091
8.4612322 167.2007
8.4632306 167.2005
8.465229 167.20029
8.4672274 167.20008
8.4692258 167.19987
8.4712242 167.19966
8.4732226 167.19945
8.475221 167.19925
8.4772194 167.19904
8.4792178 167.19883
8.4812162 167.19862
8.4832146 167.19841
8.485213 167.19821
8.4872114 167.198
8.4892098 167.19779
8.4912082 167.19758
8.4932066 167.19738
8.495205 167.19717
8.4972034 167.19696
8.4992018 167.19675
8.5012002 167.19655
8.5031986 167.19634
8.505197 167.19613
8.5071954 167.19592
8.5091938 167.19572
8.5111922 167.19551
8.5131906 167.1953
8.515189 167.1951
8.5171874 167.19489
8.5191858 167.19468
8.5211842 167.19448
8.5231826 167.19427
8.525181 167.19406
8.5271794 167.19386
8.5291778 167.19365
8.5311762 167.19344
8.5331746 167.19324
8.535173 167.19303
8.5371714 167.19282
8.5391698 167.19262
8.5411682 167.19241
8.5431666 167.19221
8.545165 167.192
8.5471634 167.19179
8.5491618 167.19159
8.5511602 167.19138
8.5531586 167.19118
8.555157 167.19097
8.5571554 167.19077
8.5591538 167.19056
8.5611522 167.19035
8.5631506 167.19015
8.565149 167.18994
8.5671474 167.18974
8.5691458 167.18953
8.5711442 167.18933
8.5731426 167.18912
8.575141 167.18892
8.5771394 167.18871
8.5791378 167.18851
8.5811362 167.1883
8.5831346 167.1881
8.585133 167.18789
8.5871314 167.18769
8.5891298 167.18748
8.5911282 167.18728
8.5931266 167.18708
8.595125 167.18687
8.5971234 167.18667
8.5991218 167.18646
8.6011202 167.18626
8.6031186 167.18605
8.605117 167.18585
8.6071154 167.18565
8.6091138 167.18544
8.6111122 167.18524
8.6131106 167.18503
8.615109 167.18483
8.6171074 167.18463
8.6191058 167.18442
8.6211042 167.18422
8.6231026 167.18402
8.625101 167.18381
8.6270994 167.18361
8.6290978 167.18341
8.6310962 167.1832
8.6330946 167.183
8.635093 167.1828
8.6370914 167.18259
8.6390898 167.18239
8.6410882 167.18219
8.6430866 167.18198
8.645085 167.18178
8.6470834 167.18158
8.6490818 167.18137
8.6510802 167.18117
8.6530786 167.18097
8.655077 167.18077
8.6570754 167.18056
8.6590738 167.18036
8.6610722 167.18016
8.6630706 167.17996
8.665069 167.17975
8.6670674 167.17955
8.6690658 167.17935
8.6710642 167.17915
8.6730626 167.17895
8.675061 167.17874
8.6770594 167.17854
8.6790578 167.17834
8.6810562 167.17814
8.6830546 167.17794
8.685053 167.17773
8.6870514 167.17753
8.6890498 167.17733
8.6910482 167.17713
8.6930466 167.17693
8.695045 167.17673
8.6970434 167.17653
8.6990418 167.17632
8.7010402 167.17612
8.7030386 167.17592
8.705037 167.17572
8.7070354 167.17552
8.7090338 167.17532
8.7110322 167.17512
8.7130306 167.17492
8.715029 167.17472
8.7170274 167.17452
8.7190258 167.17431
8.7210242 167.17411
8.7230226 167.17391
8.725021 167.17371
8.7270194 167.17351
8.7290178 167.17331
8.7310162 167.17311
8.7330146 167.17291
8.735013 167.17271
8.7370114 167.17251
8.7390098 167.17231
8.7410082 167.17211
8.7430066 167.17191
8.745005 167.17171
8.7470034 167.17151
8.7490018 167.17131
8.7510002 167.17111
8.7529986 167.17091
8.754997 167.17071
8.7569954 167.17051
8.7589938 167.17031
8.7609922 167.17011
8.7629906 167.16991
8.764989 167.16972
8.7669874 167.16952
8.7689858 167.16932
8.7709842 167.16912
8.7729826 167.16892
8.774981 167.16872
8.7769794 167.16852
8.7789778 167.16832
8.7809762 167.16812
8.7829746 167.16792
8.784973 167.16773
8.7869714 167.16753
8.7889698 167.16733
8.7909682 167.16713
8.7929666 167.16693
8.794965 167.16673
8.7969634 167.16653
8.7989618 167.16634
8.8009602 167.16614
8.8029586 167.16594
8.804957 167.16574
8.8069554 167.16554
8.8089538 167.16535
8.8109522 167.16515
8.8129506 167.16495
8.814949 167.16475
8.8169474 167.16455
8.8189458 167.16436
8.8209442 167.16416
8.8229426 167.16396
8.824941 167.16376
8.8269394 167.16357
8.8289378 167.16337
8.8309362 167.16317
8.8329346 167.16297
8.834933 167.16278
8.8369314 167.16258
8.8389298 167.16238
8.8409282 167.16218
8.8429266 167.16199
8.844925 167.16179
8.8469234 167.16159
8.8489218 167.1614
8.8509202 167.1612
8.8529186 167.161
8.854917 167.16081
8.8569154 167.16061
8.8589138 167.16041
8.8609122 167.16022
8.8629106 167.16002
8.864909 167.15982
8.8669074 167.15963
8.8689058 167.15943
8.8709042 167.15924
8.8729026 167.15904
8.874901 167.15884
8.8768994 167.15865
8.8788978 167.15845
8.8808962 167.15825
8.8828946 167.15806
8.884893 167.15786
8.8868914 167.15767
8.8888898 167.15747
8.8908882 167.15728
8.8928866 167.15708
8.894885 167.15688
8.8968834 167.15669
8.8988818 167.15649
8.9008802 167.1563
8.9028786 167.1561
8.904877 167.15591
8.9068754 167.15571
8.9088738 167.15552
8.9108722 167.15532
8.9128706 167.15513
8.914869 167.15493
8.9168674 167.15474
8.9188658 167.15454
8.9208642 167.15435
8.9228626 167.15415
8.924861 167.15396
8.9268594 167.15376
8.9288578 167.15357
8.9308562 167.15337
8.9328546 167.15318
8.934853 167.15299
8.9368514 167.15279
8.9388498 167.1526
8.9408482 167.1524
8.9428466 167.15221
8.944845 167.15201
8.9468434 167.15182
8.9488418 167.15163
8.9508402 167.15143
8.9528386 167.15124
8.954837 167.15104
8.9568354 167.15085
8.9588338 167.15066
8.9608322 167.15046
8.9628306 167.15027
8.964829 167.15008
8.9668274 167.14988
8.9688258 167.14969
8.9708242 167.1495
8.9728226 167.1493
8.974821 167.14911
8.9768194 167.14892
8.9788178 167.14872
8.9808162 167.14853
8.9828146 167.14834
8.984813 167.14814
8.9868114 167.14795
8.9888098 167.14776
8.9908082 167.14757
8.9928066 167.14737
8.994805 167.14718
8.9968034 167.14699
8.9988018 167.14679
9.0008002 167.1466
9.0027986 167.14641
9.004797 167.14622
9.0067954 167.14602
9.0087938 167.14583
9.0107922 167.14564
9.0127906 167.14545
9.014789 167.14526
9.0167874 167.14506
9.0187858 167.14487
9.0207842 167.14468
9.0227826 167.14449
9.024781 167.1443
9.0267794 167.1441
9.0287778 167.14391
9.0307762 167.14372
9.0327746 167.14353
9.034773 167.14334
9.0367714 167.14315
9.0387698 167.14295
9.0407682 167.14276
9.0427666 167.14257
9.044765 167.14238
9.0467634 167.14219
9.0487618 167.142
9.0507602 167.14181
9.0527586 167.14161
9.054757 167.14142
9.0567554 167.14123
9.0587538 167.14104
9.0607522 167.14085
9.0627506 167.14066
9.0647489 167.14047
9.0667473 167.14028
9.0687457 167.14009
9.0707441 167.1399
9.0727425 167.13971
9.0747409 167.13952
9.0767393 167.13933
9.0787377 167.13914
9.0807361 167.13895
9.0827345 167.13875
9.0847329 167.13856
9.0867313 167.13837
9.0887297 167.13818
9.0907281 167.13799
9.0927265 167.1378
9.0947249 167.13761
9.0967233 167.13742
9.0987217 167.13723
9.1007201 167.13704
9.1027185 167.13686
9.1047169 167.13667
9.1067153 167.13648
9.1087137 167.13629
9.1107121 167.1361
9.1127105 167.13591
9.1147089 167.13572
9.1167073 167.13553
9.1187057 167.13534
9.1207041 167.13515
9.1227025 167.13496
9.1247009 167.13477
9.1266993 167.13458
9.1286977 167.13439
9.1306961 167.1342
9.1326945 167.13402
9.1346929 167.13383
9.1366913 167.13364
9.1386897 167.13345
9.1406881 167.13326
9.1426865 167.13307
9.1446849 167.13288
9.1466833 167.13269
9.1486817 167.13251
9.1506801 167.13232
9.1526785 167.13213
9.1546769 167.13194
9.1566753 167.13175
9.1586737 167.13156
9.1606721 167.13138
9.1626705 167.13119
9.1646689 167.131
9.1666673 167.13081
9.1686657 167.13062
9.1706641 167.13044
9.1726625 167.13025
9.1746609 167.13006
9.1766593 167.12987
9.1786577 167.12969
9.1806561 167.1295
9.1826545 167.12931
9.1846529 167.12912
9.1866513 167.12894
9.1886497 167.12875
9.1906481 167.12856
9.1926465 167.12837
9.1946449 167.12819
9.1966433 167.128
9.1986417 167.12781
9.2006401 167.12762
9.2026385 167.12744
9.2046369 167.12725
9.2066353 167.12706
9.2086337 167.12688
9.2106321 167.12669
9.2126305 167.1265
9.2146289 167.12632
9.2166273 167.12613
9.2186257 167.12594
9.2206241 167.12576
9.2226225 167.12557
9.2246209 167.12538
9.2266193 167.1252
9.2286177 167.12501
9.2306161 167.12483
9.2326145 167.12464
9.2346129 167.12445
9.2366113 167.12427
9.2386097 167.12408
9.2406081 167.12389
9.2426065 167.12371
9.2446049 167.12352
9.2466033 167.12334
9.2486017 167.12315
9.2506001 167.12297
9.2525985 167.12278
9.2545969 167.12259
9.2565953 167.12241
9.2585937 167.12222
9.2605921 167.12204
9.2625905 167.12185
9.2645889 167.12167
9.2665873 167.12148
9.2685857 167.1213
9.2705841 167.12111
9.2725825 167.12093
9.2745809 167.12074
9.2765793 167.12056
9.2785777 167.12037
9.2805761 167.12019
9.2825745 167.12
9.2845729 167.11982
9.2865713 167.11963
9.2885697 167.11945
9.2905681 167.11926
9.2925665 167.11908
9.2945649 167.11889
9.2965633 167.11871
9.2985617 167.11852
9.3005601 167.11834
9.3025585 167.11815
9.3045569 167.11797
9.3065553 167.11779
9.3085537 167.1176
9.3105521 167.11742
9.3125505 167.11723
9.3145489 167.11705
9.3165473 167.11687
9.3185457 167.11668
9.3205441 167.1165
9.3225425 167.11631
9.3245409 167.11613
9.3265393 167.11595
9.3285377 167.11576
9.3305361 167.11558
9.3325345 167.1154
9.3345329 167.11521
9.3365313 167.11503
9.3385297 167.11484
9.3405281 167.11466
9.3425265 167.11448
9.3445249 167.11429
9.3465233 167.11411
9.3485217 167.11393
9.3505201 167.11375
9.3525185 167.11356
9.3545169 167.11338
9.3565153 167.1132
9.3585137 167.11301
9.3605121 167.11283
9.3625105 167.11265
9.3645089 167.11246
9.3665073 167.11228
9.3685057 167.1121
9.3705041 167.11192
9.3725025 167.11173
9.3745009 167.11155
9.3764993 167.11137
9.3784977 167.11119
9.3804961 167.111
9.3824945 167.11082
9.3844929 167.11064
9.3864913 167.11046
9.3884897 167.11028
9.3904881 167.11009
9.3924865 167.10991
9.3944849 167.10973
9.3964833 167.10955
9.3984817 167.10937
9.4004801 167.10918
9.4024785 167.109
9.4044769 167.10882
9.4064753 167.10864
9.4084737 167.10846
9.4104721 167.10828
9.4124705 167.10809
9.4144689 167.10791
9.4164673 167.10773
9.4184657 167.10755
9.4204641 167.10737
9.4224625 167.10719
9.4244609 167.10701
9.4264593 167.10682
9.4284577 167.10664
9.4304561 167.10646
9.4324545 167.10628
9.4344529 167.1061
9.4364513 167.10592
9.4384497 167.10574
9.4404481 167.10556
9.4424465 167.10538
9.4444449 167.1052
9.4464433 167.10502
9.4484417 167.10484
9.4504401 167.10465
9.4524385 167.10447
9.4544369 167.10429
9.4564353 167.10411
9.4584337 167.10393
9.4604321 167.10375
9.4624305 167.10357
9.4644289 167.10339
9.4664273 167.10321
9.4684257 167.10303
9.4704241 167.10285
9.4724225 167.10267
9.4744209 167.10249
9.4764193 167.10231
9.4784177 167.10213
9.4804161 167.10195
9.4824145 167.10177
9.4844129 167.10159
9.4864113 167.10141
9.4884097 167.10123
9.4904081 167.10105
9.4924065 167.10088
9.4944049 167.1007
9.4964033 167.10052
9.4984017 167.10034
9.5004001 167.10016
9.5023985 167.09998
9.5043969 167.0998
9.5063953 167.09962
9.5083937 167.09944
9.5103921 167.09926
9.5123905 167.09908
9.5143889 167.0989
9.5163873 167.09873
9.5183857 167.09855
9.5203841 167.09837
9.5223825 167.09819
9.5243809 167.09801
9.5263793 167.09783
9.5283777 167.09765
9.5303761 167.09747
9.5323745 167.0973
9.5343729 167.09712
9.5363713 167.09694
9.5383697 167.09676
9.5403681 167.09658
9.5423665 167.0964
9.5443649 167.09623
9.5463633 167.09605
9.5483617 167.09587
9.5503601 167.09569
9.5523585 167.09551
9.5543569 167.09534
9.5563553 167.09516
9.5583537 167.09498
9.5603521 167.0948
9.5623505 167.09462
9.5643489 167.09445
9.5663473 167.09427
9.5683457 167.09409
9.5703441 167.09391
9.5723425 167.09374
9.5743409 167.09356
9.5763393 167.09338
9.5783377 167.0932
9.5803361 167.09303
9.5823345 167.09285
9.5843329 167.09267
9.5863313 167.0925
9.5883297 167.09232
9.5903281 167.09214
9.5923265 167.09196
9.5943249 167.09179
9.5963233 167.09161
9.5983217 167.09143
9.6003201 167.09126
9.6023185 167.09108
9.6043169 167.0909
9.6063153 167.09073
9.6083137 167.09055
9.6103121 167.09037
9.6123105 167.0902
9.6143089 167.09002
9.6163073 167.08984
9.6183057 167.08967
9.6203041 167.08949
9.6223025 167.08932
9.6243009 167.08914
9.6262993 167.08896
9.6282977 167.08879
9.6302961 167.08861
9.6322945 167.08844
9.6342929 167.08826
9.6362913 167.08808
9.6382897 167.08791
9.6402881 167.08773
9.6422865 167.08756
9.6442849 167.08738
9.6462833 167.0872
9.6482817 167.08703
9.6502801 167.08685
9.6522785 167.08668
9.6542769 167.0865
9.6562753 167.08633
9.6582737 167.08615
9.6602721 167.08598
9.6622705 167.0858
9.6642689 167.08563
9.6662673 167.08545
9.6682657 167.08528
9.6702641 167.0851
9.6722625 167.08493
9.6742609 167.08475
9.6762593 167.08458
9.6782577 167.0844
9.6802561 167.08423
9.6822545 167.08405
9.6842529 167.08388
9.6862513 167.0837
9.6882496 167.08353
9.690248 167.08335
9.6922464 167.08318
9.6942448 167.083
9.6962432 167.08283
9.6982416 167.08265
9.70024 167.08248
9.7022384 167.08231
9.7042368 167.08213
9.7062352 167.08196
9.7082336 167.08178
9.710232 167.08161
9.7122304 167.08144
9.7142288 167.08126
9.7162272 167.08109
9.7182256 167.08091
9.720224 167.08074
9.7222224 167.08057
9.7242208 167.08039
9.7262192 167.08022
9.7282176 167.08004
9.730216 167.07987
9.7322144 167.0797
9.7342128 167.07952
9.7362112 167.07935
9.7382096 167.07918
9.740208 167.079
9.7422064 167.07883
9.7442048 167.07866
9.7462032 167.07848
9.7482016 167.07831
9.7502 167.07814
9.7521984 167.07796
9.7541968 167.07779
9.7561952 167.07762
9.7581936 167.07745
9.760192 167.07727
9.7621904 167.0771
9.7641888 167.07693
9.7661872 167.07675
9.7681856 167.07658
9.770184 167.07641
9.7721824 167.07624
9.7741808 167.07606
9.7761792 167.07589
9.7781776 167.07572
9.780176 167.07555
9.7821744 167.07537
9.7841728 167.0752
9.7861712 167.07503
9.7881696 167.07486
9.790168 167.07468
9.7921664 167.07451
9.7941648 167.07434
9.7961632 167.07417
9.7981616 167.074
9.80016 167.07382
9.8021584 167.07365
9.8041568 167.07348
9.8061552 167.07331
9.8081536 167.07314
9.810152 167.07297
9.8121504 167.07279
9.8141488 167.07262
9.8161472 167.07245
9.8181456 167.07228
9.820144 167.07211
9.8221424 167.07194
9.8241408 167.07177
9.8261392 167.07159
9.8281376 167.07142
9.830136 167.07125
9.8321344 167.07108
9.8341328 167.07091
9.8361312 167.07074
9.8381296 167.07057
9.840128 167.0704
9.8421264 167.07022
9.8441248 167.07005
9.8461232 167.06988
9.8481216 167.06971
9.85012 167.06954
9.8521184 167.06937
9.8541168 167.0692
9.8561152 167.06903
9.8581136 167.06886
9.860112 167.06869
9.8621104 167.06852
9.8641088 167.06835
9.8661072 167.06818
9.8681056 167.06801
9.870104 167.06784
9.8721024 167.06767
9.8741008 167.0675
9.8760992 167.06733
9.8780976 167.06716
9.880096 167.06699
9.8820944 167.06682
9.8840928 167.06665
9.8860912 167.06648
9.8880896 167.06631
9.890088 167.06614
9.8920864 167.06597
9.8940848 167.0658
9.8960832 167.06563
9.8980816 167.06546
9.90008 167.06529
9.9020784 167.06512
9.9040768 167.06495
9.9060752 167.06478
9.9080736 167.06461
9.910072 167.06444
9.9120704 167.06427
9.9140688 167.0641
9.9160672 167.06393
9.9180656 167.06376
9.920064 167.06359
9.9220624 167.06343
9.9240608 167.06326
9.9260592 167.06309
9.9280576 167.06292
9.930056 167.06275
9.9320544 167.06258
9.9340528 167.06241
9.9360512 167.06224
9.9380496 167.06207
9.940048 167.06191
9.9420464 167.06174
9.9440448 167.06157
9.9460432 167.0614
9.9480416 167.06123
9.95004 167.06106
9.9520384 167.06089
9.9540368 167.06073
9.9560352 167.06056
9.9580336 167.06039
9.960032 167.06022
9.9620304 167.06005
9.9640288 167.05989
9.9660272 167.05972
9.9680256 167.05955
9.970024 167.05938
9.9720224 167.05921
9.9740208 167.05905
9.9760192 167.05888
9.9780176 167.05871
9.980016 167.05854
9.9820144 167.05837
9.9840128 167.05821
9.9860112 167.05804
9.9880096 167.05787
9.990008 167.0577
9.9920064 167.05754
9.9940048 167.05737
9.9960032 167.0572
9.9980016 167.05703
10 167.05687

