0.01 29.344238
0.0119984 29.344238
0.013996799 29.344238
0.015995199 29.344238
0.017993599 29.344238
0.019991998 29.344238
0.021990398 29.344238
0.023988798 29.344238
0.025987197 29.344238
0.027985597 29.344238
0.029983997 29.344238
0.031982396 29.344238
0.033980796 29.344238
0.035979196 29.344238
0.037977596 29.344238
0.039975995 29.344238
0.041974395 29.344238
0.043972795 29.344238
0.045971194 29.344239
0.047969594 29.344239
0.049967994 29.34424
0.051966393 29.344241
0.053964793 29.344243
0.055963193 29.344247
0.057961592 29.344252
0.059959992 29.34426
0.061958392 29.344272
0.063956791 29.344288
0.065955191 29.344311
0.067953591 29.344343
0.06995199 29.344385
0.07195039 29.34444
0.07394879 29.344512
0.075947189 29.344602
0.077945589 29.344716
0.079943989 29.344857
0.081942388 29.34503
0.083940788 29.345239
0.085939188 29.34549
0.087937588 29.345788
0.089935987 29.346139
0.091934387 29.346549
0.093932787 29.347023
0.095931186 29.347568
0.097929586 29.34819
0.099927986 29.348895
0.10192639 29.349688
0.10392478 29.350575
0.10592318 29.35156
0.10792158 29.352648
0.10991998 29.353842
0.11191838 29.355144
0.11391678 29.356556
0.11591518 29.358078
0.11791358 29.359709
0.11991198 29.361446
0.12191038 29.363284
0.12390878 29.365217
0.12590718 29.367237
0.12790558 29.369335
0.12990398 29.371498
0.13190238 29.373712
0.13390078 29.375962
0.13589918 29.378231
0.13789758 29.380499
0.13989598 29.382747
0.14189438 29.384953
0.14389278 29.387095
0.14589118 29.38915
0.14788958 29.391096
0.14988798 29.39291
0.15188638 29.39457
0.15388478 29.396053
0.15588318 29.397338
0.15788158 29.398402
0.15987998 29.399221
0.16187838 29.399766
0.16387678 29.399995
0.16587518 29.399849
0.16787357 29.399238
0.16987197 29.398023
0.17187037 29.396009
0.17386877 29.392952
0.17586717 29.388614
0.17786557 29.382883
0.17986397 29.375907
0.18186237 29.368107
0.18386077 29.359982
0.18585917 29.351845
0.18785757 29.343681
0.18985597 29.335206
0.19185437 29.325991
0.19385277 29.315555
0.19585117 29.303434
0.19784957 29.289209
0.19984797 29.272547
0.20184637 29.253247
0.20384477 29.231295
0.20584317 29.20691
0.20784157 29.180571
0.20983997 29.152992
0.21183837 29.125043
0.21383677 29.097633
0.21583517 29.07158
0.21783357 29.047503
0.21983197 29.025772
0.22183037 29.006509
0.22382877 28.989635
0.22582717 28.974939
0.22782557 28.962152
0.22982396 28.95102
0.23182236 28.941368
0.23382076 28.933171
0.23581916 28.92662
0.23781756 28.922187
0.23981596 28.920655
0.24181436 28.923092
0.24381276 28.93071
0.24581116 28.944613
0.24780956 28.965491
0.24980796 28.993351
0.25180636 29.027433
0.25380476 29.066354
0.25580316 29.10842
0.25780156 29.151981
0.25979996 29.195705
0.26179836 29.2387
0.26379676 29.280514
0.26579516 29.32105
0.26779356 29.360434
0.26979196 29.398879
0.27179036 29.436558
0.27378876 29.473501
0.27578716 29.509508
0.27778556 29.544106
0.27978396 29.576539
0.28178236 29.605801
0.28378076 29.630697
0.28577916 29.64993
0.28777756 29.662195
0.28977596 29.666252
0.29177435 29.660979
0.29377275 29.645403
0.29577115 29.618693
0.29776955 29.580152
0.29976795 29.529191
0.30176635 29.465316
0.30376475 29.388134
0.30576315 29.297372
0.30776155 29.192925
0.30975995 29.074929
0.31175835 28.943847
0.31375675 28.800569
0.31575515 28.646498
0.31775355 28.483609
0.31975195 28.314457
0.32175035 28.142106
0.32374875 27.96998
0.32574715 27.801644
0.32774555 27.640532
0.32974395 27.489681
0.33174235 27.351506
0.33374075 27.227661
0.33573915 27.119001
0.33773755 27.025634
0.33973595 26.947052
0.34173435 26.882294
0.34373275 26.830116
0.34573115 26.789144
0.34772955 26.758
0.34972795 26.735388
0.35172635 26.72015
0.35372474 26.711294
0.35572314 26.708006
0.35772154 26.709643
0.35971994 26.71572
0.36171834 26.725895
0.36371674 26.739945
0.36571514 26.757747
0.36771354 26.779247
0.36971194 26.804445
0.37171034 26.833361
0.37370874 26.866012
0.37570714 26.90239
0.37770554 26.942438
0.37970394 26.986029
0.38170234 27.032955
0.38370074 27.082924
0.38569914 27.135556
0.38769754 27.190396
0.38969594 27.246932
0.39169434 27.304613
0.39369274 27.362877
0.39569114 27.421171
0.39768954 27.47898
0.39968794 27.535838
0.40168634 27.591348
0.40368474 27.645185
0.40568314 27.6971
0.40768154 27.746921
0.40967994 27.794543
0.41167834 27.839923
0.41367674 27.883069
0.41567514 27.924034
0.41767353 27.962902
0.41967193 27.999782
0.42167033 28.0348
0.42366873 28.06809
0.42566713 28.099789
0.42766553 28.130033
0.42966393 28.158953
0.43166233 28.186671
0.43366073 28.213299
0.43565913 28.238936
0.43765753 28.263669
0.43965593 28.287571
0.44165433 28.310702
0.44365273 28.333109
0.44565113 28.35483
0.44764953 28.375889
0.44964793 28.396302
0.45164633 28.416079
0.45364473 28.435222
0.45564313 28.453729
0.45764153 28.471595
0.45963993 28.488814
0.46163833 28.505377
0.46363673 28.521278
0.46563513 28.536512
0.46763353 28.551076
0.46963193 28.564969
0.47163033 28.578193
0.47362873 28.590752
0.47562713 28.602655
0.47762553 28.613913
0.47962392 28.624538
0.48162232 28.634547
0.48362072 28.643955
0.48561912 28.652783
0.48761752 28.66105
0.48961592 28.668777
0.49161432 28.675985
0.49361272 28.682697
0.49561112 28.688934
0.49760952 28.694717
0.49960792 28.700068
0.50160632 28.705007
0.50360472 28.709554
0.50560312 28.713728
0.50760152 28.717546
0.50959992 28.721026
0.51159832 28.724185
0.51359672 28.727037
0.51559512 28.729597
0.51759352 28.731879
0.51959192 28.733896
0.52159032 28.73566
0.52358872 28.737181
0.52558712 28.738471
0.52758552 28.739539
0.52958392 28.740396
0.53158232 28.74105
0.53358072 28.74151
0.53557912 28.741784
0.53757752 28.741879
0.53957592 28.741804
0.54157431 28.741566
0.54357271 28.74117
0.54557111 28.740625
0.54756951 28.739936
0.54956791 28.73911
0.55156631 28.738152
0.55356471 28.737067
0.55556311 28.735862
0.55756151 28.73454
0.55955991 28.733106
0.56155831 28.731563
0.56355671 28.729915
0.56555511 28.728165
0.56755351 28.726315
0.56955191 28.724365
0.57155031 28.722316
0.57354871 28.720168
0.57554711 28.717918
0.57754551 28.715565
0.57954391 28.713105
0.58154231 28.710531
0.58354071 28.707837
0.58553911 28.705016
0.58753751 28.702056
0.58953591 28.698945
0.59153431 28.695669
0.59353271 28.692213
0.59553111 28.688557
0.59752951 28.684681
0.59952791 28.68056
0.60152631 28.676169
0.6035247 28.67148
0.6055231 28.66646
0.6075215 28.661077
0.6095199 28.655295
0.6115183 28.649076
0.6135167 28.642381
0.6155151 28.635173
0.6175135 28.627411
0.6195119 28.619058
0.6215103 28.610081
0.6235087 28.600449
0.6255071 28.59014
0.6275055 28.579138
0.6295039 28.567441
0.6315023 28.555059
0.6335007 28.542019
0.6354991 28.528371
0.6374975 28.514183
0.6394959 28.499552
0.6414943 28.484602
0.6434927 28.469489
0.6454911 28.454402
0.6474895 28.43956
0.6494879 28.425221
0.6514863 28.411674
0.6534847 28.39924
0.6554831 28.38827
0.6574815 28.379141
0.6594799 28.372252
0.6614783 28.368016
0.6634767 28.366859
0.6654751 28.369206
0.66747349 28.37548
0.66947189 28.386093
0.67147029 28.401437
0.67346869 28.421882
0.67546709 28.447767
0.67746549 28.4794
0.67946389 28.517057
0.68146229 28.560983
0.68346069 28.611401
0.68545909 28.668521
0.68745749 28.732551
0.68945589 28.803721
0.69145429 28.882308
0.69345269 28.968657
0.69545109 29.06322
0.69744949 29.166592
0.69944789 29.279547
0.70144629 29.403079
0.70344469 29.538451
0.70544309 29.687229
0.70744149 29.851335
0.70943989 30.033082
0.71143829 30.235223
0.71343669 30.460985
0.71543509 30.714119
0.71743349 30.998937
0.71943189 31.320363
0.72143029 31.683995
0.72342869 32.09618
0.72542709 32.564119
0.72742549 33.096005
0.72942388 33.701201
0.73142228 34.390465
0.73342068 35.176202
0.73541908 36.072706
0.73741748 37.096363
0.73941588 38.265694
0.74141428 39.601162
0.74341268 41.124579
0.74541108 42.858011
0.74740948 44.822075
0.74940788 47.033648
0.75140628 49.503139
0.75340468 52.231691
0.75540308 55.208813
0.75740148 58.411064
0.75939988 61.802288
0.76139828 65.335623
0.76339668 68.957091
0.76539508 72.610164
0.76739348 76.240463
0.76939188 79.79977
0.77139028 83.248787
0.77338868 86.558421
0.77538708 89.709742
0.77738548 92.692944
0.77938388 95.505733
0.78138228 98.151518
0.78338068 100.63767
0.78537908 102.97404
0.78737748 105.17172
0.78937588 107.24223
0.79137427 109.19681
0.79337267 111.04612
0.79537107 112.79994
0.79736947 114.46714
0.79936787 116.0556
0.80136627 117.57229
0.80336467 119.02332
0.80536307 120.41404
0.80736147 121.7491
0.80935987 123.03255
0.81135827 124.26797
0.81335667 125.45845
0.81535507 126.60674
0.81735347 127.71527
0.81935187 128.7862
0.82135027 129.82149
0.82334867 130.82288
0.82534707 131.79198
0.82734547 132.73027
0.82934387 133.6391
0.83134227 134.51973
0.83334067 135.37334
0.83533907 136.20106
0.83733747 137.00392
0.83933587 137.78291
0.84133427 138.539
0.84333267 139.27306
0.84533107 139.98598
0.84732947 140.67856
0.84932787 141.35159
0.85132627 142.00583
0.85332466 142.64201
0.85532306 143.26081
0.85732146 143.8629
0.85931986 144.44893
0.86131826 145.0195
0.86331666 145.5752
0.86531506 146.11659
0.86731346 146.64422
0.86931186 147.1586
0.87131026 147.66023
0.87330866 148.14959
0.87530706 148.62713
0.87730546 149.09329
0.87930386 149.54848
0.88130226 149.9931
0.88330066 150.42754
0.88529906 150.85216
0.88729746 151.26731
0.88929586 151.67333
0.89129426 152.07053
0.89329266 152.45922
0.89529106 152.83968
0.89728946 153.21221
0.89928786 153.57707
0.90128626 153.93451
0.90328466 154.28477
0.90528306 154.62808
0.90728146 154.96468
0.90927986 155.29477
0.91127826 155.61855
0.91327666 155.93622
0.91527506 156.24796
0.91727345 156.55396
0.91927185 156.85437
0.92127025 157.14937
0.92326865 157.43911
0.92526705 157.72374
0.92726545 158.0034
0.92926385 158.27823
0.93126225 158.54835
0.93326065 158.8139
0.93525905 159.07499
0.93725745 159.33174
0.93925585 159.58426
0.94125425 159.83266
0.94325265 160.07704
0.94525105 160.31749
0.94724945 160.55411
0.94924785 160.787
0.95124625 161.01623
0.95324465 161.2419
0.95524305 161.46409
0.95724145 161.68286
0.95923985 161.8983
0.96123825 162.11049
0.96323665 162.31948
0.96523505 162.52535
0.96723345 162.72816
0.96923185 162.92798
0.97123025 163.12487
0.97322865 163.31888
0.97522705 163.51007
0.97722545 163.6985
0.97922384 163.88422
0.98122224 164.06728
0.98322064 164.24773
0.98521904 164.42563
0.98721744 164.60101
0.98921584 164.77393
0.99121424 164.94442
0.99321264 165.11254
0.99521104 165.27832
0.99720944 165.4418
0.99920784 165.60302
1.0012062 165.76202
1.0032046 165.91884
1.005203 166.07351
1.0072014 166.22607
1.0091998 166.37656
1.0111982 166.525
1.0131966 166.67142
1.015195 166.81587
1.0171934 166.95837
1.0191918 167.09895
1.0211902 167.23764
1.0231886 167.37447
1.025187 167.50947
1.0271854 167.64266
1.0291838 167.77407
1.0311822 167.90372
1.0331806 168.03165
1.035179 168.15787
1.0371774 168.28242
1.0391758 168.4053
1.0411742 168.52656
1.0431726 168.6462
1.045171 168.76426
1.0471694 168.88075
1.0491678 168.99569
1.0511662 169.10911
1.0531646 169.22102
1.055163 169.33145
1.0571614 169.44041
1.0591598 169.54793
1.0611582 169.65402
1.0631566 169.7587
1.065155 169.86199
1.0671534 169.96391
1.0691518 170.06447
1.0711502 170.16369
1.0731486 170.26159
1.075147 170.35819
1.0771454 170.45349
1.0791438 170.54753
1.0811422 170.6403
1.0831406 170.73184
1.085139 170.82214
1.0871374 170.91124
1.0891358 170.99914
1.0911342 171.08585
1.0931326 171.1714
1.095131 171.25579
1.0971294 171.33905
1.0991278 171.42117
1.1011262 171.50219
1.1031246 171.5821
1.105123 171.66092
1.1071214 171.73867
1.1091198 171.81536
1.1111182 171.891
1.1131166 171.96561
1.115115 172.03919
1.1171134 172.11176
1.1191118 172.18333
1.1211102 172.25391
1.1231086 172.32351
1.125107 172.39215
1.1271054 172.45983
1.1291038 172.52657
1.1311022 172.59238
1.1331006 172.65727
1.135099 172.72125
1.1370974 172.78433
1.1390958 172.84652
1.1410942 172.90784
1.1430926 172.96828
1.145091 173.02787
1.1470894 173.08661
1.1490878 173.14452
1.1510862 173.20159
1.1530846 173.25785
1.155083 173.3133
1.1570814 173.36796
1.1590798 173.42182
1.1610782 173.47491
1.1630766 173.52722
1.165075 173.57878
1.1670734 173.62958
1.1690718 173.67964
1.1710702 173.72897
1.1730686 173.77757
1.175067 173.82545
1.1770654 173.87263
1.1790638 173.91911
1.1810622 173.9649
1.1830606 174.01
1.185059 174.05444
1.1870574 174.0982
1.1890558 174.14131
1.1910542 174.18377
1.1930526 174.22559
1.195051 174.26677
1.1970494 174.30733
1.1990478 174.34727
1.2010462 174.3866
1.2030446 174.42533
1.205043 174.46346
1.2070414 174.50101
1.2090398 174.53797
1.2110382 174.57436
1.2130366 174.61018
1.215035 174.64545
1.2170334 174.68016
1.2190318 174.71433
1.2210302 174.74796
1.2230286 174.78106
1.225027 174.81363
1.2270254 174.84569
1.2290238 174.87723
1.2310222 174.90827
1.2330206 174.93881
1.235019 174.96886
1.2370174 174.99843
1.2390158 175.02751
1.2410142 175.05613
1.2430126 175.08427
1.245011 175.11196
1.2470094 175.13919
1.2490078 175.16597
1.2510062 175.19231
1.2530046 175.21821
1.255003 175.24368
1.2570014 175.26872
1.2589998 175.29335
1.2609982 175.31755
1.2629966 175.34135
1.264995 175.36475
1.2669934 175.38775
1.2689918 175.41036
1.2709902 175.43257
1.2729886 175.45441
1.274987 175.47587
1.2769854 175.49695
1.2789838 175.51767
1.2809822 175.53803
1.2829806 175.55803
1.284979 175.57767
1.2869774 175.59697
1.2889758 175.61593
1.2909742 175.63454
1.2929726 175.65283
1.294971 175.67078
1.2969694 175.68841
1.2989678 175.70572
1.3009662 175.72272
1.3029646 175.7394
1.304963 175.75578
1.3069614 175.77185
1.3089598 175.78762
1.3109582 175.8031
1.3129566 175.81829
1.314955 175.8332
1.3169534 175.84782
1.3189518 175.86216
1.3209502 175.87623
1.3229486 175.89003
1.324947 175.90356
1.3269454 175.91683
1.3289438 175.92984
1.3309422 175.94259
1.3329406 175.95509
1.334939 175.96735
1.3369374 175.97935
1.3389358 175.99112
1.3409342 176.00265
1.3429326 176.01395
1.344931 176.02501
1.3469294 176.03585
1.3489278 176.04646
1.3509262 176.05685
1.3529246 176.06702
1.354923 176.07698
1.3569214 176.08672
1.3589198 176.09626
1.3609182 176.10559
1.3629166 176.11472
1.364915 176.12365
1.3669134 176.13238
1.3689118 176.14092
1.3709102 176.14927
1.3729086 176.15742
1.374907 176.1654
1.3769054 176.17319
1.3789038 176.1808
1.3809022 176.18823
1.3829006 176.19549
1.384899 176.20257
1.3868974 176.20949
1.3888958 176.21624
1.3908942 176.22282
1.3928926 176.22924
1.394891 176.2355
1.3968894 176.24161
1.3988878 176.24756
1.4008862 176.25336
1.4028846 176.259
1.404883 176.2645
1.4068814 176.26985
1.4088798 176.27506
1.4108782 176.28013
1.4128766 176.28506
1.414875 176.28985
1.4168734 176.2945
1.4188718 176.29902
1.4208702 176.30341
1.4228686 176.30767
1.424867 176.31181
1.4268654 176.31582
1.4288638 176.3197
1.4308622 176.32347
1.4328606 176.32711
1.434859 176.33064
1.4368574 176.33405
1.4388558 176.33735
1.4408542 176.34053
1.4428526 176.34361
1.444851 176.34657
1.4468494 176.34943
1.4488478 176.35219
1.4508462 176.35483
1.4528446 176.35738
1.454843 176.35983
1.4568414 176.36218
1.4588398 176.36442
1.4608382 176.36658
1.4628366 176.36864
1.464835 176.3706
1.4668334 176.37248
1.4688318 176.37426
1.4708302 176.37596
1.4728286 176.37757
1.474827 176.37909
1.4768254 176.38053
1.4788238 176.38189
1.4808222 176.38316
1.4828206 176.38435
1.484819 176.38547
1.4868174 176.3865
1.4888158 176.38746
1.4908142 176.38835
1.4928126 176.38916
1.494811 176.38989
1.4968094 176.39056
1.4988078 176.39115
1.5008062 176.39168
1.5028046 176.39214
1.504803 176.39253
1.5068014 176.39285
1.5087998 176.39311
1.5107982 176.3933
1.5127966 176.39343
1.514795 176.3935
1.5167934 176.39351
1.5187918 176.39346
1.5207902 176.39335
1.5227886 176.39318
1.524787 176.39296
1.5267854 176.39268
1.5287838 176.39234
1.5307822 176.39195
1.5327806 176.39151
1.534779 176.39101
1.5367774 176.39047
1.5387758 176.38987
1.5407742 176.38922
1.5427726 176.38853
1.544771 176.38778
1.5467694 176.38699
1.5487678 176.38616
1.5507662 176.38527
1.5527646 176.38435
1.554763 176.38337
1.5567614 176.38236
1.5587598 176.3813
1.5607582 176.3802
1.5627566 176.37906
1.564755 176.37788
1.5667534 176.37666
1.5687518 176.3754
1.5707502 176.37411
1.5727485 176.37277
1.5747469 176.3714
1.5767453 176.36999
1.5787437 176.36855
1.5807421 176.36707
1.5827405 176.36556
1.5847389 176.36401
1.5867373 176.36243
1.5887357 176.36082
1.5907341 176.35918
1.5927325 176.3575
1.5947309 176.35579
1.5967293 176.35406
1.5987277 176.35229
1.6007261 176.3505
1.6027245 176.34867
1.6047229 176.34682
1.6067213 176.34494
1.6087197 176.34304
1.6107181 176.3411
1.6127165 176.33915
1.6147149 176.33716
1.6167133 176.33515
1.6187117 176.33312
1.6207101 176.33106
1.6227085 176.32898
1.6247069 176.32688
1.6267053 176.32475
1.6287037 176.3226
1.6307021 176.32043
1.6327005 176.31824
1.6346989 176.31602
1.6366973 176.31379
1.6386957 176.31153
1.6406941 176.30926
1.6426925 176.30696
1.6446909 176.30465
1.6466893 176.30232
1.6486877 176.29997
1.6506861 176.2976
1.6526845 176.29522
1.6546829 176.29282
1.6566813 176.2904
1.6586797 176.28796
1.6606781 176.28551
1.6626765 176.28304
1.6646749 176.28056
1.6666733 176.27806
1.6686717 176.27555
1.6706701 176.27303
1.6726685 176.27048
1.6746669 176.26793
1.6766653 176.26536
1.6786637 176.26278
1.6806621 176.26018
1.6826605 176.25758
1.6846589 176.25496
1.6866573 176.25233
1.6886557 176.24968
1.6906541 176.24703
1.6926525 176.24436
1.6946509 176.24168
1.6966493 176.23899
1.6986477 176.2363
1.7006461 176.23359
1.7026445 176.23087
1.7046429 176.22814
1.7066413 176.2254
1.7086397 176.22265
1.7106381 176.2199
1.7126365 176.21713
1.7146349 176.21435
1.7166333 176.21157
1.7186317 176.20878
1.7206301 176.20598
1.7226285 176.20317
1.7246269 176.20036
1.7266253 176.19754
1.7286237 176.19471
1.7306221 176.19187
1.7326205 176.18903
1.7346189 176.18618
1.7366173 176.18332
1.7386157 176.18046
1.7406141 176.17759
1.7426125 176.17472
1.7446109 176.17184
1.7466093 176.16895
1.7486077 176.16606
1.7506061 176.16317
1.7526045 176.16027
1.7546029 176.15736
1.7566013 176.15445
1.7585997 176.15153
1.7605981 176.14861
1.7625965 176.14569
1.7645949 176.14276
1.7665933 176.13983
1.7685917 176.13689
1.7705901 176.13395
1.7725885 176.13101
1.7745869 176.12806
1.7765853 176.12511
1.7785837 176.12216
1.7805821 176.1192
1.7825805 176.11624
1.7845789 176.11328
1.7865773 176.11031
1.7885757 176.10735
1.7905741 176.10437
1.7925725 176.1014
1.7945709 176.09843
1.7965693 176.09545
1.7985677 176.09247
1.8005661 176.08949
1.8025645 176.08651
1.8045629 176.08352
1.8065613 176.08054
1.8085597 176.07755
1.8105581 176.07456
1.8125565 176.07157
1.8145549 176.06858
1.8165533 176.06559
1.8185517 176.06259
1.8205501 176.0596
1.8225485 176.0566
1.8245469 176.05361
1.8265453 176.05061
1.8285437 176.04761
1.8305421 176.04461
1.8325405 176.04162
1.8345389 176.03862
1.8365373 176.03562
1.8385357 176.03262
1.8405341 176.02962
1.8425325 176.02662
1.8445309 176.02362
1.8465293 176.02062
1.8485277 176.01762
1.8505261 176.01462
1.8525245 176.01162
1.8545229 176.00862
1.8565213 176.00563
1.8585197 176.00263
1.8605181 175.99963
1.8625165 175.99663
1.8645149 175.99364
1.8665133 175.99064
1.8685117 175.98765
1.8705101 175.98465
1.8725085 175.98166
1.8745069 175.97867
1.8765053 175.97568
1.8785037 175.97269
1.8805021 175.9697
1.8825005 175.96671
1.8844989 175.96373
1.8864973 175.96074
1.8884957 175.95776
1.8904941 175.95477
1.8924925 175.95179
1.8944909 175.94881
1.8964893 175.94583
1.8984877 175.94286
1.9004861 175.93988
1.9024845 175.93691
1.9044829 175.93394
1.9064813 175.93097
1.9084797 175.928
1.9104781 175.92503
1.9124765 175.92206
1.9144749 175.9191
1.9164733 175.91614
1.9184717 175.91318
1.9204701 175.91022
1.9224685 175.90726
1.9244669 175.90431
1.9264653 175.90136
1.9284637 175.89841
1.9304621 175.89546
1.9324605 175.89251
1.9344589 175.88957
1.9364573 175.88663
1.9384557 175.88369
1.9404541 175.88075
1.9424525 175.87782
1.9444509 175.87488
1.9464493 175.87195
1.9484477 175.86902
1.9504461 175.8661
1.9524445 175.86317
1.9544429 175.86025
1.9564413 175.85733
1.9584397 175.85442
1.9604381 175.8515
1.9624365 175.84859
1.9644349 175.84568
1.9664333 175.84277
1.9684317 175.83987
1.9704301 175.83697
1.9724285 175.83407
1.9744269 175.83117
1.9764253 175.82828
1.9784237 175.82539
1.9804221 175.8225
1.9824205 175.81961
1.9844189 175.81673
1.9864173 175.81385
1.9884157 175.81097
1.9904141 175.80809
1.9924125 175.80522
1.9944109 175.80235
1.9964093 175.79948
1.9984077 175.79662
2.0004061 175.79375
2.0024045 175.7909
2.0044029 175.78804
2.0064013 175.78519
2.0083997 175.78233
2.0103981 175.77949
2.0123965 175.77664
2.0143949 175.7738
2.0163933 175.77096
2.0183917 175.76812
2.0203901 175.76529
2.0223885 175.76246
2.0243869 175.75963
2.0263853 175.7568
2.0283837 175.75398
2.0303821 175.75116
2.0323805 175.74834
2.0343789 175.74553
2.0363773 175.74272
2.0383757 175.73991
2.0403741 175.7371
2.0423725 175.7343
2.0443709 175.7315
2.0463693 175.72871
2.0483677 175.72591
2.0503661 175.72312
2.0523645 175.72034
2.0543629 175.71755
2.0563613 175.71477
2.0583597 175.71199
2.0603581 175.70921
2.0623565 175.70644
2.0643549 175.70367
2.0663533 175.70091
2.0683517 175.69814
2.0703501 175.69538
2.0723485 175.69262
2.0743469 175.68987
2.0763453 175.68712
2.0783437 175.68437
2.0803421 175.68162
2.0823405 175.67888
2.0843389 175.67614
2.0863373 175.6734
2.0883357 175.67067
2.0903341 175.66794
2.0923325 175.66521
2.0943309 175.66248
2.0963293 175.65976
2.0983277 175.65704
2.1003261 175.65433
2.1023245 175.65161
2.1043229 175.6489
2.1063213 175.6462
2.1083197 175.64349
2.1103181 175.64079
2.1123165 175.63809
2.1143149 175.6354
2.1163133 175.63271
2.1183117 175.63002
2.1203101 175.62733
2.1223085 175.62465
2.1243069 175.62197
2.1263053 175.61929
2.1283037 175.61662
2.1303021 175.61395
2.1323005 175.61128
2.1342989 175.60861
2.1362973 175.60595
2.1382957 175.60329
2.1402941 175.60063
2.1422925 175.59798
2.1442909 175.59533
2.1462893 175.59268
2.1482877 175.59004
2.1502861 175.5874
2.1522845 175.58476
2.1542829 175.58212
2.1562813 175.57949
2.1582797 175.57686
2.1602781 175.57423
2.1622765 175.57161
2.1642749 175.56899
2.1662733 175.56637
2.1682717 175.56376
2.1702701 175.56115
2.1722685 175.55854
2.1742669 175.55593
2.1762653 175.55333
2.1782637 175.55073
2.1802621 175.54813
2.1822605 175.54554
2.1842589 175.54294
2.1862573 175.54036
2.1882557 175.53777
2.1902541 175.53519
2.1922525 175.53261
2.1942509 175.53003
2.1962492 175.52746
2.1982476 175.52488
2.200246 175.52232
2.2022444 175.51975
2.2042428 175.51719
2.2062412 175.51463
2.2082396 175.51207
2.210238 175.50952
2.2122364 175.50696
2.2142348 175.50442
2.2162332 175.50187
2.2182316 175.49933
2.22023 175.49679
2.2222284 175.49425
2.2242268 175.49172
2.2262252 175.48919
2.2282236 175.48666
2.230222 175.48413
2.2322204 175.48161
2.2342188 175.47909
2.2362172 175.47657
2.2382156 175.47406
2.240214 175.47154
2.2422124 175.46903
2.2442108 175.46653
2.2462092 175.46402
2.2482076 175.46152
2.250206 175.45903
2.2522044 175.45653
2.2542028 175.45404
2.2562012 175.45155
2.2581996 175.44906
2.260198 175.44658
2.2621964 175.44409
2.2641948 175.44162
2.2661932 175.43914
2.2681916 175.43667
2.27019 175.4342
2.2721884 175.43173
2.2741868 175.42926
2.2761852 175.4268
2.2781836 175.42434
2.280182 175.42188
2.2821804 175.41943
2.2841788 175.41698
2.2861772 175.41453
2.2881756 175.41208
2.290174 175.40964
2.2921724 175.4072
2.2941708 175.40476
2.2961692 175.40232
2.2981676 175.39989
2.300166 175.39746
2.3021644 175.39503
2.3041628 175.3926
2.3061612 175.39018
2.3081596 175.38776
2.310158 175.38534
2.3121564 175.38293
2.3141548 175.38052
2.3161532 175.37811
2.3181516 175.3757
2.32015 175.37329
2.3221484 175.37089
2.3241468 175.36849
2.3261452 175.36609
2.3281436 175.3637
2.330142 175.36131
2.3321404 175.35892
2.3341388 175.35653
2.3361372 175.35415
2.3381356 175.35177
2.340134 175.34939
2.3421324 175.34701
2.3441308 175.34464
2.3461292 175.34227
2.3481276 175.3399
2.350126 175.33753
2.3521244 175.33517
2.3541228 175.3328
2.3561212 175.33045
2.3581196 175.32809
2.360118 175.32574
2.3621164 175.32338
2.3641148 175.32103
2.3661132 175.31869
2.3681116 175.31634
2.37011 175.314
2.3721084 175.31166
2.3741068 175.30933
2.3761052 175.30699
2.3781036 175.30466
2.380102 175.30233
2.3821004 175.3
2.3840988 175.29768
2.3860972 175.29536
2.3880956 175.29304
2.390094 175.29072
2.3920924 175.2884
2.3940908 175.28609
2.3960892 175.28378
2.3980876 175.28147
2.400086 175.27917
2.4020844 175.27686
2.4040828 175.27456
2.4060812 175.27226
2.4080796 175.26997
2.410078 175.26768
2.4120764 175.26538
2.4140748 175.2631
2.4160732 175.26081
2.4180716 175.25852
2.42007 175.25624
2.4220684 175.25396
2.4240668 175.25169
2.4260652 175.24941
2.4280636 175.24714
2.430062 175.24487
2.4320604 175.2426
2.4340588 175.24033
2.4360572 175.23807
2.4380556 175.23581
2.440054 175.23355
2.4420524 175.23129
2.4440508 175.22904
2.4460492 175.22679
2.4480476 175.22454
2.450046 175.22229
2.4520444 175.22005
2.4540428 175.2178
2.4560412 175.21556
2.4580396 175.21332
2.460038 175.21109
2.4620364 175.20885
2.4640348 175.20662
2.4660332 175.20439
2.4680316 175.20216
2.47003 175.19994
2.4720284 175.19772
2.4740268 175.1955
2.4760252 175.19328
2.4780236 175.19106
2.480022 175.18885
2.4820204 175.18664
2.4840188 175.18443
2.4860172 175.18222
2.4880156 175.18001
2.490014 175.17781
2.4920124 175.17561
2.4940108 175.17341
2.4960092 175.17121
2.4980076 175.16902
2.500006 175.16683
2.5020044 175.16464
2.5040028 175.16245
2.5060012 175.16026
2.5079996 175.15808
2.509998 175.1559
2.5119964 175.15372
2.5139948 175.15154
2.5159932 175.14937
2.5179916 175.14719
2.51999 175.14502
2.5219884 175.14285
2.5239868 175.14069
2.5259852 175.13852
2.5279836 175.13636
2.529982 175.1342
2.5319804 175.13204
2.5339788 175.12988
2.5359772 175.12773
2.5379756 175.12558
2.539974 175.12343
2.5419724 175.12128
2.5439708 175.11913
2.5459692 175.11699
2.5479676 175.11485
2.549966 175.11271
2.5519644 175.11057
2.5539628 175.10844
2.5559612 175.1063
2.5579596 175.10417
2.559958 175.10204
2.5619564 175.09991
2.5639548 175.09779
2.5659532 175.09567
2.5679516 175.09354
2.56995 175.09143
2.5719484 175.08931
2.5739468 175.08719
2.5759452 175.08508
2.5779436 175.08297
2.579942 175.08086
2.5819404 175.07875
2.5839388 175.07665
2.5859372 175.07454
2.5879356 175.07244
2.589934 175.07034
2.5919324 175.06825
2.5939308 175.06615
2.5959292 175.06406
2.5979276 175.06197
2.599926 175.05988
2.6019244 175.05779
2.6039228 175.0557
2.6059212 175.05362
2.6079196 175.05154
2.609918 175.04946
2.6119164 175.04738
2.6139148 175.04531
2.6159132 175.04323
2.6179116 175.04116
2.61991 175.03909
2.6219084 175.03702
2.6239068 175.03496
2.6259052 175.03289
2.6279036 175.03083
2.629902 175.02877
2.6319004 175.02671
2.6338988 175.02465
2.6358972 175.0226
2.6378956 175.02055
2.639894 175.0185
2.6418924 175.01645
2.6438908 175.0144
2.6458892 175.01236
2.6478876 175.01031
2.649886 175.00827
2.6518844 175.00623
2.6538828 175.00419
2.6558812 175.00216
2.6578796 175.00012
2.659878 174.99809
2.6618764 174.99606
2.6638748 174.99403
2.6658732 174.99201
2.6678716 174.98998
2.66987 174.98796
2.6718684 174.98594
2.6738668 174.98392
2.6758652 174.9819
2.6778636 174.97989
2.679862 174.97788
2.6818604 174.97586
2.6838588 174.97385
2.6858572 174.97185
2.6878556 174.96984
2.689854 174.96784
2.6918524 174.96583
2.6938508 174.96383
2.6958492 174.96183
2.6978476 174.95984
2.699846 174.95784
2.7018444 174.95585
2.7038428 174.95386
2.7058412 174.95187
2.7078396 174.94988
2.709838 174.94789
2.7118364 174.94591
2.7138348 174.94393
2.7158332 174.94195
2.7178316 174.93997
2.71983 174.93799
2.7218284 174.93601
2.7238268 174.93404
2.7258252 174.93207
2.7278236 174.9301
2.729822 174.92813
2.7318204 174.92616
2.7338188 174.9242
2.7358172 174.92223
2.7378156 174.92027
2.739814 174.91831
2.7418124 174.91636
2.7438108 174.9144
2.7458092 174.91245
2.7478076 174.91049
2.749806 174.90854
2.7518044 174.90659
2.7538028 174.90465
2.7558012 174.9027
2.7577996 174.90076
2.759798 174.89881
2.7617964 174.89687
2.7637948 174.89494
2.7657932 174.893
2.7677916 174.89106
2.76979 174.88913
2.7717884 174.8872
2.7737868 174.88527
2.7757852 174.88334
2.7777836 174.88141
2.779782 174.87949
2.7817804 174.87756
2.7837788 174.87564
2.7857772 174.87372
2.7877756 174.8718
2.789774 174.86989
2.7917724 174.86797
2.7937708 174.86606
2.7957692 174.86415
2.7977676 174.86224
2.799766 174.86033
2.8017644 174.85842
2.8037628 174.85652
2.8057612 174.85462
2.8077596 174.85271
2.809758 174.85081
2.8117564 174.84892
2.8137548 174.84702
2.8157532 174.84513
2.8177516 174.84323
2.8197499 174.84134
2.8217483 174.83945
2.8237467 174.83756
2.8257451 174.83568
2.8277435 174.83379
2.8297419 174.83191
2.8317403 174.83003
2.8337387 174.82815
2.8357371 174.82627
2.8377355 174.82439
2.8397339 174.82252
2.8417323 174.82064
2.8437307 174.81877
2.8457291 174.8169
2.8477275 174.81503
2.8497259 174.81317
2.8517243 174.8113
2.8537227 174.80944
2.8557211 174.80758
2.8577195 174.80572
2.8597179 174.80386
2.8617163 174.802
2.8637147 174.80014
2.8657131 174.79829
2.8677115 174.79644
2.8697099 174.79459
2.8717083 174.79274
2.8737067 174.79089
2.8757051 174.78904
2.8777035 174.7872
2.8797019 174.78536
2.8817003 174.78352
2.8836987 174.78168
2.8856971 174.77984
2.8876955 174.778
2.8896939 174.77617
2.8916923 174.77433
2.8936907 174.7725
2.8956891 174.77067
2.8976875 174.76884
2.8996859 174.76702
2.9016843 174.76519
2.9036827 174.76337
2.9056811 174.76154
2.9076795 174.75972
2.9096779 174.7579
2.9116763 174.75609
2.9136747 174.75427
2.9156731 174.75246
2.9176715 174.75064
2.9196699 174.74883
2.9216683 174.74702
2.9236667 174.74521
2.9256651 174.74341
2.9276635 174.7416
2.9296619 174.7398
2.9316603 174.73799
2.9336587 174.73619
2.9356571 174.7344
2.9376555 174.7326
2.9396539 174.7308
2.9416523 174.72901
2.9436507 174.72721
2.9456491 174.72542
2.9476475 174.72363
2.9496459 174.72184
2.9516443 174.72006
2.9536427 174.71827
2.9556411 174.71649
2.9576395 174.71471
2.9596379 174.71292
2.9616363 174.71115
2.9636347 174.70937
2.9656331 174.70759
2.9676315 174.70582
2.9696299 174.70404
2.9716283 174.70227
2.9736267 174.7005
2.9756251 174.69873
2.9776235 174.69696
2.9796219 174.6952
2.9816203 174.69343
2.9836187 174.69167
2.9856171 174.68991
2.9876155 174.68815
2.9896139 174.68639
2.9916123 174.68463
2.9936107 174.68288
2.9956091 174.68113
2.9976075 174.67937
2.9996059 174.67762
3.0016043 174.67587
3.0036027 174.67412
3.0056011 174.67238
3.0075995 174.67063
3.0095979 174.66889
3.0115963 174.66715
3.0135947 174.66541
3.0155931 174.66367
3.0175915 174.66193
3.0195899 174.66019
3.0215883 174.65846
3.0235867 174.65672
3.0255851 174.65499
3.0275835 174.65326
3.0295819 174.65153
3.0315803 174.6498
3.0335787 174.64808
3.0355771 174.64635
3.0375755 174.64463
3.0395739 174.64291
3.0415723 174.64119
3.0435707 174.63947
3.0455691 174.63775
3.0475675 174.63603
3.0495659 174.63432
3.0515643 174.63261
3.0535627 174.63089
3.0555611 174.62918
3.0575595 174.62748
3.0595579 174.62577
3.0615563 174.62406
3.0635547 174.62236
3.0655531 174.62065
3.0675515 174.61895
3.0695499 174.61725
3.0715483 174.61555
3.0735467 174.61385
3.0755451 174.61216
3.0775435 174.61046
3.0795419 174.60877
3.0815403 174.60708
3.0835387 174.60539
3.0855371 174.6037
3.0875355 174.60201
3.0895339 174.60032
3.0915323 174.59864
3.0935307 174.59696
3.0955291 174.59527
3.0975275 174.59359
3.0995259 174.59191
3.1015243 174.59023
3.1035227 174.58856
3.1055211 174.58688
3.1075195 174.58521
3.1095179 174.58354
3.1115163 174.58186
3.1135147 174.5802
3.1155131 174.57853
3.1175115 174.57686
3.1195099 174.57519
3.1215083 174.57353
3.1235067 174.57187
3.1255051 174.57021
3.1275035 174.56855
3.1295019 174.56689
3.1315003 174.56523
3.1334987 174.56357
3.1354971 174.56192
3.1374955 174.56027
3.1394939 174.55861
3.1414923 174.55696
3.1434907 174.55531
3.1454891 174.55367
3.1474875 174.55202
3.1494859 174.55037
3.1514843 174.54873
3.1534827 174.54709
3.1554811 174.54545
3.1574795 174.54381
3.1594779 174.54217
3.1614763 174.54053
3.1634747 174.5389
3.1654731 174.53726
3.1674715 174.53563
3.1694699 174.534
3.1714683 174.53237
3.1734667 174.53074
3.1754651 174.52911
3.1774635 174.52748
3.1794619 174.52586
3.1814603 174.52423
3.1834587 174.52261
3.1854571 174.52099
3.1874555 174.51937
3.1894539 174.51775
3.1914523 174.51614
3.1934507 174.51452
3.1954491 174.51291
3.1974475 174.51129
3.1994459 174.50968
3.2014443 174.50807
3.2034427 174.50646
3.2054411 174.50485
3.2074395 174.50325
3.2094379 174.50164
3.2114363 174.50004
3.2134347 174.49843
3.2154331 174.49683
3.2174315 174.49523
3.2194299 174.49363
3.2214283 174.49204
3.2234267 174.49044
3.2254251 174.48885
3.2274235 174.48725
3.2294219 174.48566
3.2314203 174.48407
3.2334187 174.48248
3.2354171 174.48089
3.2374155 174.4793
3.2394139 174.47772
3.2414123 174.47613
3.2434107 174.47455
3.2454091 174.47297
3.2474075 174.47139
3.2494059 174.46981
3.2514043 174.46823
3.2534027 174.46665
3.2554011 174.46508
3.2573995 174.46351
3.2593979 174.46193
3.2613963 174.46036
3.2633947 174.45879
3.2653931 174.45722
3.2673915 174.45565
3.2693899 174.45409
3.2713883 174.45252
3.2733867 174.45096
3.2753851 174.44939
3.2773835 174.44783
3.2793819 174.44627
3.2813803 174.44471
3.2833787 174.44316
3.2853771 174.4416
3.2873755 174.44004
3.2893739 174.43849
3.2913723 174.43694
3.2933707 174.43539
3.2953691 174.43384
3.2973675 174.43229
3.2993659 174.43074
3.3013643 174.42919
3.3033627 174.42765
3.3053611 174.4261
3.3073595 174.42456
3.3093579 174.42302
3.3113563 174.42148
3.3133547 174.41994
3.3153531 174.4184
3.3173515 174.41687
3.3193499 174.41533
3.3213483 174.4138
3.3233467 174.41226
3.3253451 174.41073
3.3273435 174.4092
3.3293419 174.40767
3.3313403 174.40615
3.3333387 174.40462
3.3353371 174.40309
3.3373355 174.40157
3.3393339 174.40005
3.3413323 174.39853
3.3433307 174.397
3.3453291 174.39549
3.3473275 174.39397
3.3493259 174.39245
3.3513243 174.39093
3.3533227 174.38942
3.3553211 174.38791
3.3573195 174.3864
3.3593179 174.38488
3.3613163 174.38338
3.3633147 174.38187
3.3653131 174.38036
3.3673115 174.37885
3.3693099 174.37735
3.3713083 174.37585
3.3733067 174.37434
3.3753051 174.37284
3.3773035 174.37134
3.3793019 174.36984
3.3813003 174.36835
3.3832987 174.36685
3.3852971 174.36535
3.3872955 174.36386
3.3892939 174.36237
3.3912923 174.36088
3.3932907 174.35939
3.3952891 174.3579
3.3972875 174.35641
3.3992859 174.35492
3.4012843 174.35344
3.4032827 174.35195
3.4052811 174.35047
3.4072795 174.34899
3.4092779 174.34751
3.4112763 174.34603
3.4132747 174.34455
3.4152731 174.34307
3.4172715 174.34159
3.4192699 174.34012
3.4212683 174.33865
3.4232667 174.33717
3.4252651 174.3357
3.4272635 174.33423
3.4292619 174.33276
3.4312603 174.33129
3.4332587 174.32983
3.4352571 174.32836
3.4372555 174.3269
3.4392539 174.32543
3.4412523 174.32397
3.4432507 174.32251
3.445249 174.32105
3.4472474 174.31959
3.4492458 174.31813
3.4512442 174.31668
3.4532426 174.31522
3.455241 174.31377
3.4572394 174.31232
3.4592378 174.31086
3.4612362 174.30941
3.4632346 174.30796
3.465233 174.30652
3.4672314 174.30507
3.4692298 174.30362
3.4712282 174.30218
3.4732266 174.30073
3.475225 174.29929
3.4772234 174.29785
3.4792218 174.29641
3.4812202 174.29497
3.4832186 174.29353
3.485217 174.2921
3.4872154 174.29066
3.4892138 174.28923
3.4912122 174.28779
3.4932106 174.28636
3.495209 174.28493
3.4972074 174.2835
3.4992058 174.28207
3.5012042 174.28064
3.5032026 174.27922
3.505201 174.27779
3.5071994 174.27637
3.5091978 174.27494
3.5111962 174.27352
3.5131946 174.2721
3.515193 174.27068
3.5171914 174.26926
3.5191898 174.26784
3.5211882 174.26643
3.5231866 174.26501
3.525185 174.2636
3.5271834 174.26218
3.5291818 174.26077
3.5311802 174.25936
3.5331786 174.25795
3.535177 174.25654
3.5371754 174.25513
3.5391738 174.25373
3.5411722 174.25232
3.5431706 174.25092
3.545169 174.24952
3.5471674 174.24811
3.5491658 174.24671
3.5511642 174.24531
3.5531626 174.24391
3.555161 174.24252
3.5571594 174.24112
3.5591578 174.23972
3.5611562 174.23833
3.5631546 174.23694
3.565153 174.23554
3.5671514 174.23415
3.5691498 174.23276
3.5711482 174.23137
3.5731466 174.22999
3.575145 174.2286
3.5771434 174.22721
3.5791418 174.22583
3.5811402 174.22444
3.5831386 174.22306
3.585137 174.22168
3.5871354 174.2203
3.5891338 174.21892
3.5911322 174.21754
3.5931306 174.21617
3.595129 174.21479
3.5971274 174.21342
3.5991258 174.21204
3.6011242 174.21067
3.6031226 174.2093
3.605121 174.20793
3.6071194 174.20656
3.6091178 174.20519
3.6111162 174.20382
3.6131146 174.20245
3.615113 174.20109
3.6171114 174.19973
3.6191098 174.19836
3.6211082 174.197
3.6231066 174.19564
3.625105 174.19428
3.6271034 174.19292
3.6291018 174.19156
3.6311002 174.19021
3.6330986 174.18885
3.635097 174.1875
3.6370954 174.18614
3.6390938 174.18479
3.6410922 174.18344
3.6430906 174.18209
3.645089 174.18074
3.6470874 174.17939
3.6490858 174.17804
3.6510842 174.1767
3.6530826 174.17535
3.655081 174.17401
3.6570794 174.17266
3.6590778 174.17132
3.6610762 174.16998
3.6630746 174.16864
3.665073 174.1673
3.6670714 174.16596
3.6690698 174.16463
3.6710682 174.16329
3.6730666 174.16196
3.675065 174.16062
3.6770634 174.15929
3.6790618 174.15796
3.6810602 174.15663
3.6830586 174.1553
3.685057 174.15397
3.6870554 174.15264
3.6890538 174.15131
3.6910522 174.14999
3.6930506 174.14866
3.695049 174.14734
3.6970474 174.14602
3.6990458 174.1447
3.7010442 174.14338
3.7030426 174.14206
3.705041 174.14074
3.7070394 174.13942
3.7090378 174.13811
3.7110362 174.13679
3.7130346 174.13548
3.715033 174.13416
3.7170314 174.13285
3.7190298 174.13154
3.7210282 174.13023
3.7230266 174.12892
3.725025 174.12761
3.7270234 174.1263
3.7290218 174.125
3.7310202 174.12369
3.7330186 174.12239
3.735017 174.12109
3.7370154 174.11978
3.7390138 174.11848
3.7410122 174.11718
3.7430106 174.11588
3.745009 174.11459
3.7470074 174.11329
3.7490058 174.11199
3.7510042 174.1107
3.7530026 174.1094
3.755001 174.10811
3.7569994 174.10682
3.7589978 174.10553
3.7609962 174.10424
3.7629946 174.10295
3.764993 174.10166
3.7669914 174.10037
3.7689898 174.09909
3.7709882 174.0978
3.7729866 174.09652
3.774985 174.09523
3.7769834 174.09395
3.7789818 174.09267
3.7809802 174.09139
3.7829786 174.09011
3.784977 174.08883
3.7869754 174.08755
3.7889738 174.08628
3.7909722 174.085
3.7929706 174.08373
3.794969 174.08245
3.7969674 174.08118
3.7989658 174.07991
3.8009642 174.07864
3.8029626 174.07737
3.804961 174.0761
3.8069594 174.07483
3.8089578 174.07357
3.8109562 174.0723
3.8129546 174.07104
3.814953 174.06977
3.8169514 174.06851
3.8189498 174.06725
3.8209482 174.06599
3.8229466 174.06473
3.824945 174.06347
3.8269434 174.06221
3.8289418 174.06096
3.8309402 174.0597
3.8329386 174.05844
3.834937 174.05719
3.8369354 174.05594
3.8389338 174.05468
3.8409322 174.05343
3.8429306 174.05218
3.844929 174.05093
3.8469274 174.04969
3.8489258 174.04844
3.8509242 174.04719
3.8529226 174.04595
3.854921 174.0447
3.8569194 174.04346
3.8589178 174.04222
3.8609162 174.04097
3.8629146 174.03973
3.864913 174.03849
3.8669114 174.03725
3.8689098 174.03602
3.8709082 174.03478
3.8729066 174.03354
3.874905 174.03231
3.8769034 174.03107
3.8789018 174.02984
3.8809002 174.02861
3.8828986 174.02738
3.884897 174.02615
3.8868954 174.02492
3.8888938 174.02369
3.8908922 174.02246
3.8928906 174.02123
3.894889 174.02001
3.8968874 174.01878
3.8988858 174.01756
3.9008842 174.01634
3.9028826 174.01511
3.904881 174.01389
3.9068794 174.01267
3.9088778 174.01145
3.9108762 174.01024
3.9128746 174.00902
3.914873 174.0078
3.9168714 174.00659
3.9188698 174.00537
3.9208682 174.00416
3.9228666 174.00294
3.924865 174.00173
3.9268634 174.00052
3.9288618 173.99931
3.9308602 173.9981
3.9328586 173.99689
3.934857 173.99569
3.9368554 173.99448
3.9388538 173.99327
3.9408522 173.99207
3.9428506 173.99087
3.944849 173.98966
3.9468474 173.98846
3.9488458 173.98726
3.9508442 173.98606
3.9528426 173.98486
3.954841 173.98366
3.9568394 173.98247
3.9588378 173.98127
3.9608362 173.98007
3.9628346 173.97888
3.964833 173.97769
3.9668314 173.97649
3.9688298 173.9753
3.9708282 173.97411
3.9728266 173.97292
3.974825 173.97173
3.9768234 173.97054
3.9788218 173.96935
3.9808202 173.96817
3.9828186 173.96698
3.984817 173.9658
3.9868154 173.96461
3.9888138 173.96343
3.9908122 173.96225
3.9928106 173.96107
3.994809 173.95989
3.9968074 173.95871
3.9988058 173.95753
4.0008042 173.95635
4.0028026 173.95517
4.004801 173.954
4.0067994 173.95282
4.0087978 173.95165
4.0107962 173.95047
4.0127946 173.9493
4.014793 173.94813
4.0167914 173.94696
4.0187898 173.94579
4.0207882 173.94462
4.0227866 173.94345
4.024785 173.94229
4.0267834 173.94112
4.0287818 173.93995
4.0307802 173.93879
4.0327786 173.93763
4.034777 173.93646
4.0367754 173.9353
4.0387738 173.93414
4.0407722 173.93298
4.0427706 173.93182
4.044769 173.93066
4.0467674 173.9295
4.0487658 173.92835
4.0507642 173.92719
4.0527626 173.92604
4.054761 173.92488
4.0567594 173.92373
4.0587578 173.92258
4.0607562 173.92143
4.0627546 173.92027
4.064753 173.91912
4.0667514 173.91798
4.0687497 173.91683
4.0707481 173.91568
4.0727465 173.91453
4.0747449 173.91339
4.0767433 173.91224
4.0787417 173.9111
4.0807401 173.90996
4.0827385 173.90881
4.0847369 173.90767
4.0867353 173.90653
4.0887337 173.90539
4.0907321 173.90425
4.0927305 173.90312
4.0947289 173.90198
4.0967273 173.90084
4.0987257 173.89971
4.1007241 173.89857
4.1027225 173.89744
4.1047209 173.89631
4.1067193 173.89517
4.1087177 173.89404
4.1107161 173.89291
4.1127145 173.89178
4.1147129 173.89065
4.1167113 173.88953
4.1187097 173.8884
4.1207081 173.88727
4.1227065 173.88615
4.1247049 173.88502
4.1267033 173.8839
4.1287017 173.88278
4.1307001 173.88165
4.1326985 173.88053
4.1346969 173.87941
4.1366953 173.87829
4.1386937 173.87717
4.1406921 173.87606
4.1426905 173.87494
4.1446889 173.87382
4.1466873 173.87271
4.1486857 173.87159
4.1506841 173.87048
4.1526825 173.86937
4.1546809 173.86825
4.1566793 173.86714
4.1586777 173.86603
4.1606761 173.86492
4.1626745 173.86381
4.1646729 173.86271
4.1666713 173.8616
4.1686697 173.86049
4.1706681 173.85939
4.1726665 173.85828
4.1746649 173.85718
4.1766633 173.85607
4.1786617 173.85497
4.1806601 173.85387
4.1826585 173.85277
4.1846569 173.85167
4.1866553 173.85057
4.1886537 173.84947
4.1906521 173.84838
4.1926505 173.84728
4.1946489 173.84618
4.1966473 173.84509
4.1986457 173.84399
4.2006441 173.8429
4.2026425 173.84181
4.2046409 173.84072
4.2066393 173.83962
4.2086377 173.83853
4.2106361 173.83744
4.2126345 173.83636
4.2146329 173.83527
4.2166313 173.83418
4.2186297 173.83309
4.2206281 173.83201
4.2226265 173.83092
4.2246249 173.82984
4.2266233 173.82876
4.2286217 173.82767
4.2306201 173.82659
4.2326185 173.82551
4.2346169 173.82443
4.2366153 173.82335
4.2386137 173.82228
4.2406121 173.8212
4.2426105 173.82012
4.2446089 173.81904
4.2466073 173.81797
4.2486057 173.81689
4.2506041 173.81582
4.2526025 173.81475
4.2546009 173.81368
4.2565993 173.81261
4.2585977 173.81153
4.2605961 173.81046
4.2625945 173.8094
4.2645929 173.80833
4.2665913 173.80726
4.2685897 173.80619
4.2705881 173.80513
4.2725865 173.80406
4.2745849 173.803
4.2765833 173.80193
4.2785817 173.80087
4.2805801 173.79981
4.2825785 173.79875
4.2845769 173.79769
4.2865753 173.79663
4.2885737 173.79557
4.2905721 173.79451
4.2925705 173.79345
4.2945689 173.7924
4.2965673 173.79134
4.2985657 173.79029
4.3005641 173.78923
4.3025625 173.78818
4.3045609 173.78713
4.3065593 173.78607
4.3085577 173.78502
4.3105561 173.78397
4.3125545 173.78292
4.3145529 173.78187
4.3165513 173.78083
4.3185497 173.77978
4.3205481 173.77873
4.3225465 173.77769
4.3245449 173.77664
4.3265433 173.7756
4.3285417 173.77455
4.3305401 173.77351
4.3325385 173.77247
4.3345369 173.77143
4.3365353 173.77039
4.3385337 173.76935
4.3405321 173.76831
4.3425305 173.76727
4.3445289 173.76623
4.3465273 173.76519
4.3485257 173.76416
4.3505241 173.76312
4.3525225 173.76209
4.3545209 173.76105
4.3565193 173.76002
4.3585177 173.75899
4.3605161 173.75796
4.3625145 173.75693
4.3645129 173.75589
4.3665113 173.75487
4.3685097 173.75384
4.3705081 173.75281
4.3725065 173.75178
4.3745049 173.75076
4.3765033 173.74973
4.3785017 173.7487
4.3805001 173.74768
4.3824985 173.74666
4.3844969 173.74563
4.3864953 173.74461
4.3884937 173.74359
4.3904921 173.74257
4.3924905 173.74155
4.3944889 173.74053
4.3964873 173.73951
4.3984857 173.73849
4.4004841 173.73748
4.4024825 173.73646
4.4044809 173.73545
4.4064793 173.73443
4.4084777 173.73342
4.4104761 173.7324
4.4124745 173.73139
4.4144729 173.73038
4.4164713 173.72937
4.4184697 173.72836
4.4204681 173.72735
4.4224665 173.72634
4.4244649 173.72533
4.4264633 173.72432
4.4284617 173.72332
4.4304601 173.72231
4.4324585 173.72131
4.4344569 173.7203
4.4364553 173.7193
4.4384537 173.71829
4.4404521 173.71729
4.4424505 173.71629
4.4444489 173.71529
4.4464473 173.71429
4.4484457 173.71329
4.4504441 173.71229
4.4524425 173.71129
4.4544409 173.71029
4.4564393 173.7093
4.4584377 173.7083
4.4604361 173.70731
4.4624345 173.70631
4.4644329 173.70532
4.4664313 173.70432
4.4684297 173.70333
4.4704281 173.70234
4.4724265 173.70135
4.4744249 173.70036
4.4764233 173.69937
4.4784217 173.69838
4.4804201 173.69739
4.4824185 173.6964
4.4844169 173.69542
4.4864153 173.69443
4.4884137 173.69344
4.4904121 173.69246
4.4924105 173.69148
4.4944089 173.69049
4.4964073 173.68951
4.4984057 173.68853
4.5004041 173.68755
4.5024025 173.68657
4.5044009 173.68559
4.5063993 173.68461
4.5083977 173.68363
4.5103961 173.68265
4.5123945 173.68167
4.5143929 173.6807
4.5163913 173.67972
4.5183897 173.67875
4.5203881 173.67777
4.5223865 173.6768
4.5243849 173.67582
4.5263833 173.67485
4.5283817 173.67388
4.5303801 173.67291
4.5323785 173.67194
4.5343769 173.67097
4.5363753 173.67
4.5383737 173.66903
4.5403721 173.66807
4.5423705 173.6671
4.5443689 173.66613
4.5463673 173.66517
4.5483657 173.6642
4.5503641 173.66324
4.5523625 173.66227
4.5543609 173.66131
4.5563593 173.66035
4.5583577 173.65939
4.5603561 173.65843
4.5623545 173.65747
4.5643529 173.65651
4.5663513 173.65555
4.5683497 173.65459
4.5703481 173.65363
4.5723465 173.65268
4.5743449 173.65172
4.5763433 173.65077
4.5783417 173.64981
4.5803401 173.64886
4.5823385 173.6479
4.5843369 173.64695
4.5863353 173.646
4.5883337 173.64505
4.5903321 173.6441
4.5923305 173.64315
4.5943289 173.6422
4.5963273 173.64125
4.5983257 173.6403
4.6003241 173.63935
4.6023225 173.63841
4.6043209 173.63746
4.6063193 173.63652
4.6083177 173.63557
4.6103161 173.63463
4.6123145 173.63368
4.6143129 173.63274
4.6163113 173.6318
4.6183097 173.63086
4.6203081 173.62992
4.6223065 173.62898
4.6243049 173.62804
4.6263033 173.6271
4.6283017 173.62616
4.6303001 173.62522
4.6322985 173.62429
4.6342969 173.62335
4.6362953 173.62241
4.6382937 173.62148
4.6402921 173.62055
4.6422905 173.61961
4.6442889 173.61868
4.6462873 173.61775
4.6482857 173.61682
4.6502841 173.61588
4.6522825 173.61495
4.6542809 173.61402
4.6562793 173.6131
4.6582777 173.61217
4.6602761 173.61124
4.6622745 173.61031
4.6642729 173.60939
4.6662713 173.60846
4.6682697 173.60753
4.6702681 173.60661
4.6722665 173.60569
4.6742649 173.60476
4.6762633 173.60384
4.6782617 173.60292
4.6802601 173.602
4.6822585 173.60108
4.6842569 173.60016
4.6862553 173.59924
4.6882537 173.59832
4.6902521 173.5974
4.6922505 173.59648
4.6942488 173.59557
4.6962472 173.59465
4.6982456 173.59373
4.700244 173.59282
4.7022424 173.59191
4.7042408 173.59099
4.7062392 173.59008
4.7082376 173.58917
4.710236 173.58825
4.7122344 173.58734
4.7142328 173.58643
4.7162312 173.58552
4.7182296 173.58461
4.720228 173.58371
4.7222264 173.5828
4.7242248 173.58189
4.7262232 173.58098
4.7282216 173.58008
4.73022 173.57917
4.7322184 173.57827
4.7342168 173.57736
4.7362152 173.57646
4.7382136 173.57556
4.740212 173.57465
4.7422104 173.57375
4.7442088 173.57285
4.7462072 173.57195
4.7482056 173.57105
4.750204 173.57015
4.7522024 173.56925
4.7542008 173.56835
4.7561992 173.56746
4.7581976 173.56656
4.760196 173.56566
4.7621944 173.56477
4.7641928 173.56387
4.7661912 173.56298
4.7681896 173.56209
4.770188 173.56119
4.7721864 173.5603
4.7741848 173.55941
4.7761832 173.55852
4.7781816 173.55763
4.78018 173.55674
4.7821784 173.55585
4.7841768 173.55496
4.7861752 173.55407
4.7881736 173.55318
4.790172 173.55229
4.7921704 173.55141
4.7941688 173.55052
4.7961672 173.54964
4.7981656 173.54875
4.800164 173.54787
4.8021624 173.54699
4.8041608 173.5461
4.8061592 173.54522
4.8081576 173.54434
4.810156 173.54346
4.8121544 173.54258
4.8141528 173.5417
4.8161512 173.54082
4.8181496 173.53994
4.820148 173.53906
4.8221464 173.53818
4.8241448 173.53731
4.8261432 173.53643
4.8281416 173.53556
4.83014 173.53468
4.8321384 173.53381
4.8341368 173.53293
4.8361352 173.53206
4.8381336 173.53119
4.840132 173.53031
4.8421304 173.52944
4.8441288 173.52857
4.8461272 173.5277
4.8481256 173.52683
4.850124 173.52596
4.8521224 173.5251
4.8541208 173.52423
4.8561192 173.52336
4.8581176 173.52249
4.860116 173.52163
4.8621144 173.52076
4.8641128 173.5199
4.8661112 173.51903
4.8681096 173.51817
4.870108 173.51731
4.8721064 173.51644
4.8741048 173.51558
4.8761032 173.51472
4.8781016 173.51386
4.8801 173.513
4.8820984 173.51214
4.8840968 173.51128
4.8860952 173.51042
4.8880936 173.50956
4.890092 173.50871
4.8920904 173.50785
4.8940888 173.50699
4.8960872 173.50614
4.8980856 173.50528
4.900084 173.50443
4.9020824 173.50357
4.9040808 173.50272
4.9060792 173.50187
4.9080776 173.50102
4.910076 173.50016
4.9120744 173.49931
4.9140728 173.49846
4.9160712 173.49761
4.9180696 173.49676
4.920068 173.49592
4.9220664 173.49507
4.9240648 173.49422
4.9260632 173.49337
4.9280616 173.49253
4.93006 173.49168
4.9320584 173.49083
4.9340568 173.48999
4.9360552 173.48915
4.9380536 173.4883
4.940052 173.48746
4.9420504 173.48662
4.9440488 173.48577
4.9460472 173.48493
4.9480456 173.48409
4.950044 173.48325
4.9520424 173.48241
4.9540408 173.48157
4.9560392 173.48074
4.9580376 173.4799
4.960036 173.47906
4.9620344 173.47822
4.9640328 173.47739
4.9660312 173.47655
4.9680296 173.47572
4.970028 173.47488
4.9720264 173.47405
4.9740248 173.47321
4.9760232 173.47238
4.9780216 173.47155
4.98002 173.47072
4.9820184 173.46989
4.9840168 173.46906
4.9860152 173.46823
4.9880136 173.4674
4.990012 173.46657
4.9920104 173.46574
4.9940088 173.46491
4.9960072 173.46408
4.9980056 173.46326
5.000004 173.46243
5.0020024 173.4616
5.0040008 173.46078
5.0059992 173.45995
5.0079976 173.45913
5.009996 173.45831
5.0119944 173.45748
5.0139928 173.45666
5.0159912 173.45584
5.0179896 173.45502
5.019988 173.4542
5.0219864 173.45338
5.0239848 173.45256
5.0259832 173.45174
5.0279816 173.45092
5.02998 173.4501
5.0319784 173.44928
5.0339768 173.44847
5.0359752 173.44765
5.0379736 173.44683
5.039972 173.44602
5.0419704 173.4452
5.0439688 173.44439
5.0459672 173.44358
5.0479656 173.44276
5.049964 173.44195
5.0519624 173.44114
5.0539608 173.44033
5.0559592 173.43952
5.0579576 173.43871
5.059956 173.4379
5.0619544 173.43709
5.0639528 173.43628
5.0659512 173.43547
5.0679496 173.43466
5.069948 173.43385
5.0719464 173.43305
5.0739448 173.43224
5.0759432 173.43144
5.0779416 173.43063
5.07994 173.42983
5.0819384 173.42902
5.0839368 173.42822
5.0859352 173.42742
5.0879336 173.42661
5.089932 173.42581
5.0919304 173.42501
5.0939288 173.42421
5.0959272 173.42341
5.0979256 173.42261
5.099924 173.42181
5.1019224 173.42101
5.1039208 173.42021
5.1059192 173.41941
5.1079176 173.41862
5.109916 173.41782
5.1119144 173.41702
5.1139128 173.41623
5.1159112 173.41543
5.1179096 173.41464
5.119908 173.41384
5.1219064 173.41305
5.1239048 173.41226
5.1259032 173.41147
5.1279016 173.41067
5.1299 173.40988
5.1318984 173.40909
5.1338968 173.4083
5.1358952 173.40751
5.1378936 173.40672
5.139892 173.40593
5.1418904 173.40514
5.1438888 173.40436
5.1458872 173.40357
5.1478856 173.40278
5.149884 173.402
5.1518824 173.40121
5.1538808 173.40042
5.1558792 173.39964
5.1578776 173.39886
5.159876 173.39807
5.1618744 173.39729
5.1638728 173.39651
5.1658712 173.39572
5.1678696 173.39494
5.169868 173.39416
5.1718664 173.39338
5.1738648 173.3926
5.1758632 173.39182
5.1778616 173.39104
5.17986 173.39026
5.1818584 173.38948
5.1838568 173.38871
5.1858552 173.38793
5.1878536 173.38715
5.189852 173.38638
5.1918504 173.3856
5.1938488 173.38483
5.1958472 173.38405
5.1978456 173.38328
5.199844 173.3825
5.2018424 173.38173
5.2038408 173.38096
5.2058392 173.38019
5.2078376 173.37941
5.209836 173.37864
5.2118344 173.37787
5.2138328 173.3771
5.2158312 173.37633
5.2178296 173.37556
5.219828 173.3748
5.2218264 173.37403
5.2238248 173.37326
5.2258232 173.37249
5.2278216 173.37173
5.22982 173.37096
5.2318184 173.37019
5.2338168 173.36943
5.2358152 173.36866
5.2378136 173.3679
5.239812 173.36714
5.2418104 173.36637
5.2438088 173.36561
5.2458072 173.36485
5.2478056 173.36409
5.249804 173.36333
5.2518024 173.36257
5.2538008 173.36181
5.2557992 173.36105
5.2577976 173.36029
5.259796 173.35953
5.2617944 173.35877
5.2637928 173.35801
5.2657912 173.35725
5.2677896 173.3565
5.269788 173.35574
5.2717864 173.35499
5.2737848 173.35423
5.2757832 173.35348
5.2777816 173.35272
5.27978 173.35197
5.2817784 173.35121
5.2837768 173.35046
5.2857752 173.34971
5.2877736 173.34896
5.289772 173.34821
5.2917704 173.34746
5.2937688 173.3467
5.2957672 173.34595
5.2977656 173.34521
5.299764 173.34446
5.3017624 173.34371
5.3037608 173.34296
5.3057592 173.34221
5.3077576 173.34147
5.309756 173.34072
5.3117544 173.33997
5.3137528 173.33923
5.3157512 173.33848
5.3177495 173.33774
5.3197479 173.33699
5.3217463 173.33625
5.3237447 173.33551
5.3257431 173.33476
5.3277415 173.33402
5.3297399 173.33328
5.3317383 173.33254
5.3337367 173.3318
5.3357351 173.33106
5.3377335 173.33032
5.3397319 173.32958
5.3417303 173.32884
5.3437287 173.3281
5.3457271 173.32736
5.3477255 173.32662
5.3497239 173.32589
5.3517223 173.32515
5.3537207 173.32441
5.3557191 173.32368
5.3577175 173.32294
5.3597159 173.32221
5.3617143 173.32147
5.3637127 173.32074
5.3657111 173.32001
5.3677095 173.31927
5.3697079 173.31854
5.3717063 173.31781
5.3737047 173.31708
5.3757031 173.31635
5.3777015 173.31562
5.3796999 173.31489
5.3816983 173.31416
5.3836967 173.31343
5.3856951 173.3127
5.3876935 173.31197
5.3896919 173.31124
5.3916903 173.31052
5.3936887 173.30979
5.3956871 173.30906
5.3976855 173.30834
5.3996839 173.30761
5.4016823 173.30689
5.4036807 173.30616
5.4056791 173.30544
5.4076775 173.30471
5.4096759 173.30399
5.4116743 173.30327
5.4136727 173.30255
5.4156711 173.30182
5.4176695 173.3011
5.4196679 173.30038
5.4216663 173.29966
5.4236647 173.29894
5.4256631 173.29822
5.4276615 173.2975
5.4296599 173.29678
5.4316583 173.29607
5.4336567 173.29535
5.4356551 173.29463
5.4376535 173.29392
5.4396519 173.2932
5.4416503 173.29248
5.4436487 173.29177
5.4456471 173.29105
5.4476455 173.29034
5.4496439 173.28962
5.4516423 173.28891
5.4536407 173.2882
5.4556391 173.28748
5.4576375 173.28677
5.4596359 173.28606
5.4616343 173.28535
5.4636327 173.28464
5.4656311 173.28393
5.4676295 173.28322
5.4696279 173.28251
5.4716263 173.2818
5.4736247 173.28109
5.4756231 173.28038
5.4776215 173.27967
5.4796199 173.27897
5.4816183 173.27826
5.4836167 173.27755
5.4856151 173.27685
5.4876135 173.27614
5.4896119 173.27544
5.4916103 173.27473
5.4936087 173.27403
5.4956071 173.27332
5.4976055 173.27262
5.4996039 173.27192
5.5016023 173.27121
5.5036007 173.27051
5.5055991 173.26981
5.5075975 173.26911
5.5095959 173.26841
5.5115943 173.26771
5.5135927 173.26701
5.5155911 173.26631
5.5175895 173.26561
5.5195879 173.26491
5.5215863 173.26421
5.5235847 173.26352
5.5255831 173.26282
5.5275815 173.26212
5.5295799 173.26143
5.5315783 173.26073
5.5335767 173.26003
5.5355751 173.25934
5.5375735 173.25864
5.5395719 173.25795
5.5415703 173.25726
5.5435687 173.25656
5.5455671 173.25587
5.5475655 173.25518
5.5495639 173.25449
5.5515623 173.25379
5.5535607 173.2531
5.5555591 173.25241
5.5575575 173.25172
5.5595559 173.25103
5.5615543 173.25034
5.5635527 173.24965
5.5655511 173.24896
5.5675495 173.24828
5.5695479 173.24759
5.5715463 173.2469
5.5735447 173.24621
5.5755431 173.24553
5.5775415 173.24484
5.5795399 173.24416
5.5815383 173.24347
5.5835367 173.24279
5.5855351 173.2421
5.5875335 173.24142
5.5895319 173.24073
5.5915303 173.24005
5.5935287 173.23937
5.5955271 173.23869
5.5975255 173.238
5.5995239 173.23732
5.6015223 173.23664
5.6035207 173.23596
5.6055191 173.23528
5.6075175 173.2346
5.6095159 173.23392
5.6115143 173.23324
5.6135127 173.23257
5.6155111 173.23189
5.6175095 173.23121
5.6195079 173.23053
5.6215063 173.22986
5.6235047 173.22918
5.6255031 173.2285
5.6275015 173.22783
5.6294999 173.22715
5.6314983 173.22648
5.6334967 173.2258
5.6354951 173.22513
5.6374935 173.22446
5.6394919 173.22378
5.6414903 173.22311
5.6434887 173.22244
5.6454871 173.22177
5.6474855 173.22109
5.6494839 173.22042
5.6514823 173.21975
5.6534807 173.21908
5.6554791 173.21841
5.6574775 173.21774
5.6594759 173.21708
5.6614743 173.21641
5.6634727 173.21574
5.6654711 173.21507
5.6674695 173.2144
5.6694679 173.21374
5.6714663 173.21307
5.6734647 173.2124
5.6754631 173.21174
5.6774615 173.21107
5.6794599 173.21041
5.6814583 173.20974
5.6834567 173.20908
5.6854551 173.20842
5.6874535 173.20775
5.6894519 173.20709
5.6914503 173.20643
5.6934487 173.20577
5.6954471 173.2051
5.6974455 173.20444
5.6994439 173.20378
5.7014423 173.20312
5.7034407 173.20246
5.7054391 173.2018
5.7074375 173.20114
5.7094359 173.20048
5.7114343 173.19983
5.7134327 173.19917
5.7154311 173.19851
5.7174295 173.19785
5.7194279 173.1972
5.7214263 173.19654
5.7234247 173.19588
5.7254231 173.19523
5.7274215 173.19457
5.7294199 173.19392
5.7314183 173.19326
5.7334167 173.19261
5.7354151 173.19196
5.7374135 173.1913
5.7394119 173.19065
5.7414103 173.19
5.7434087 173.18935
5.7454071 173.1887
5.7474055 173.18804
5.7494039 173.18739
5.7514023 173.18674
5.7534007 173.18609
5.7553991 173.18544
5.7573975 173.18479
5.7593959 173.18415
5.7613943 173.1835
5.7633927 173.18285
5.7653911 173.1822
5.7673895 173.18155
5.7693879 173.18091
5.7713863 173.18026
5.7733847 173.17961
5.7753831 173.17897
5.7773815 173.17832
5.7793799 173.17768
5.7813783 173.17703
5.7833767 173.17639
5.7853751 173.17575
5.7873735 173.1751
5.7893719 173.17446
5.7913703 173.17382
5.7933687 173.17317
5.7953671 173.17253
5.7973655 173.17189
5.7993639 173.17125
5.8013623 173.17061
5.8033607 173.16997
5.8053591 173.16933
5.8073575 173.16869
5.8093559 173.16805
5.8113543 173.16741
5.8133527 173.16677
5.8153511 173.16614
5.8173495 173.1655
5.8193479 173.16486
5.8213463 173.16422
5.8233447 173.16359
5.8253431 173.16295
5.8273415 173.16232
5.8293399 173.16168
5.8313383 173.16105
5.8333367 173.16041
5.8353351 173.15978
5.8373335 173.15914
5.8393319 173.15851
5.8413303 173.15788
5.8433287 173.15725
5.8453271 173.15661
5.8473255 173.15598
5.8493239 173.15535
5.8513223 173.15472
5.8533207 173.15409
5.8553191 173.15346
5.8573175 173.15283
5.8593159 173.1522
5.8613143 173.15157
5.8633127 173.15094
5.8653111 173.15031
5.8673095 173.14968
5.8693079 173.14906
5.8713063 173.14843
5.8733047 173.1478
5.8753031 173.14717
5.8773015 173.14655
5.8792999 173.14592
5.8812983 173.1453
5.8832967 173.14467
5.8852951 173.14405
5.8872935 173.14342
5.8892919 173.1428
5.8912903 173.14218
5.8932887 173.14155
5.8952871 173.14093
5.8972855 173.14031
5.8992839 173.13969
5.9012823 173.13906
5.9032807 173.13844
5.9052791 173.13782
5.9072775 173.1372
5.9092759 173.13658
5.9112743 173.13596
5.9132727 173.13534
5.9152711 173.13472
5.9172695 173.1341
5.9192679 173.13348
5.9212663 173.13287
5.9232647 173.13225
5.9252631 173.13163
5.9272615 173.13101
5.9292599 173.1304
5.9312583 173.12978
5.9332567 173.12917
5.9352551 173.12855
5.9372535 173.12794
5.9392519 173.12732
5.9412503 173.12671
5.9432486 173.12609
5.945247 173.12548
5.9472454 173.12487
5.9492438 173.12425
5.9512422 173.12364
5.9532406 173.12303
5.955239 173.12242
5.9572374 173.1218
5.9592358 173.12119
5.9612342 173.12058
5.9632326 173.11997
5.965231 173.11936
5.9672294 173.11875
5.9692278 173.11814
5.9712262 173.11753
5.9732246 173.11693
5.975223 173.11632
5.9772214 173.11571
5.9792198 173.1151
5.9812182 173.11449
5.9832166 173.11389
5.985215 173.11328
5.9872134 173.11267
5.9892118 173.11207
5.9912102 173.11146
5.9932086 173.11086
5.995207 173.11025
5.9972054 173.10965
5.9992038 173.10905
6.0012022 173.10844
6.0032006 173.10784
6.005199 173.10724
6.0071974 173.10663
6.0091958 173.10603
6.0111942 173.10543
6.0131926 173.10483
6.015191 173.10423
6.0171894 173.10363
6.0191878 173.10303
6.0211862 173.10243
6.0231846 173.10183
6.025183 173.10123
6.0271814 173.10063
6.0291798 173.10003
6.0311782 173.09943
6.0331766 173.09883
6.035175 173.09824
6.0371734 173.09764
6.0391718 173.09704
6.0411702 173.09644
6.0431686 173.09585
6.045167 173.09525
6.0471654 173.09466
6.0491638 173.09406
6.0511622 173.09347
6.0531606 173.09287
6.055159 173.09228
6.0571574 173.09168
6.0591558 173.09109
6.0611542 173.0905
6.0631526 173.08991
6.065151 173.08931
6.0671494 173.08872
6.0691478 173.08813
6.0711462 173.08754
6.0731446 173.08695
6.075143 173.08636
6.0771414 173.08577
6.0791398 173.08518
6.0811382 173.08459
6.0831366 173.084
6.085135 173.08341
6.0871334 173.08282
6.0891318 173.08223
6.0911302 173.08164
6.0931286 173.08106
6.095127 173.08047
6.0971254 173.07988
6.0991238 173.07929
6.1011222 173.07871
6.1031206 173.07812
6.105119 173.07754
6.1071174 173.07695
6.1091158 173.07637
6.1111142 173.07578
6.1131126 173.0752
6.115111 173.07461
6.1171094 173.07403
6.1191078 173.07345
6.1211062 173.07287
6.1231046 173.07228
6.125103 173.0717
6.1271014 173.07112
6.1290998 173.07054
6.1310982 173.06996
6.1330966 173.06938
6.135095 173.06879
6.1370934 173.06821
6.1390918 173.06763
6.1410902 173.06706
6.1430886 173.06648
6.145087 173.0659
6.1470854 173.06532
6.1490838 173.06474
6.1510822 173.06416
6.1530806 173.06359
6.155079 173.06301
6.1570774 173.06243
6.1590758 173.06186
6.1610742 173.06128
6.1630726 173.0607
6.165071 173.06013
6.1670694 173.05955
6.1690678 173.05898
6.1710662 173.0584
6.1730646 173.05783
6.175063 173.05726
6.1770614 173.05668
6.1790598 173.05611
6.1810582 173.05554
6.1830566 173.05496
6.185055 173.05439
6.1870534 173.05382
6.1890518 173.05325
6.1910502 173.05268
6.1930486 173.05211
6.195047 173.05154
6.1970454 173.05097
6.1990438 173.0504
6.2010422 173.04983
6.2030406 173.04926
6.205039 173.04869
6.2070374 173.04812
6.2090358 173.04755
6.2110342 173.04698
6.2130326 173.04642
6.215031 173.04585
6.2170294 173.04528
6.2190278 173.04471
6.2210262 173.04415
6.2230246 173.04358
6.225023 173.04302
6.2270214 173.04245
6.2290198 173.04189
6.2310182 173.04132
6.2330166 173.04076
6.235015 173.04019
6.2370134 173.03963
6.2390118 173.03907
6.2410102 173.0385
6.2430086 173.03794
6.245007 173.03738
6.2470054 173.03682
6.2490038 173.03625
6.2510022 173.03569
6.2530006 173.03513
6.254999 173.03457
6.2569974 173.03401
6.2589958 173.03345
6.2609942 173.03289
6.2629926 173.03233
6.264991 173.03177
6.2669894 173.03121
6.2689878 173.03065
6.2709862 173.0301
6.2729846 173.02954
6.274983 173.02898
6.2769814 173.02842
6.2789798 173.02787
6.2809782 173.02731
6.2829766 173.02675
6.284975 173.0262
6.2869734 173.02564
6.2889718 173.02509
6.2909702 173.02453
6.2929686 173.02398
6.294967 173.02342
6.2969654 173.02287
6.2989638 173.02231
6.3009622 173.02176
6.3029606 173.02121
6.304959 173.02065
6.3069574 173.0201
6.3089558 173.01955
6.3109542 173.019
6.3129526 173.01845
6.314951 173.01789
6.3169494 173.01734
6.3189478 173.01679
6.3209462 173.01624
6.3229446 173.01569
6.324943 173.01514
6.3269414 173.01459
6.3289398 173.01404
6.3309382 173.01349
6.3329366 173.01295
6.334935 173.0124
6.3369334 173.01185
6.3389318 173.0113
6.3409302 173.01075
6.3429286 173.01021
6.344927 173.00966
6.3469254 173.00911
6.3489238 173.00857
6.3509222 173.00802
6.3529206 173.00748
6.354919 173.00693
6.3569174 173.00639
6.3589158 173.00584
6.3609142 173.0053
6.3629126 173.00475
6.364911 173.00421
6.3669094 173.00367
6.3689078 173.00312
6.3709062 173.00258
6.3729046 173.00204
6.374903 173.0015
6.3769014 173.00096
6.3788998 173.00041
6.3808982 172.99987
6.3828966 172.99933
6.384895 172.99879
6.3868934 172.99825
6.3888918 172.99771
6.3908902 172.99717
6.3928886 172.99663
6.394887 172.99609
6.3968854 172.99555
6.3988838 172.99502
6.4008822 172.99448
6.4028806 172.99394
6.404879 172.9934
6.4068774 172.99287
6.4088758 172.99233
6.4108742 172.99179
6.4128726 172.99126
6.414871 172.99072
6.4168694 172.99018
6.4188678 172.98965
6.4208662 172.98911
6.4228646 172.98858
6.424863 172.98804
6.4268614 172.98751
6.4288598 172.98698
6.4308582 172.98644
6.4328566 172.98591
6.434855 172.98538
6.4368534 172.98484
6.4388518 172.98431
6.4408502 172.98378
6.4428486 172.98325
6.444847 172.98271
6.4468454 172.98218
6.4488438 172.98165
6.4508422 172.98112
6.4528406 172.98059
6.454839 172.98006
6.4568374 172.97953
6.4588358 172.979
6.4608342 172.97847
6.4628326 172.97794
6.464831 172.97741
6.4668294 172.97689
6.4688278 172.97636
6.4708262 172.97583
6.4728246 172.9753
6.474823 172.97478
6.4768214 172.97425
6.4788198 172.97372
6.4808182 172.9732
6.4828166 172.97267
6.484815 172.97214
6.4868134 172.97162
6.4888118 172.97109
6.4908102 172.97057
6.4928086 172.97004
6.494807 172.96952
6.4968054 172.969
6.4988038 172.96847
6.5008022 172.96795
6.5028006 172.96743
6.504799 172.9669
6.5067974 172.96638
6.5087958 172.96586
6.5107942 172.96534
6.5127926 172.96482
6.514791 172.96429
6.5167894 172.96377
6.5187878 172.96325
6.5207862 172.96273
6.5227846 172.96221
6.524783 172.96169
6.5267814 172.96117
6.5287798 172.96065
6.5307782 172.96013
6.5327766 172.95961
6.534775 172.9591
6.5367734 172.95858
6.5387718 172.95806
6.5407702 172.95754
6.5427686 172.95702
6.544767 172.95651
6.5467654 172.95599
6.5487638 172.95547
6.5507622 172.95496
6.5527606 172.95444
6.554759 172.95393
6.5567574 172.95341
6.5587558 172.9529
6.5607542 172.95238
6.5627526 172.95187
6.564751 172.95135
6.5667493 172.95084
6.5687477 172.95032
6.5707461 172.94981
6.5727445 172.9493
6.5747429 172.94879
6.5767413 172.94827
6.5787397 172.94776
6.5807381 172.94725
6.5827365 172.94674
6.5847349 172.94623
6.5867333 172.94571
6.5887317 172.9452
6.5907301 172.94469
6.5927285 172.94418
6.5947269 172.94367
6.5967253 172.94316
6.5987237 172.94265
6.6007221 172.94214
6.6027205 172.94164
6.6047189 172.94113
6.6067173 172.94062
6.6087157 172.94011
6.6107141 172.9396
6.6127125 172.93909
6.6147109 172.93859
6.6167093 172.93808
6.6187077 172.93757
6.6207061 172.93707
6.6227045 172.93656
6.6247029 172.93606
6.6267013 172.93555
6.6286997 172.93504
6.6306981 172.93454
6.6326965 172.93403
6.6346949 172.93353
6.6366933 172.93303
6.6386917 172.93252
6.6406901 172.93202
6.6426885 172.93152
6.6446869 172.93101
6.6466853 172.93051
6.6486837 172.93001
6.6506821 172.9295
6.6526805 172.929
6.6546789 172.9285
6.6566773 172.928
6.6586757 172.9275
6.6606741 172.927
6.6626725 172.9265
6.6646709 172.926
6.6666693 172.9255
6.6686677 172.925
6.6706661 172.9245
6.6726645 172.924
6.6746629 172.9235
6.6766613 172.923
6.6786597 172.9225
6.6806581 172.922
6.6826565 172.9215
6.6846549 172.92101
6.6866533 172.92051
6.6886517 172.92001
6.6906501 172.91952
6.6926485 172.91902
6.6946469 172.91852
6.6966453 172.91803
6.6986437 172.91753
6.7006421 172.91703
6.7026405 172.91654
6.7046389 172.91604
6.7066373 172.91555
6.7086357 172.91506
6.7106341 172.91456
6.7126325 172.91407
6.7146309 172.91357
6.7166293 172.91308
6.7186277 172.91259
6.7206261 172.91209
6.7226245 172.9116
6.7246229 172.91111
6.7266213 172.91062
6.7286197 172.91012
6.7306181 172.90963
6.7326165 172.90914
6.7346149 172.90865
6.7366133 172.90816
6.7386117 172.90767
6.7406101 172.90718
6.7426085 172.90669
6.7446069 172.9062
6.7466053 172.90571
6.7486037 172.90522
6.7506021 172.90473
6.7526005 172.90424
6.7545989 172.90376
6.7565973 172.90327
6.7585957 172.90278
6.7605941 172.90229
6.7625925 172.9018
6.7645909 172.90132
6.7665893 172.90083
6.7685877 172.90034
6.7705861 172.89986
6.7725845 172.89937
6.7745829 172.89889
6.7765813 172.8984
6.7785797 172.89791
6.7805781 172.89743
6.7825765 172.89694
6.7845749 172.89646
6.7865733 172.89598
6.7885717 172.89549
6.7905701 172.89501
6.7925685 172.89452
6.7945669 172.89404
6.7965653 172.89356
6.7985637 172.89308
6.8005621 172.89259
6.8025605 172.89211
6.8045589 172.89163
6.8065573 172.89115
6.8085557 172.89067
6.8105541 172.89019
6.8125525 172.8897
6.8145509 172.88922
6.8165493 172.88874
6.8185477 172.88826
6.8205461 172.88778
6.8225445 172.8873
6.8245429 172.88682
6.8265413 172.88635
6.8285397 172.88587
6.8305381 172.88539
6.8325365 172.88491
6.8345349 172.88443
6.8365333 172.88395
6.8385317 172.88348
6.8405301 172.883
6.8425285 172.88252
6.8445269 172.88204
6.8465253 172.88157
6.8485237 172.88109
6.8505221 172.88062
6.8525205 172.88014
6.8545189 172.87966
6.8565173 172.87919
6.8585157 172.87871
6.8605141 172.87824
6.8625125 172.87776
6.8645109 172.87729
6.8665093 172.87682
6.8685077 172.87634
6.8705061 172.87587
6.8725045 172.8754
6.8745029 172.87492
6.8765013 172.87445
6.8784997 172.87398
6.8804981 172.87351
6.8824965 172.87303
6.8844949 172.87256
6.8864933 172.87209
6.8884917 172.87162
6.8904901 172.87115
6.8924885 172.87068
6.8944869 172.87021
6.8964853 172.86974
6.8984837 172.86927
6.9004821 172.8688
6.9024805 172.86833
6.9044789 172.86786
6.9064773 172.86739
6.9084757 172.86692
6.9104741 172.86645
6.9124725 172.86598
6.9144709 172.86551
6.9164693 172.86505
6.9184677 172.86458
6.9204661 172.86411
6.9224645 172.86364
6.9244629 172.86318
6.9264613 172.86271
6.9284597 172.86224
6.9304581 172.86178
6.9324565 172.86131
6.9344549 172.86085
6.9364533 172.86038
6.9384517 172.85992
6.9404501 172.85945
6.9424485 172.85899
6.9444469 172.85852
6.9464453 172.85806
6.9484437 172.85759
6.9504421 172.85713
6.9524405 172.85667
6.9544389 172.8562
6.9564373 172.85574
6.9584357 172.85528
6.9604341 172.85482
6.9624325 172.85435
6.9644309 172.85389
6.9664293 172.85343
6.9684277 172.85297
6.9704261 172.85251
6.9724245 172.85205
6.9744229 172.85159
6.9764213 172.85113
6.9784197 172.85066
6.9804181 172.8502
6.9824165 172.84975
6.9844149 172.84929
6.9864133 172.84883
6.9884117 172.84837
6.9904101 172.84791
6.9924085 172.84745
6.9944069 172.84699
6.9964053 172.84653
6.9984037 172.84608
7.0004021 172.84562
7.0024005 172.84516
7.0043989 172.8447
7.0063973 172.84425
7.0083957 172.84379
7.0103941 172.84333
7.0123925 172.84288
7.0143909 172.84242
7.0163893 172.84196
7.0183877 172.84151
7.0203861 172.84105
7.0223845 172.8406
7.0243829 172.84014
7.0263813 172.83969
7.0283797 172.83924
7.0303781 172.83878
7.0323765 172.83833
7.0343749 172.83787
7.0363733 172.83742
7.0383717 172.83697
7.0403701 172.83651
7.0423685 172.83606
7.0443669 172.83561
7.0463653 172.83516
7.0483637 172.83471
7.0503621 172.83425
7.0523605 172.8338
7.0543589 172.83335
7.0563573 172.8329
7.0583557 172.83245
7.0603541 172.832
7.0623525 172.83155
7.0643509 172.8311
7.0663493 172.83065
7.0683477 172.8302
7.0703461 172.82975
7.0723445 172.8293
7.0743429 172.82885
7.0763413 172.8284
7.0783397 172.82795
7.0803381 172.82751
7.0823365 172.82706
7.0843349 172.82661
7.0863333 172.82616
7.0883317 172.82571
7.0903301 172.82527
7.0923285 172.82482
7.0943269 172.82437
7.0963253 172.82393
7.0983237 172.82348
7.1003221 172.82304
7.1023205 172.82259
7.1043189 172.82214
7.1063173 172.8217
7.1083157 172.82125
7.1103141 172.82081
7.1123125 172.82036
7.1143109 172.81992
7.1163093 172.81948
7.1183077 172.81903
7.1203061 172.81859
7.1223045 172.81814
7.1243029 172.8177
7.1263013 172.81726
7.1282997 172.81682
7.1302981 172.81637
7.1322965 172.81593
7.1342949 172.81549
7.1362933 172.81505
7.1382917 172.81461
7.1402901 172.81416
7.1422885 172.81372
7.1442869 172.81328
7.1462853 172.81284
7.1482837 172.8124
7.1502821 172.81196
7.1522805 172.81152
7.1542789 172.81108
7.1562773 172.81064
7.1582757 172.8102
7.1602741 172.80976
7.1622725 172.80932
7.1642709 172.80889
7.1662693 172.80845
7.1682677 172.80801
7.1702661 172.80757
7.1722645 172.80713
7.1742629 172.8067
7.1762613 172.80626
7.1782597 172.80582
7.1802581 172.80538
7.1822565 172.80495
7.1842549 172.80451
7.1862533 172.80407
7.1882517 172.80364
7.1902501 172.8032
7.1922484 172.80277
7.1942468 172.80233
7.1962452 172.8019
7.1982436 172.80146
7.200242 172.80103
7.2022404 172.80059
7.2042388 172.80016
7.2062372 172.79972
7.2082356 172.79929
7.210234 172.79886
7.2122324 172.79842
7.2142308 172.79799
7.2162292 172.79756
7.2182276 172.79712
7.220226 172.79669
7.2222244 172.79626
7.2242228 172.79583
7.2262212 172.7954
7.2282196 172.79496
7.230218 172.79453
7.2322164 172.7941
7.2342148 172.79367
7.2362132 172.79324
7.2382116 172.79281
7.24021 172.79238
7.2422084 172.79195
7.2442068 172.79152
7.2462052 172.79109
7.2482036 172.79066
7.250202 172.79023
7.2522004 172.7898
7.2541988 172.78937
7.2561972 172.78895
7.2581956 172.78852
7.260194 172.78809
7.2621924 172.78766
7.2641908 172.78723
7.2661892 172.78681
7.2681876 172.78638
7.270186 172.78595
7.2721844 172.78552
7.2741828 172.7851
7.2761812 172.78467
7.2781796 172.78425
7.280178 172.78382
7.2821764 172.78339
7.2841748 172.78297
7.2861732 172.78254
7.2881716 172.78212
7.29017 172.78169
7.2921684 172.78127
7.2941668 172.78084
7.2961652 172.78042
7.2981636 172.78
7.300162 172.77957
7.3021604 172.77915
7.3041588 172.77872
7.3061572 172.7783
7.3081556 172.77788
7.310154 172.77746
7.3121524 172.77703
7.3141508 172.77661
7.3161492 172.77619
7.3181476 172.77577
7.320146 172.77535
7.3221444 172.77492
7.3241428 172.7745
7.3261412 172.77408
7.3281396 172.77366
7.330138 172.77324
7.3321364 172.77282
7.3341348 172.7724
7.3361332 172.77198
7.3381316 172.77156
7.34013 172.77114
7.3421284 172.77072
7.3441268 172.7703
7.3461252 172.76988
7.3481236 172.76946
7.350122 172.76905
7.3521204 172.76863
7.3541188 172.76821
7.3561172 172.76779
7.3581156 172.76737
7.360114 172.76696
7.3621124 172.76654
7.3641108 172.76612
7.3661092 172.7657
7.3681076 172.76529
7.370106 172.76487
7.3721044 172.76446
7.3741028 172.76404
7.3761012 172.76362
7.3780996 172.76321
7.380098 172.76279
7.3820964 172.76238
7.3840948 172.76196
7.3860932 172.76155
7.3880916 172.76113
7.39009 172.76072
7.3920884 172.7603
7.3940868 172.75989
7.3960852 172.75948
7.3980836 172.75906
7.400082 172.75865
7.4020804 172.75824
7.4040788 172.75782
7.4060772 172.75741
7.4080756 172.757
7.410074 172.75659
7.4120724 172.75617
7.4140708 172.75576
7.4160692 172.75535
7.4180676 172.75494
7.420066 172.75453
7.4220644 172.75412
7.4240628 172.75371
7.4260612 172.7533
7.4280596 172.75288
7.430058 172.75247
7.4320564 172.75206
7.4340548 172.75165
7.4360532 172.75124
7.4380516 172.75084
7.44005 172.75043
7.4420484 172.75002
7.4440468 172.74961
7.4460452 172.7492
7.4480436 172.74879
7.450042 172.74838
7.4520404 172.74797
7.4540388 172.74757
7.4560372 172.74716
7.4580356 172.74675
7.460034 172.74634
7.4620324 172.74594
7.4640308 172.74553
7.4660292 172.74512
7.4680276 172.74472
7.470026 172.74431
7.4720244 172.74391
7.4740228 172.7435
7.4760212 172.74309
7.4780196 172.74269
7.480018 172.74228
7.4820164 172.74188
7.4840148 172.74147
7.4860132 172.74107
7.4880116 172.74066
7.49001 172.74026
7.4920084 172.73986
7.4940068 172.73945
7.4960052 172.73905
7.4980036 172.73865
7.500002 172.73824
7.5020004 172.73784
7.5039988 172.73744
7.5059972 172.73703
7.5079956 172.73663
7.509994 172.73623
7.5119924 172.73583
7.5139908 172.73543
7.5159892 172.73502
7.5179876 172.73462
7.519986 172.73422
7.5219844 172.73382
7.5239828 172.73342
7.5259812 172.73302
7.5279796 172.73262
7.529978 172.73222
7.5319764 172.73182
7.5339748 172.73142
7.5359732 172.73102
7.5379716 172.73062
7.53997 172.73022
7.5419684 172.72982
7.5439668 172.72942
7.5459652 172.72902
7.5479636 172.72862
7.549962 172.72823
7.5519604 172.72783
7.5539588 172.72743
7.5559572 172.72703
7.5579556 172.72663
7.559954 172.72624
7.5619524 172.72584
7.5639508 172.72544
7.5659492 172.72505
7.5679476 172.72465
7.569946 172.72425
7.5719444 172.72386
7.5739428 172.72346
7.5759412 172.72306
7.5779396 172.72267
7.579938 172.72227
7.5819364 172.72188
7.5839348 172.72148
7.5859332 172.72109
7.5879316 172.72069
7.58993 172.7203
7.5919284 172.71991
7.5939268 172.71951
7.5959252 172.71912
7.5979236 172.71872
7.599922 172.71833
7.6019204 172.71794
7.6039188 172.71754
7.6059172 172.71715
7.6079156 172.71676
7.609914 172.71637
7.6119124 172.71597
7.6139108 172.71558
7.6159092 172.71519
7.6179076 172.7148
7.619906 172.71441
7.6219044 172.71401
7.6239028 172.71362
7.6259012 172.71323
7.6278996 172.71284
7.629898 172.71245
7.6318964 172.71206
7.6338948 172.71167
7.6358932 172.71128
7.6378916 172.71089
7.63989 172.7105
7.6418884 172.71011
7.6438868 172.70972
7.6458852 172.70933
7.6478836 172.70894
7.649882 172.70855
7.6518804 172.70817
7.6538788 172.70778
7.6558772 172.70739
7.6578756 172.707
7.659874 172.70661
7.6618724 172.70623
7.6638708 172.70584
7.6658692 172.70545
7.6678676 172.70506
7.669866 172.70468
7.6718644 172.70429
7.6738628 172.7039
7.6758612 172.70352
7.6778596 172.70313
7.679858 172.70275
7.6818564 172.70236
7.6838548 172.70197
7.6858532 172.70159
7.6878516 172.7012
7.68985 172.70082
7.6918484 172.70043
7.6938468 172.70005
7.6958452 172.69967
7.6978436 172.69928
7.699842 172.6989
7.7018404 172.69851
7.7038388 172.69813
7.7058372 172.69775
7.7078356 172.69736
7.709834 172.69698
7.7118324 172.6966
7.7138308 172.69621
7.7158292 172.69583
7.7178276 172.69545
7.719826 172.69507
7.7218244 172.69468
7.7238228 172.6943
7.7258212 172.69392
7.7278196 172.69354
7.729818 172.69316
7.7318164 172.69278
7.7338148 172.6924
7.7358132 172.69201
7.7378116 172.69163
7.73981 172.69125
7.7418084 172.69087
7.7438068 172.69049
7.7458052 172.69011
7.7478036 172.68973
7.749802 172.68935
7.7518004 172.68897
7.7537988 172.6886
7.7557972 172.68822
7.7577956 172.68784
7.759794 172.68746
7.7617924 172.68708
7.7637908 172.6867
7.7657892 172.68632
7.7677876 172.68595
7.769786 172.68557
7.7717844 172.68519
7.7737828 172.68481
7.7757812 172.68444
7.7777796 172.68406
7.779778 172.68368
7.7817764 172.68331
7.7837748 172.68293
7.7857732 172.68255
7.7877716 172.68218
7.78977 172.6818
7.7917684 172.68143
7.7937668 172.68105
7.7957652 172.68068
7.7977636 172.6803
7.799762 172.67993
7.8017604 172.67955
7.8037588 172.67918
7.8057572 172.6788
7.8077556 172.67843
7.809754 172.67805
7.8117524 172.67768
7.8137508 172.67731
7.8157491 172.67693
7.8177475 172.67656
7.8197459 172.67618
7.8217443 172.67581
7.8237427 172.67544
7.8257411 172.67507
7.8277395 172.67469
7.8297379 172.67432
7.8317363 172.67395
7.8337347 172.67358
7.8357331 172.67321
7.8377315 172.67283
7.8397299 172.67246
7.8417283 172.67209
7.8437267 172.67172
7.8457251 172.67135
7.8477235 172.67098
7.8497219 172.67061
7.8517203 172.67024
7.8537187 172.66987
7.8557171 172.6695
7.8577155 172.66913
7.8597139 172.66876
7.8617123 172.66839
7.8637107 172.66802
7.8657091 172.66765
7.8677075 172.66728
7.8697059 172.66691
7.8717043 172.66654
7.8737027 172.66617
7.8757011 172.66581
7.8776995 172.66544
7.8796979 172.66507
7.8816963 172.6647
7.8836947 172.66433
7.8856931 172.66397
7.8876915 172.6636
7.8896899 172.66323
7.8916883 172.66287
7.8936867 172.6625
7.8956851 172.66213
7.8976835 172.66177
7.8996819 172.6614
7.9016803 172.66103
7.9036787 172.66067
7.9056771 172.6603
7.9076755 172.65994
7.9096739 172.65957
7.9116723 172.65921
7.9136707 172.65884
7.9156691 172.65848
7.9176675 172.65811
7.9196659 172.65775
7.9216643 172.65738
7.9236627 172.65702
7.9256611 172.65665
7.9276595 172.65629
7.9296579 172.65593
7.9316563 172.65556
7.9336547 172.6552
7.9356531 172.65484
7.9376515 172.65447
7.9396499 172.65411
7.9416483 172.65375
7.9436467 172.65339
7.9456451 172.65302
7.9476435 172.65266
7.9496419 172.6523
7.9516403 172.65194
7.9536387 172.65158
7.9556371 172.65121
7.9576355 172.65085
7.9596339 172.65049
7.9616323 172.65013
7.9636307 172.64977
7.9656291 172.64941
7.9676275 172.64905
7.9696259 172.64869
7.9716243 172.64833
7.9736227 172.64797
7.9756211 172.64761
7.9776195 172.64725
7.9796179 172.64689
7.9816163 172.64653
7.9836147 172.64617
7.9856131 172.64581
7.9876115 172.64545
7.9896099 172.6451
7.9916083 172.64474
7.9936067 172.64438
7.9956051 172.64402
7.9976035 172.64366
7.9996019 172.6433
8.0016003 172.64295
8.0035987 172.64259
8.0055971 172.64223
8.0075955 172.64188
8.0095939 172.64152
8.0115923 172.64116
8.0135907 172.64081
8.0155891 172.64045
8.0175875 172.64009
8.0195859 172.63974
8.0215843 172.63938
8.0235827 172.63902
8.0255811 172.63867
8.0275795 172.63831
8.0295779 172.63796
8.0315763 172.6376
8.0335747 172.63725
8.0355731 172.63689
8.0375715 172.63654
8.0395699 172.63618
8.0415683 172.63583
8.0435667 172.63548
8.0455651 172.63512
8.0475635 172.63477
8.0495619 172.63441
8.0515603 172.63406
8.0535587 172.63371
8.0555571 172.63335
8.0575555 172.633
8.0595539 172.63265
8.0615523 172.6323
8.0635507 172.63194
8.0655491 172.63159
8.0675475 172.63124
8.0695459 172.63089
8.0715443 172.63054
8.0735427 172.63018
8.0755411 172.62983
8.0775395 172.62948
8.0795379 172.62913
8.0815363 172.62878
8.0835347 172.62843
8.0855331 172.62808
8.0875315 172.62773
8.0895299 172.62738
8.0915283 172.62703
8.0935267 172.62668
8.0955251 172.62633
8.0975235 172.62598
8.0995219 172.62563
8.1015203 172.62528
8.1035187 172.62493
8.1055171 172.62458
8.1075155 172.62423
8.1095139 172.62388
8.1115123 172.62353
8.1135107 172.62318
8.1155091 172.62284
8.1175075 172.62249
8.1195059 172.62214
8.1215043 172.62179
8.1235027 172.62144
8.1255011 172.6211
8.1274995 172.62075
8.1294979 172.6204
8.1314963 172.62006
8.1334947 172.61971
8.1354931 172.61936
8.1374915 172.61902
8.1394899 172.61867
8.1414883 172.61832
8.1434867 172.61798
8.1454851 172.61763
8.1474835 172.61728
8.1494819 172.61694
8.1514803 172.61659
8.1534787 172.61625
8.1554771 172.6159
8.1574755 172.61556
8.1594739 172.61521
8.1614723 172.61487
8.1634707 172.61452
8.1654691 172.61418
8.1674675 172.61384
8.1694659 172.61349
8.1714643 172.61315
8.1734627 172.6128
8.1754611 172.61246
8.1774595 172.61212
8.1794579 172.61177
8.1814563 172.61143
8.1834547 172.61109
8.1854531 172.61075
8.1874515 172.6104
8.1894499 172.61006
8.1914483 172.60972
8.1934467 172.60938
8.1954451 172.60903
8.1974435 172.60869
8.1994419 172.60835
8.2014403 172.60801
8.2034387 172.60767
8.2054371 172.60733
8.2074355 172.60699
8.2094339 172.60664
8.2114323 172.6063
8.2134307 172.60596
8.2154291 172.60562
8.2174275 172.60528
8.2194259 172.60494
8.2214243 172.6046
8.2234227 172.60426
8.2254211 172.60392
8.2274195 172.60358
8.2294179 172.60324
8.2314163 172.60291
8.2334147 172.60257
8.2354131 172.60223
8.2374115 172.60189
8.2394099 172.60155
8.2414083 172.60121
8.2434067 172.60087
8.2454051 172.60054
8.2474035 172.6002
8.2494019 172.59986
8.2514003 172.59952
8.2533987 172.59918
8.2553971 172.59885
8.2573955 172.59851
8.2593939 172.59817
8.2613923 172.59784
8.2633907 172.5975
8.2653891 172.59716
8.2673875 172.59683
8.2693859 172.59649
8.2713843 172.59615
8.2733827 172.59582
8.2753811 172.59548
8.2773795 172.59515
8.2793779 172.59481
8.2813763 172.59448
8.2833747 172.59414
8.2853731 172.59381
8.2873715 172.59347
8.2893699 172.59314
8.2913683 172.5928
8.2933667 172.59247
8.2953651 172.59213
8.2973635 172.5918
8.2993619 172.59146
8.3013603 172.59113
8.3033587 172.5908
8.3053571 172.59046
8.3073555 172.59013
8.3093539 172.5898
8.3113523 172.58946
8.3133507 172.58913
8.3153491 172.5888
8.3173475 172.58846
8.3193459 172.58813
8.3213443 172.5878
8.3233427 172.58747
8.3253411 172.58714
8.3273395 172.5868
8.3293379 172.58647
8.3313363 172.58614
8.3333347 172.58581
8.3353331 172.58548
8.3373315 172.58515
8.3393299 172.58482
8.3413283 172.58448
8.3433267 172.58415
8.3453251 172.58382
8.3473235 172.58349
8.3493219 172.58316
8.3513203 172.58283
8.3533187 172.5825
8.3553171 172.58217
8.3573155 172.58184
8.3593139 172.58151
8.3613123 172.58118
8.3633107 172.58085
8.3653091 172.58053
8.3673075 172.5802
8.3693059 172.57987
8.3713043 172.57954
8.3733027 172.57921
8.3753011 172.57888
8.3772995 172.57855
8.3792979 172.57823
8.3812963 172.5779
8.3832947 172.57757
8.3852931 172.57724
8.3872915 172.57692
8.3892899 172.57659
8.3912883 172.57626
8.3932867 172.57593
8.3952851 172.57561
8.3972835 172.57528
8.3992819 172.57495
8.4012803 172.57463
8.4032787 172.5743
8.4052771 172.57397
8.4072755 172.57365
8.4092739 172.57332
8.4112723 172.573
8.4132707 172.57267
8.4152691 172.57235
8.4172675 172.57202
8.4192659 172.5717
8.4212643 172.57137
8.4232627 172.57105
8.4252611 172.57072
8.4272595 172.5704
8.4292579 172.57007
8.4312563 172.56975
8.4332547 172.56942
8.4352531 172.5691
8.4372515 172.56878
8.4392498 172.56845
8.4412482 172.56813
8.4432466 172.56781
8.445245 172.56748
8.4472434 172.56716
8.4492418 172.56684
8.4512402 172.56651
8.4532386 172.56619
8.455237 172.56587
8.4572354 172.56555
8.4592338 172.56522
8.4612322 172.5649
8.4632306 172.56458
8.465229 172.56426
8.4672274 172.56394
8.4692258 172.56361
8.4712242 172.56329
8.4732226 172.56297
8.475221 172.56265
8.4772194 172.56233
8.4792178 172.56201
8.4812162 172.56169
8.4832146 172.56137
8.485213 172.56105
8.4872114 172.56073
8.4892098 172.56041
8.4912082 172.56009
8.4932066 172.55977
8.495205 172.55945
8.4972034 172.55913
8.4992018 172.55881
8.5012002 172.55849
8.5031986 172.55817
8.505197 172.55785
8.5071954 172.55753
8.5091938 172.55721
8.5111922 172.55689
8.5131906 172.55658
8.515189 172.55626
8.5171874 172.55594
8.5191858 172.55562
8.5211842 172.5553
8.5231826 172.55499
8.525181 172.55467
8.5271794 172.55435
8.5291778 172.55403
8.5311762 172.55372
8.5331746 172.5534
8.535173 172.55308
8.5371714 172.55277
8.5391698 172.55245
8.5411682 172.55213
8.5431666 172.55182
8.545165 172.5515
8.5471634 172.55118
8.5491618 172.55087
8.5511602 172.55055
8.5531586 172.55024
8.555157 172.54992
8.5571554 172.54961
8.5591538 172.54929
8.5611522 172.54898
8.5631506 172.54866
8.565149 172.54835
8.5671474 172.54803
8.5691458 172.54772
8.5711442 172.5474
8.5731426 172.54709
8.575141 172.54677
8.5771394 172.54646
8.5791378 172.54615
8.5811362 172.54583
8.5831346 172.54552
8.585133 172.5452
8.5871314 172.54489
8.5891298 172.54458
8.5911282 172.54427
8.5931266 172.54395
8.595125 172.54364
8.5971234 172.54333
8.5991218 172.54301
8.6011202 172.5427
8.6031186 172.54239
8.605117 172.54208
8.6071154 172.54177
8.6091138 172.54145
8.6111122 172.54114
8.6131106 172.54083
8.615109 172.54052
8.6171074 172.54021
8.6191058 172.5399
8.6211042 172.53959
8.6231026 172.53928
8.625101 172.53896
8.6270994 172.53865
8.6290978 172.53834
8.6310962 172.53803
8.6330946 172.53772
8.635093 172.53741
8.6370914 172.5371
8.6390898 172.53679
8.6410882 172.53648
8.6430866 172.53617
8.645085 172.53586
8.6470834 172.53556
8.6490818 172.53525
8.6510802 172.53494
8.6530786 172.53463
8.655077 172.53432
8.6570754 172.53401
8.6590738 172.5337
8.6610722 172.53339
8.6630706 172.53309
8.665069 172.53278
8.6670674 172.53247
8.6690658 172.53216
8.6710642 172.53186
8.6730626 172.53155
8.675061 172.53124
8.6770594 172.53093
8.6790578 172.53063
8.6810562 172.53032
8.6830546 172.53001
8.685053 172.52971
8.6870514 172.5294
8.6890498 172.52909
8.6910482 172.52879
8.6930466 172.52848
8.695045 172.52817
8.6970434 172.52787
8.6990418 172.52756
8.7010402 172.52726
8.7030386 172.52695
8.705037 172.52665
8.7070354 172.52634
8.7090338 172.52604
8.7110322 172.52573
8.7130306 172.52543
8.715029 172.52512
8.7170274 172.52482
8.7190258 172.52451
8.7210242 172.52421
8.7230226 172.5239
8.725021 172.5236
8.7270194 172.5233
8.7290178 172.52299
8.7310162 172.52269
8.7330146 172.52238
8.735013 172.52208
8.7370114 172.52178
8.7390098 172.52147
8.7410082 172.52117
8.7430066 172.52087
8.745005 172.52057
8.7470034 172.52026
8.7490018 172.51996
8.7510002 172.51966
8.7529986 172.51936
8.754997 172.51905
8.7569954 172.51875
8.7589938 172.51845
8.7609922 172.51815
8.7629906 172.51785
8.764989 172.51755
8.7669874 172.51724
8.7689858 172.51694
8.7709842 172.51664
8.7729826 172.51634
8.774981 172.51604
8.7769794 172.51574
8.7789778 172.51544
8.7809762 172.51514
8.7829746 172.51484
8.784973 172.51454
8.7869714 172.51424
8.7889698 172.51394
8.7909682 172.51364
8.7929666 172.51334
8.794965 172.51304
8.7969634 172.51274
8.7989618 172.51244
8.8009602 172.51214
8.8029586 172.51184
8.804957 172.51154
8.8069554 172.51125
8.8089538 172.51095
8.8109522 172.51065
8.8129506 172.51035
8.814949 172.51005
8.8169474 172.50975
8.8189458 172.50946
8.8209442 172.50916
8.8229426 172.50886
8.824941 172.50856
8.8269394 172.50826
8.8289378 172.50797
8.8309362 172.50767
8.8329346 172.50737
8.834933 172.50708
8.8369314 172.50678
8.8389298 172.50648
8.8409282 172.50619
8.8429266 172.50589
8.844925 172.50559
8.8469234 172.5053
8.8489218 172.505
8.8509202 172.5047
8.8529186 172.50441
8.854917 172.50411
8.8569154 172.50382
8.8589138 172.50352
8.8609122 172.50323
8.8629106 172.50293
8.864909 172.50264
8.8669074 172.50234
8.8689058 172.50205
8.8709042 172.50175
8.8729026 172.50146
8.874901 172.50116
8.8768994 172.50087
8.8788978 172.50057
8.8808962 172.50028
8.8828946 172.49999
8.884893 172.49969
8.8868914 172.4994
8.8888898 172.49911
8.8908882 172.49881
8.8928866 172.49852
8.894885 172.49823
8.8968834 172.49793
8.8988818 172.49764
8.9008802 172.49735
8.9028786 172.49705
8.904877 172.49676
8.9068754 172.49647
8.9088738 172.49618
8.9108722 172.49588
8.9128706 172.49559
8.914869 172.4953
8.9168674 172.49501
8.9188658 172.49472
8.9208642 172.49443
8.9228626 172.49413
8.924861 172.49384
8.9268594 172.49355
8.9288578 172.49326
8.9308562 172.49297
8.9328546 172.49268
8.934853 172.49239
8.9368514 172.4921
8.9388498 172.49181
8.9408482 172.49152
8.9428466 172.49123
8.944845 172.49094
8.9468434 172.49065
8.9488418 172.49036
8.9508402 172.49007
8.9528386 172.48978
8.954837 172.48949
8.9568354 172.4892
8.9588338 172.48891
8.9608322 172.48862
8.9628306 172.48833
8.964829 172.48804
8.9668274 172.48775
8.9688258 172.48746
8.9708242 172.48718
8.9728226 172.48689
8.974821 172.4866
8.9768194 172.48631
8.9788178 172.48602
8.9808162 172.48573
8.9828146 172.48545
8.984813 172.48516
8.9868114 172.48487
8.9888098 172.48458
8.9908082 172.4843
8.9928066 172.48401
8.994805 172.48372
8.9968034 172.48344
8.9988018 172.48315
9.0008002 172.48286
9.0027986 172.48258
9.004797 172.48229
9.0067954 172.482
9.0087938 172.48172
9.0107922 172.48143
9.0127906 172.48114
9.014789 172.48086
9.0167874 172.48057
9.0187858 172.48029
9.0207842 172.48
9.0227826 172.47972
9.024781 172.47943
9.0267794 172.47915
9.0287778 172.47886
9.0307762 172.47858
9.0327746 172.47829
9.034773 172.47801
9.0367714 172.47772
9.0387698 172.47744
9.0407682 172.47715
9.0427666 172.47687
9.044765 172.47658
9.0467634 172.4763
9.0487618 172.47602
9.0507602 172.47573
9.0527586 172.47545
9.054757 172.47517
9.0567554 172.47488
9.0587538 172.4746
9.0607522 172.47432
9.0627506 172.47403
9.0647489 172.47375
9.0667473 172.47347
9.0687457 172.47318
9.0707441 172.4729
9.0727425 172.47262
9.0747409 172.47234
9.0767393 172.47206
9.0787377 172.47177
9.0807361 172.47149
9.0827345 172.47121
9.0847329 172.47093
9.0867313 172.47065
9.0887297 172.47036
9.0907281 172.47008
9.0927265 172.4698
9.0947249 172.46952
9.0967233 172.46924
9.0987217 172.46896
9.1007201 172.46868
9.1027185 172.4684
9.1047169 172.46812
9.1067153 172.46784
9.1087137 172.46756
9.1107121 172.46728
9.1127105 172.467
9.1147089 172.46672
9.1167073 172.46644
9.1187057 172.46616
9.1207041 172.46588
9.1227025 172.4656
9.1247009 172.46532
9.1266993 172.46504
9.1286977 172.46476
9.1306961 172.46448
9.1326945 172.4642
9.1346929 172.46392
9.1366913 172.46364
9.1386897 172.46337
9.1406881 172.46309
9.1426865 172.46281
9.1446849 172.46253
9.1466833 172.46225
9.1486817 172.46197
9.1506801 172.4617
9.1526785 172.46142
9.1546769 172.46114
9.1566753 172.46086
9.1586737 172.46059
9.1606721 172.46031
9.1626705 172.46003
9.1646689 172.45975
9.1666673 172.45948
9.1686657 172.4592
9.1706641 172.45892
9.1726625 172.45865
9.1746609 172.45837
9.1766593 172.45809
9.1786577 172.45782
9.1806561 172.45754
9.1826545 172.45727
9.1846529 172.45699
9.1866513 172.45671
9.1886497 172.45644
9.1906481 172.45616
9.1926465 172.45589
9.1946449 172.45561
9.1966433 172.45534
9.1986417 172.45506
9.2006401 172.45479
9.2026385 172.45451
9.2046369 172.45424
9.2066353 172.45396
9.2086337 172.45369
9.2106321 172.45341
9.2126305 172.45314
9.2146289 172.45286
9.2166273 172.45259
9.2186257 172.45232
9.2206241 172.45204
9.2226225 172.45177
9.2246209 172.45149
9.2266193 172.45122
9.2286177 172.45095
9.2306161 172.45067
9.2326145 172.4504
9.2346129 172.45013
9.2366113 172.44985
9.2386097 172.44958
9.2406081 172.44931
9.2426065 172.44904
9.2446049 172.44876
9.2466033 172.44849
9.2486017 172.44822
9.2506001 172.44795
9.2525985 172.44767
9.2545969 172.4474
9.2565953 172.44713
9.2585937 172.44686
9.2605921 172.44659
9.2625905 172.44632
9.2645889 172.44604
9.2665873 172.44577
9.2685857 172.4455
9.2705841 172.44523
9.2725825 172.44496
9.2745809 172.44469
9.2765793 172.44442
9.2785777 172.44415
9.2805761 172.44388
9.2825745 172.44361
9.2845729 172.44334
9.2865713 172.44307
9.2885697 172.44279
9.2905681 172.44252
9.2925665 172.44226
9.2945649 172.44199
9.2965633 172.44172
9.2985617 172.44145
9.3005601 172.44118
9.3025585 172.44091
9.3045569 172.44064
9.3065553 172.44037
9.3085537 172.4401
9.3105521 172.43983
9.3125505 172.43956
9.3145489 172.43929
9.3165473 172.43902
9.3185457 172.43876
9.3205441 172.43849
9.3225425 172.43822
9.3245409 172.43795
9.3265393 172.43768
9.3285377 172.43742
9.3305361 172.43715
9.3325345 172.43688
9.3345329 172.43661
9.3365313 172.43634
9.3385297 172.43608
9.3405281 172.43581
9.3425265 172.43554
9.3445249 172.43528
9.3465233 172.43501
9.3485217 172.43474
9.3505201 172.43448
9.3525185 172.43421
9.3545169 172.43394
9.3565153 172.43368
9.3585137 172.43341
9.3605121 172.43314
9.3625105 172.43288
9.3645089 172.43261
9.3665073 172.43235
9.3685057 172.43208
9.3705041 172.43181
9.3725025 172.43155
9.3745009 172.43128
9.3764993 172.43102
9.3784977 172.43075
9.3804961 172.43049
9.3824945 172.43022
9.3844929 172.42996
9.3864913 172.42969
9.3884897 172.42943
9.3904881 172.42916
9.3924865 172.4289
9.3944849 172.42863
9.3964833 172.42837
9.3984817 172.42811
9.4004801 172.42784
9.4024785 172.42758
9.4044769 172.42731
9.4064753 172.42705
9.4084737 172.42679
9.4104721 172.42652
9.4124705 172.42626
9.4144689 172.426
9.4164673 172.42573
9.4184657 172.42547
9.4204641 172.42521
9.4224625 172.42494
9.4244609 172.42468
9.4264593 172.42442
9.4284577 172.42416
9.4304561 172.42389
9.4324545 172.42363
9.4344529 172.42337
9.4364513 172.42311
9.4384497 172.42284
9.4404481 172.42258
9.4424465 172.42232
9.4444449 172.42206
9.4464433 172.4218
9.4484417 172.42154
9.4504401 172.42127
9.4524385 172.42101
9.4544369 172.42075
9.4564353 172.42049
9.4584337 172.42023
9.4604321 172.41997
9.4624305 172.41971
9.4644289 172.41945
9.4664273 172.41919
9.4684257 172.41893
9.4704241 172.41867
9.4724225 172.41841
9.4744209 172.41815
9.4764193 172.41789
9.4784177 172.41763
9.4804161 172.41737
9.4824145 172.41711
9.4844129 172.41685
9.4864113 172.41659
9.4884097 172.41633
9.4904081 172.41607
9.4924065 172.41581
9.4944049 172.41555
9.4964033 172.41529
9.4984017 172.41503
9.5004001 172.41477
9.5023985 172.41451
9.5043969 172.41426
9.5063953 172.414
9.5083937 172.41374
9.5103921 172.41348
9.5123905 172.41322
9.5143889 172.41296
9.5163873 172.41271
9.5183857 172.41245
9.5203841 172.41219
9.5223825 172.41193
9.5243809 172.41168
9.5263793 172.41142
9.5283777 172.41116
9.5303761 172.4109
9.5323745 172.41065
9.5343729 172.41039
9.5363713 172.41013
9.5383697 172.40987
9.5403681 172.40962
9.5423665 172.40936
9.5443649 172.4091
9.5463633 172.40885
9.5483617 172.40859
9.5503601 172.40834
9.5523585 172.40808
9.5543569 172.40782
9.5563553 172.40757
9.5583537 172.40731
9.5603521 172.40706
9.5623505 172.4068
9.5643489 172.40654
9.5663473 172.40629
9.5683457 172.40603
9.5703441 172.40578
9.5723425 172.40552
9.5743409 172.40527
9.5763393 172.40501
9.5783377 172.40476
9.5803361 172.4045
9.5823345 172.40425
9.5843329 172.404
9.5863313 172.40374
9.5883297 172.40349
9.5903281 172.40323
9.5923265 172.40298
9.5943249 172.40272
9.5963233 172.40247
9.5983217 172.40222
9.6003201 172.40196
9.6023185 172.40171
9.6043169 172.40146
9.6063153 172.4012
9.6083137 172.40095
9.6103121 172.4007
9.6123105 172.40044
9.6143089 172.40019
9.6163073 172.39994
9.6183057 172.39968
9.6203041 172.39943
9.6223025 172.39918
9.6243009 172.39893
9.6262993 172.39867
9.6282977 172.39842
9.6302961 172.39817
9.6322945 172.39792
9.6342929 172.39766
9.6362913 172.39741
9.6382897 172.39716
9.6402881 172.39691
9.6422865 172.39666
9.6442849 172.39641
9.6462833 172.39615
9.6482817 172.3959
9.6502801 172.39565
9.6522785 172.3954
9.6542769 172.39515
9.6562753 172.3949
9.6582737 172.39465
9.6602721 172.3944
9.6622705 172.39415
9.6642689 172.3939
9.6662673 172.39365
9.6682657 172.3934
9.6702641 172.39315
9.6722625 172.3929
9.6742609 172.39265
9.6762593 172.3924
9.6782577 172.39215
9.6802561 172.3919
9.6822545 172.39165
9.6842529 172.3914
9.6862513 172.39115
9.6882496 172.3909
9.690248 172.39065
9.6922464 172.3904
9.6942448 172.39015
9.6962432 172.3899
9.6982416 172.38965
9.70024 172.3894
9.7022384 172.38915
9.7042368 172.38891
9.7062352 172.38866
9.7082336 172.38841
9.710232 172.38816
9.7122304 172.38791
9.7142288 172.38766
9.7162272 172.38742
9.7182256 172.38717
9.720224 172.38692
9.7222224 172.38667
9.7242208 172.38643
9.7262192 172.38618
9.7282176 172.38593
9.730216 172.38568
9.7322144 172.38544
9.7342128 172.38519
9.7362112 172.38494
9.7382096 172.3847
9.740208 172.38445
9.7422064 172.3842
9.7442048 172.38396
9.7462032 172.38371
9.7482016 172.38346
9.7502 172.38322
9.7521984 172.38297
9.7541968 172.38272
9.7561952 172.38248
9.7581936 172.38223
9.760192 172.38199
9.7621904 172.38174
9.7641888 172.38149
9.7661872 172.38125
9.7681856 172.381
9.770184 172.38076
9.7721824 172.38051
9.7741808 172.38027
9.7761792 172.38002
9.7781776 172.37978
9.780176 172.37953
9.7821744 172.37929
9.7841728 172.37904
9.7861712 172.3788
9.7881696 172.37855
9.790168 172.37831
9.7921664 172.37806
9.7941648 172.37782
9.7961632 172.37758
9.7981616 172.37733
9.80016 172.37709
9.8021584 172.37684
9.8041568 172.3766
9.8061552 172.37636
9.8081536 172.37611
9.810152 172.37587
9.8121504 172.37563
9.8141488 172.37538
9.8161472 172.37514
9.8181456 172.3749
9.820144 172.37465
9.8221424 172.37441
9.8241408 172.37417
9.8261392 172.37393
9.8281376 172.37368
9.830136 172.37344
9.8321344 172.3732
9.8341328 172.37296
9.8361312 172.37271
9.8381296 172.37247
9.840128 172.37223
9.8421264 172.37199
9.8441248 172.37175
9.8461232 172.3715
9.8481216 172.37126
9.85012 172.37102
9.8521184 172.37078
9.8541168 172.37054
9.8561152 172.3703
9.8581136 172.37005
9.860112 172.36981
9.8621104 172.36957
9.8641088 172.36933
9.8661072 172.36909
9.8681056 172.36885
9.870104 172.36861
9.8721024 172.36837
9.8741008 172.36813
9.8760992 172.36789
9.8780976 172.36765
9.880096 172.36741
9.8820944 172.36717
9.8840928 172.36693
9.8860912 172.36669
9.8880896 172.36645
9.890088 172.36621
9.8920864 172.36597
9.8940848 172.36573
9.8960832 172.36549
9.8980816 172.36525
9.90008 172.36501
9.9020784 172.36477
9.9040768 172.36453
9.9060752 172.36429
9.9080736 172.36405
9.910072 172.36382
9.9120704 172.36358
9.9140688 172.36334
9.9160672 172.3631
9.9180656 172.36286
9.920064 172.36262
9.9220624 172.36238
9.9240608 172.36215
9.9260592 172.36191
9.9280576 172.36167
9.930056 172.36143
9.9320544 172.36119
9.9340528 172.36096
9.9360512 172.36072
9.9380496 172.36048
9.940048 172.36024
9.9420464 172.36001
9.9440448 172.35977
9.9460432 172.35953
9.9480416 172.35929
9.95004 172.35906
9.9520384 172.35882
9.9540368 172.35858
9.9560352 172.35835
9.9580336 172.35811
9.960032 172.35787
9.9620304 172.35764
9.9640288 172.3574
9.9660272 172.35716
9.9680256 172.35693
9.970024 172.35669
9.9720224 172.35646
9.9740208 172.35622
9.9760192 172.35598
9.9780176 172.35575
9.980016 172.35551
9.9820144 172.35528
9.9840128 172.35504
9.9860112 172.35481
9.9880096 172.35457
9.990008 172.35434
9.9920064 172.3541
9.9940048 172.35387
9.9960032 172.35363
9.9980016 172.3534
10 172.35316

