# LinearChain_N256_E-0.4_c64_PerXYZ128_Solvent_007v010.bfm
# MCS: 77000000
# f0: 1.01
# f: 1.00000015183001
# Iteration16
# histogram: [-30001.05 ; 1.05 ; 300021 ]
# 
-1749.6	167815.453116821
-1749.2	167816.262885965
-1748.8	167817.044405335
-1748.4	167817.844916677
-1748	167818.646875636
-1747.6	167819.456687271
-1747.2	167820.251637152
-1746.8	167821.036674261
-1746.4	167821.855917226
-1746	167822.644289479
-1745.6	167823.44788951
-1745.2	167824.251687107
-1744.8	167825.009962454
-1744.4	167825.849476529
-1744	167826.654867967
-1743.6	167827.456550841
-1743.2	167828.225480838
-1742.8	167829.035503201
-1742.4	167829.834625617
-1742	167830.618819562
-1741.6	167831.432062789
-1741.2	167832.239497016
-1740.8	167833.016360496
-1740.4	167833.800136639
-1740	167834.640741162
-1739.6	167835.422434805
-1739.2	167836.203615168
-1738.8	167836.991951659
-1738.4	167837.796260305
-1738	167838.597669584
-1737.6	167839.383566541
-1737.2	167840.177269711
-1736.8	167840.988218212
-1736.4	167841.769046567
-1736	167842.57927748
-1735.6	167843.350300027
-1735.2	167844.12294914
-1734.8	167844.915450978
-1734.4	167845.698006216
-1734	167846.482877638
-1733.6	167847.26811302
-1733.2	167848.041210732
-1732.8	167848.848669246
-1732.4	167849.613647844
-1732	167850.390945611
-1731.6	167851.177054305
-1731.2	167851.976181119
-1730.8	167852.742333713
-1730.4	167853.550550657
-1730	167854.327907251
-1729.6	167855.095595636
-1729.2	167855.892653553
-1728.8	167856.712320603
-1728.4	167857.493338898
-1728	167858.265341651
-1727.6	167859.040564005
-1727.2	167859.834700912
-1726.8	167860.599251612
-1726.4	167861.362548617
-1726	167862.140973754
-1725.6	167862.929721522
-1725.2	167863.680933522
-1724.8	167864.43876856
-1724.4	167865.213284086
-1724	167865.967158635
-1723.6	167866.76529662
-1723.2	167867.491117244
-1722.8	167868.27559872
-1722.4	167869.023572327
-1722	167869.805352985
-1721.6	167870.567034853
-1721.2	167871.321373528
-1720.8	167872.10108855
-1720.4	167872.86018238
-1720	167873.610658017
-1719.6	167874.370439428
-1719.2	167875.122455934
-1718.8	167875.893942383
-1718.4	167876.616196776
-1718	167877.396782363
-1717.6	167878.166356173
-1717.2	167878.889877292
-1716.8	167879.641115778
-1716.4	167880.396623886
-1716	167881.159245781
-1715.6	167881.911028285
-1715.2	167882.640840379
-1714.8	167883.433933557
-1714.4	167884.172763796
-1714	167884.904740832
-1713.6	167885.631105109
-1713.2	167886.422304043
-1712.8	167887.147762504
-1712.4	167887.927035948
-1712	167888.674218528
-1711.6	167889.413516955
-1711.2	167890.159638482
-1710.8	167890.907758393
-1710.4	167891.65622808
-1710	167892.384171188
-1709.6	167893.130998895
-1709.2	167893.893665579
-1708.8	167894.622611984
-1708.4	167895.341719497
-1708	167896.087599425
-1707.6	167896.840389351
-1707.2	167897.558633462
-1706.8	167898.287968555
-1706.4	167899.02581248
-1706	167899.772586715
-1705.6	167900.530376154
-1705.2	167901.244347467
-1704.8	167901.998064969
-1704.4	167902.741142615
-1704	167903.469967235
-1703.6	167904.244426671
-1703.2	167904.959252712
-1702.8	167905.714983194
-1702.4	167906.449624105
-1702	167907.187025484
-1701.6	167907.906756483
-1701.2	167908.659976279
-1700.8	167909.410898244
-1700.4	167910.15832959
-1700	167910.880269045
-1699.6	167911.616229544
-1699.2	167912.366969439
-1698.8	167913.090720705
-1698.4	167913.823681253
-1698	167914.564930025
-1697.6	167915.305347565
-1697.2	167916.030381266
-1696.8	167916.745516171
-1696.4	167917.495344944
-1696	167918.202774032
-1695.6	167918.939948002
-1695.2	167919.663979232
-1694.8	167920.388834354
-1694.4	167921.108470374
-1694	167921.855371414
-1693.6	167922.556925719
-1693.2	167923.284026776
-1692.8	167924.029010427
-1692.4	167924.727334853
-1692	167925.473393753
-1691.6	167926.17361345
-1691.2	167926.918897177
-1690.8	167927.645311588
-1690.4	167928.354321428
-1690	167929.06887859
-1689.6	167929.771018042
-1689.2	167930.477127252
-1688.8	167931.232315759
-1688.4	167931.942364579
-1688	167932.644082464
-1687.6	167933.375369726
-1687.2	167934.099219454
-1686.8	167934.827742852
-1686.4	167935.542487079
-1686	167936.254611951
-1685.6	167936.939526534
-1685.2	167937.708339069
-1684.8	167938.405807828
-1684.4	167939.130344376
-1684	167939.857627294
-1683.6	167940.573622252
-1683.2	167941.280729579
-1682.8	167942.013906008
-1682.4	167942.705643811
-1682	167943.439902388
-1681.6	167944.137127328
-1681.2	167944.832256361
-1680.8	167945.550100143
-1680.4	167946.245246494
-1680	167946.959288423
-1679.6	167947.631070386
-1679.2	167948.392900038
-1678.8	167949.101298486
-1678.4	167949.791436814
-1678	167950.501105516
-1677.6	167951.214013145
-1677.2	167951.928708208
-1676.8	167952.641314325
-1676.4	167953.335124484
-1676	167954.054024809
-1675.6	167954.756646421
-1675.2	167955.456714143
-1674.8	167956.160960358
-1674.4	167956.874181065
-1674	167957.568334801
-1673.6	167958.241008338
-1673.2	167958.964671948
-1672.8	167959.651018908
-1672.4	167960.383047885
-1672	167961.057686506
-1671.6	167961.781180632
-1671.2	167962.470563218
-1670.8	167963.201175645
-1670.4	167963.900635116
-1670	167964.599580147
-1669.6	167965.294431872
-1669.2	167965.997186331
-1668.8	167966.692114886
-1668.4	167967.39973159
-1668	167968.105052209
-1667.6	167968.804145044
-1667.2	167969.478100073
-1666.8	167970.160396886
-1666.4	167970.842283217
-1666	167971.56173093
-1665.6	167972.215461562
-1665.2	167972.928636857
-1664.8	167973.627136908
-1664.4	167974.300123233
-1664	167975.020301219
-1663.6	167975.688964224
-1663.2	167976.401766536
-1662.8	167977.096481022
-1662.4	167977.782742251
-1662	167978.477163875
-1661.6	167979.16830584
-1661.2	167979.829258625
-1660.8	167980.536820974
-1660.4	167981.215579524
-1660	167981.910011199
-1659.6	167982.606520979
-1659.2	167983.274199682
-1658.8	167983.972673768
-1658.4	167984.654738724
-1658	167985.361290969
-1657.6	167986.042859924
-1657.2	167986.737158454
-1656.8	167987.426079166
-1656.4	167988.114889416
-1656	167988.808000745
-1655.6	167989.506316298
-1655.2	167990.183470087
-1654.8	167990.873748425
-1654.4	167991.558080221
-1654	167992.259898082
-1653.6	167992.93521463
-1653.2	167993.620454622
-1652.8	167994.306441187
-1652.4	167994.991505218
-1652	167995.673826443
-1651.6	167996.35429731
-1651.2	167997.044583446
-1650.8	167997.735546797
-1650.4	167998.410950261
-1650	167999.100834773
-1649.6	167999.775926242
-1649.2	168000.471300937
-1648.8	168001.128252058
-1648.4	168001.822322584
-1648	168002.492976903
-1647.6	168003.160818151
-1647.2	168003.86314806
-1646.8	168004.525083112
-1646.4	168005.22646675
-1646	168005.878420105
-1645.6	168006.568978777
-1645.2	168007.244894319
-1644.8	168007.922711648
-1644.4	168008.60045425
-1644	168009.263906319
-1643.6	168009.931047397
-1643.2	168010.609561661
-1642.8	168011.279654048
-1642.4	168012.002865065
-1642	168012.663040635
-1641.6	168013.326624539
-1641.2	168014.022458807
-1640.8	168014.698332317
-1640.4	168015.374922332
-1640	168016.048036257
-1639.6	168016.706500865
-1639.2	168017.39575288
-1638.8	168018.05923262
-1638.4	168018.764189065
-1638	168019.41604613
-1637.6	168020.106633163
-1637.2	168020.775109127
-1636.8	168021.441882598
-1636.4	168022.113862365
-1636	168022.797347686
-1635.6	168023.47870002
-1635.2	168024.148062386
-1634.8	168024.80266057
-1634.4	168025.478197169
-1634	168026.147614521
-1633.6	168026.792049418
-1633.2	168027.49513849
-1632.8	168028.151454658
-1632.4	168028.833364568
-1632	168029.500089692
-1631.6	168030.155687273
-1631.2	168030.834940846
-1630.8	168031.503973571
-1630.4	168032.179102855
-1630	168032.846972789
-1629.6	168033.517549427
-1629.2	168034.199336071
-1628.8	168034.85192513
-1628.4	168035.515385479
-1628	168036.195479285
-1627.6	168036.871515684
-1627.2	168037.514887373
-1626.8	168038.212325281
-1626.4	168038.883438429
-1626	168039.566583375
-1625.6	168040.244064536
-1625.2	168040.907909539
-1624.8	168041.594963642
-1624.4	168042.253900974
-1624	168042.905751601
-1623.6	168043.591794761
-1623.2	168044.275612754
-1622.8	168044.943351777
-1622.4	168045.614341041
-1622	168046.271878295
-1621.6	168046.945058688
-1621.2	168047.62474114
-1620.8	168048.300238915
-1620.4	168048.970425828
-1620	168049.630372713
-1619.6	168050.279770605
-1619.2	168050.966989253
-1618.8	168051.642569254
-1618.4	168052.333585538
-1618	168052.994320106
-1617.6	168053.687430526
-1617.2	168054.370875291
-1616.8	168055.03832895
-1616.4	168055.729650091
-1616	168056.388541779
-1615.6	168057.072587397
-1615.2	168057.737959859
-1614.8	168058.387331689
-1614.4	168059.068009131
-1614	168059.708050735
-1613.6	168060.402991722
-1613.2	168061.06636987
-1612.8	168061.76326636
-1612.4	168062.425398755
-1612	168063.096460123
-1611.6	168063.766668181
-1611.2	168064.460046064
-1610.8	168065.111736856
-1610.4	168065.766734574
-1610	168066.474916777
-1609.6	168067.126701825
-1609.2	168067.815096688
-1608.8	168068.474057678
-1608.4	168069.16256449
-1608	168069.819299991
-1607.6	168070.50487788
-1607.2	168071.174061968
-1606.8	168071.856850453
-1606.4	168072.498506093
-1606	168073.176851168
-1605.6	168073.863239785
-1605.2	168074.535658021
-1604.8	168075.190131636
-1604.4	168075.864881599
-1604	168076.52552432
-1603.6	168077.20117087
-1603.2	168077.858623569
-1602.8	168078.538289539
-1602.4	168079.193256079
-1602	168079.859368819
-1601.6	168080.538533222
-1601.2	168081.221428761
-1600.8	168081.864558501
-1600.4	168082.504638769
-1600	168083.207798139
-1599.6	168083.871860871
-1599.2	168084.558794081
-1598.8	168085.201795526
-1598.4	168085.867779858
-1598	168086.543274841
-1597.6	168087.22763866
-1597.2	168087.897148438
-1596.8	168088.57206592
-1596.4	168089.234163751
-1596	168089.885269751
-1595.6	168090.562658779
-1595.2	168091.224794134
-1594.8	168091.902812925
-1594.4	168092.563783319
-1594	168093.22267609
-1593.6	168093.875394578
-1593.2	168094.552482076
-1592.8	168095.221262425
-1592.4	168095.897148126
-1592	168096.548133861
-1591.6	168097.22546859
-1591.2	168097.879419294
-1590.8	168098.539282666
-1590.4	168099.233371374
-1590	168099.882388554
-1589.6	168100.563309979
-1589.2	168101.205566773
-1588.8	168101.87763526
-1588.4	168102.511170806
-1588	168103.195104661
-1587.6	168103.84402704
-1587.2	168104.51210819
-1586.8	168105.160702408
-1586.4	168105.842888888
-1586	168106.494289954
-1585.6	168107.148796015
-1585.2	168107.801594539
-1584.8	168108.469175013
-1584.4	168109.124503009
-1584	168109.775321709
-1583.6	168110.433929551
-1583.2	168111.101943991
-1582.8	168111.760783733
-1582.4	168112.416145201
-1582	168113.06574621
-1581.6	168113.721232805
-1581.2	168114.364625216
-1580.8	168115.051993597
-1580.4	168115.673587775
-1580	168116.360389243
-1579.6	168116.988825942
-1579.2	168117.643458063
-1578.8	168118.30008863
-1578.4	168118.943674552
-1578	168119.576434311
-1577.6	168120.240659092
-1577.2	168120.878096488
-1576.8	168121.536070844
-1576.4	168122.184570513
-1576	168122.83213629
-1575.6	168123.484937269
-1575.2	168124.104782477
-1574.8	168124.739908497
-1574.4	168125.382124163
-1574	168126.043317175
-1573.6	168126.691149762
-1573.2	168127.308808707
-1572.8	168127.975065936
-1572.4	168128.616164394
-1572	168129.228059169
-1571.6	168129.88291346
-1571.2	168130.523113655
-1570.8	168131.16292582
-1570.4	168131.79881861
-1570	168132.447864963
-1569.6	168133.063296897
-1569.2	168133.727544123
-1568.8	168134.384964583
-1568.4	168135.001266261
-1568	168135.629152984
-1567.6	168136.286980506
-1567.2	168136.944244468
-1566.8	168137.556545897
-1566.4	168138.231248463
-1566	168138.840914929
-1565.6	168139.487665008
-1565.2	168140.123495498
-1564.8	168140.755867534
-1564.4	168141.410166662
-1564	168142.034486799
-1563.6	168142.665594886
-1563.2	168143.294335737
-1562.8	168143.942501382
-1562.4	168144.567203283
-1562	168145.188178217
-1561.6	168145.825146865
-1561.2	168146.452299178
-1560.8	168147.087470387
-1560.4	168147.726453552
-1560	168148.325269299
-1559.6	168148.952526511
-1559.2	168149.576243019
-1558.8	168150.212863611
-1558.4	168150.820213032
-1558	168151.473459164
-1557.6	168152.084762442
-1557.2	168152.709124419
-1556.8	168153.338088877
-1556.4	168153.986498701
-1556	168154.620254392
-1555.6	168155.222157085
-1555.2	168155.869757846
-1554.8	168156.4723147
-1554.4	168157.110511079
-1554	168157.754910088
-1553.6	168158.390840172
-1553.2	168159.020405346
-1552.8	168159.631617337
-1552.4	168160.264334192
-1552	168160.890744112
-1551.6	168161.527426915
-1551.2	168162.130571426
-1550.8	168162.760159808
-1550.4	168163.37224633
-1550	168164.005325823
-1549.6	168164.625947333
-1549.2	168165.243507749
-1548.8	168165.85173837
-1548.4	168166.488690086
-1548	168167.125497331
-1547.6	168167.748350108
-1547.2	168168.371007082
-1546.8	168168.999685484
-1546.4	168169.635293756
-1546	168170.218899338
-1545.6	168170.838998004
-1545.2	168171.466364319
-1544.8	168172.086439722
-1544.4	168172.722821356
-1544	168173.319848346
-1543.6	168173.942474149
-1543.2	168174.552825392
-1542.8	168175.159983893
-1542.4	168175.776182368
-1542	168176.407479044
-1541.6	168177.026990626
-1541.2	168177.645464701
-1540.8	168178.23979581
-1540.4	168178.873191885
-1540	168179.48942065
-1539.6	168180.104422089
-1539.2	168180.739618722
-1538.8	168181.336234908
-1538.4	168181.971186587
-1538	168182.573613483
-1537.6	168183.213093418
-1537.2	168183.831695881
-1536.8	168184.441728201
-1536.4	168185.04890555
-1536	168185.66183359
-1535.6	168186.308210676
-1535.2	168186.921403482
-1534.8	168187.547422572
-1534.4	168188.17985511
-1534	168188.761274834
-1533.6	168189.387255499
-1533.2	168190.001934584
-1532.8	168190.587574866
-1532.4	168191.240057939
-1532	168191.827392607
-1531.6	168192.437485187
-1531.2	168193.077443309
-1530.8	168193.69113769
-1530.4	168194.30296809
-1530	168194.918879648
-1529.6	168195.531133034
-1529.2	168196.144538624
-1528.8	168196.767066137
-1528.4	168197.381847326
-1528	168197.964832341
-1527.6	168198.607837324
-1527.2	168199.20918998
-1526.8	168199.826390604
-1526.4	168200.442740762
-1526	168201.045662614
-1525.6	168201.66820457
-1525.2	168202.274211817
-1524.8	168202.909428071
-1524.4	168203.491886264
-1524	168204.120140064
-1523.6	168204.726569177
-1523.2	168205.356173757
-1522.8	168205.931515718
-1522.4	168206.546370459
-1522	168207.169096022
-1521.6	168207.740366724
-1521.2	168208.359715897
-1520.8	168208.983979456
-1520.4	168209.572534087
-1520	168210.17924471
-1519.6	168210.78363167
-1519.2	168211.396005813
-1518.8	168212.016884821
-1518.4	168212.628282089
-1518	168213.243349281
-1517.6	168213.828837032
-1517.2	168214.434667308
-1516.8	168215.02254494
-1516.4	168215.664447984
-1516	168216.251785765
-1515.6	168216.868832441
-1515.2	168217.459870991
-1514.8	168218.062651793
-1514.4	168218.660652815
-1514	168219.233322435
-1513.6	168219.861311395
-1513.2	168220.475458083
-1512.8	168221.092571084
-1512.4	168221.681978006
-1512	168222.288639694
-1511.6	168222.888888149
-1511.2	168223.512317591
-1510.8	168224.11538886
-1510.4	168224.678501416
-1510	168225.272140125
-1509.6	168225.880818647
-1509.2	168226.46526119
-1508.8	168227.088054782
-1508.4	168227.68762731
-1508	168228.286045978
-1507.6	168228.878456357
-1507.2	168229.484268022
-1506.8	168230.071835857
-1506.4	168230.659606775
-1506	168231.279425559
-1505.6	168231.887536796
-1505.2	168232.459855052
-1504.8	168233.061984225
-1504.4	168233.657403506
-1504	168234.262089488
-1503.6	168234.879683093
-1503.2	168235.4644351
-1502.8	168236.055522294
-1502.4	168236.64608315
-1502	168237.257379317
-1501.6	168237.856557486
-1501.2	168238.451478419
-1500.8	168239.043477553
-1500.4	168239.641329031
-1500	168240.226957779
-1499.6	168240.844532979
-1499.2	168241.418623702
-1498.8	168242.019042926
-1498.4	168242.615634483
-1498	168243.199961262
-1497.6	168243.820561771
-1497.2	168244.390448492
-1496.8	168244.97849166
-1496.4	168245.579831675
-1496	168246.168515089
-1495.6	168246.744575555
-1495.2	168247.336938939
-1494.8	168247.939111094
-1494.4	168248.523156268
-1494	168249.105961542
-1493.6	168249.699311636
-1493.2	168250.300742356
-1492.8	168250.881145813
-1492.4	168251.468765407
-1492	168252.062580849
-1491.6	168252.670028929
-1491.2	168253.219046361
-1490.8	168253.842006949
-1490.4	168254.437159941
-1490	168255.003997736
-1489.6	168255.609162735
-1489.2	168256.180683486
-1488.8	168256.778470336
-1488.4	168257.364396969
-1488	168257.960538253
-1487.6	168258.556655159
-1487.2	168259.15738576
-1486.8	168259.734544125
-1486.4	168260.316456836
-1486	168260.913303036
-1485.6	168261.491199875
-1485.2	168262.083938216
-1484.8	168262.679232896
-1484.4	168263.270717309
-1484	168263.847510774
-1483.6	168264.460061458
-1483.2	168265.053733731
-1482.8	168265.624167116
-1482.4	168266.2107259
-1482	168266.806905021
-1481.6	168267.374924216
-1481.2	168267.95106868
-1480.8	168268.541407979
-1480.4	168269.12517449
-1480	168269.717352632
-1479.6	168270.29340839
-1479.2	168270.883545541
-1478.8	168271.464806415
-1478.4	168272.04546015
-1478	168272.624217292
-1477.6	168273.208851175
-1477.2	168273.7952485
-1476.8	168274.38116383
-1476.4	168274.96797738
-1476	168275.548396593
-1475.6	168276.141196745
-1475.2	168276.697226576
-1474.8	168277.273540132
-1474.4	168277.856756087
-1474	168278.446884169
-1473.6	168279.03102627
-1473.2	168279.601519393
-1472.8	168280.198716325
-1472.4	168280.780039494
-1472	168281.362109844
-1471.6	168281.919066042
-1471.2	168282.516303239
-1470.8	168283.075557581
-1470.4	168283.650867386
-1470	168284.218240437
-1469.6	168284.782964711
-1469.2	168285.362769663
-1468.8	168285.925189101
-1468.4	168286.536031473
-1468	168287.080188308
-1467.6	168287.648130084
-1467.2	168288.241707542
-1466.8	168288.805074514
-1466.4	168289.37864235
-1466	168289.95452511
-1465.6	168290.527297446
-1465.2	168291.124897227
-1464.8	168291.66332907
-1464.4	168292.240177274
-1464	168292.794682948
-1463.6	168293.379172801
-1463.2	168293.969758349
-1462.8	168294.528969017
-1462.4	168295.126970924
-1462	168295.70289028
-1461.6	168296.276731271
-1461.2	168296.837515564
-1460.8	168297.416847093
-1460.4	168297.982610195
-1460	168298.555587933
-1459.6	168299.116114036
-1459.2	168299.705527353
-1458.8	168300.247133139
-1458.4	168300.841408113
-1458	168301.410654953
-1457.6	168301.96109788
-1457.2	168302.534613827
-1456.8	168303.100881889
-1456.4	168303.675064289
-1456	168304.247170959
-1455.6	168304.812979827
-1455.2	168305.37787284
-1454.8	168305.948510508
-1454.4	168306.5346512
-1454	168307.101549084
-1453.6	168307.64355421
-1453.2	168308.230529317
-1452.8	168308.815533387
-1452.4	168309.365142704
-1452	168309.921092896
-1451.6	168310.488304332
-1451.2	168311.075163249
-1450.8	168311.660690532
-1450.4	168312.193686015
-1450	168312.765750463
-1449.6	168313.329832731
-1449.2	168313.903240071
-1448.8	168314.467050362
-1448.4	168315.044428501
-1448	168315.603666256
-1447.6	168316.167206348
-1447.2	168316.76343986
-1446.8	168317.336247133
-1446.4	168317.891736971
-1446	168318.458406829
-1445.6	168319.021531116
-1445.2	168319.573376794
-1444.8	168320.141000469
-1444.4	168320.713722191
-1444	168321.264970743
-1443.6	168321.837066128
-1443.2	168322.382587425
-1442.8	168322.94150841
-1442.4	168323.485360042
-1442	168324.023018209
-1441.6	168324.601758843
-1441.2	168325.157311338
-1440.8	168325.734461805
-1440.4	168326.282422275
-1440	168326.853191478
-1439.6	168327.43945738
-1439.2	168327.978118066
-1438.8	168328.502132658
-1438.4	168329.097013136
-1438	168329.670534057
-1437.6	168330.215182729
-1437.2	168330.76470894
-1436.8	168331.329670746
-1436.4	168331.860565932
-1436	168332.428029173
-1435.6	168332.989255208
-1435.2	168333.549876037
-1434.8	168334.129315859
-1434.4	168334.682874568
-1434	168335.232611572
-1433.6	168335.809800797
-1433.2	168336.355718168
-1432.8	168336.925980357
-1432.4	168337.473629739
-1432	168338.038123676
-1431.6	168338.606875241
-1431.2	168339.129088312
-1430.8	168339.71396392
-1430.4	168340.243019226
-1430	168340.796354284
-1429.6	168341.341707699
-1429.2	168341.933129825
-1428.8	168342.461832022
-1428.4	168343.020907694
-1428	168343.572392458
-1427.6	168344.118212772
-1427.2	168344.684703327
-1426.8	168345.261051234
-1426.4	168345.78006238
-1426	168346.347141695
-1425.6	168346.887129172
-1425.2	168347.476136636
-1424.8	168347.999439313
-1424.4	168348.551576505
-1424	168349.107605343
-1423.6	168349.678190092
-1423.2	168350.213416002
-1422.8	168350.770370387
-1422.4	168351.336609649
-1422	168351.900362916
-1421.6	168352.454948917
-1421.2	168352.994931262
-1420.8	168353.559067267
-1420.4	168354.132258302
-1420	168354.659385144
-1419.6	168355.206980351
-1419.2	168355.793277991
-1418.8	168356.328539804
-1418.4	168356.876333025
-1418	168357.41832207
-1417.6	168357.990574384
-1417.2	168358.526997534
-1416.8	168359.073262578
-1416.4	168359.643610049
-1416	168360.197941412
-1415.6	168360.722618807
-1415.2	168361.263058425
-1414.8	168361.809324544
-1414.4	168362.36260224
-1414	168362.902508457
-1413.6	168363.442373666
-1413.2	168364.003770606
-1412.8	168364.543686558
-1412.4	168365.092219952
-1412	168365.654144822
-1411.6	168366.203021962
-1411.2	168366.740994121
-1410.8	168367.303840129
-1410.4	168367.826149457
-1410	168368.374508818
-1409.6	168368.925020522
-1409.2	168369.499222021
-1408.8	168370.019257861
-1408.4	168370.596096135
-1408	168371.117979152
-1407.6	168371.688596942
-1407.2	168372.232397042
-1406.8	168372.773396784
-1406.4	168373.305799765
-1406	168373.847870493
-1405.6	168374.40199176
-1405.2	168374.960774754
-1404.8	168375.489709488
-1404.4	168376.043068268
-1404	168376.596994708
-1403.6	168377.138441971
-1403.2	168377.673430429
-1402.8	168378.214796939
-1402.4	168378.783521565
-1402	168379.311035624
-1401.6	168379.871441906
-1401.2	168380.430152269
-1400.8	168380.960756538
-1400.4	168381.518381693
-1400	168382.077551479
