-0.01 -0.0209144 0.00106699 0.000629578 2.09144 0.00050961 0.00101922 513 0.782505 1.39206 0.779751 0.00152535 0.00146675 0.00097847
-0.05 -0.116223 0.0311109 0.0176031 2.32446 0.000566389 0.00113278 513 0.86114 1.60112 0.859558 0.00167864 0.00146675 0.00097847
-0.1 -0.272185 0.157951 0.083867 2.72185 0.000663218 0.00132644 513 0.98807 1.95707 0.980788 0.00192606 0.00146675 0.00097847
-0.15 -0.474991 0.448086 0.22247 3.16661 0.00077159 0.00154318 513 1.13255 2.40812 1.12545 0.0022077 0.00146675 0.00097847
-0.2 -0.746055 1.02918 0.472578 3.73027 0.000908936 0.00181787 513 1.30873 3.01198 1.29921 0.00255112 0.00146675 0.00097847
-0.25 -1.08272 2.04425 0.871978 4.33086 0.00105528 0.00211056 513 1.49317 3.7109 1.48135 0.00291065 0.00146675 0.00097847
-0.3 -1.5548 3.94175 1.52435 5.18267 0.00126283 0.00252567 513 1.75864 4.83944 1.74663 0.00342815 0.00146675 0.00097847
-0.35 -2.10195 6.8577 2.43951 6.00556 0.00146334 0.00292669 513 2.00424 6.00848 1.9915 0.0039069 0.00146675 0.00097847
-0.4 -2.86359 12.0462 3.84611 7.15896 0.00174439 0.00348877 513 2.34998 7.85729 2.33486 0.00458087 0.00146675 0.00097847
-0.45 -3.85541 20.7244 5.86017 8.56758 0.00208762 0.00417523 513 2.76311 10.3654 2.73069 0.00538617 0.00146675 0.00097847
-0.5 -4.98224 33.3498 8.52704 9.96449 0.00242799 0.00485599 513 3.16668 13.1615 3.13363 0.00617286 0.00146675 0.00097847
-0.55 -6.58026 55.8232 12.5234 11.9641 0.00291523 0.00583046 513 3.74195 17.7032 3.70101 0.00729425 0.00146675 0.00097847
-0.6 -8.49446 90.0034 17.8475 14.1574 0.00344967 0.00689933 513 4.36471 23.3688 4.3182 0.0085082 0.00146675 0.00097847
-0.65 -10.9897 145.881 25.108 16.9072 0.00411969 0.00823938 513 5.13617 31.4406 5.06032 0.010012 0.00146675 0.00097847
-0.7 -14.148 235.252 35.0861 20.2114 0.00492481 0.00984962 513 6.05933 42.6749 5.95945 0.0118116 0.00146675 0.00097847
-0.75 -18.0947 375.487 48.0681 24.1263 0.00587873 0.0117575 513 7.13813 57.9076 6.95473 0.0139145 0.00146675 0.00097847
-0.8 -22.9204 591.174 65.8283 28.6505 0.00698112 0.0139622 513 8.36986 78.2308 8.17632 0.0163155 0.00146675 0.00097847
-0.85 -29.3864 953.214 89.6557 34.5722 0.00842402 0.016848 513 9.98822 109.482 9.71733 0.0194702 0.00146675 0.00097847
-0.9 -36.8786 1478.55 118.522 40.9762 0.00998447 0.0199689 513 11.7063 148.279 11.2427 0.0228192 0.00146675 0.00097847
-0.95 -46.8262 2351.65 158.96 49.2907 0.0120104 0.0240208 513 13.9321 207.357 13.2545 0.027158 0.00146675 0.00097847
-1 -59.3007 3727.14 210.564 59.3007 0.0144495 0.028899 513 16.6036 291.292 15.6114 0.0323658 0.00146675 0.00097847
-1.05 -73.7868 5714.23 269.738 70.2732 0.0171231 0.0342462 513 19.4967 398.015 17.8937 0.0380053 0.00146675 0.00097847
-1.1 -92.1788 8847.53 350.594 83.7989 0.0204188 0.0408377 513 23.0454 551.991 20.8993 0.0449228 0.00146675 0.00097847
-1.15 -115.668 13844.1 465.003 100.581 0.024508 0.0490161 513 27.4484 778.502 25.0872 0.0535057 0.00146675 0.00097847
-1.2 -143.692 21238.2 590.826 119.743 0.0291772 0.0583544 513 32.4442 1081.52 28.8967 0.063244 0.00146675 0.00097847
-1.25 -176.335 31844.3 750.399 141.068 0.0343732 0.0687465 513 37.9617 1474.5 33.4048 0.0739995 0.00146675 0.00097847
-1.3 -217.313 48161.6 936.524 167.164 0.040732 0.081464 513 44.6922 2035.57 38.1773 0.0871193 0.00146675 0.00097847
-1.35 -266.052 71950.2 1166.39 197.076 0.0480204 0.0960408 513 52.3891 2788.3 43.6841 0.102123 0.00146675 0.00097847
-1.4 -322.624 105547 1461.11 230.446 0.0561515 0.112303 513 60.93 3762.9 50.4418 0.118772 0.00146675 0.00097847
-1.45 -390.241 154025 1736.49 269.132 0.0655779 0.131156 513 70.8117 5069.72 55.4231 0.138035 0.00146675 0.00097847
-1.5 -475.022 227805 2159.12 316.681 0.077164 0.154328 513 82.9466 6944.13 63.9853 0.161689 0.00146675 0.00097847
-1.55 -564.87 321524 2446.43 364.432 0.0887992 0.177598 513 95.0597 9103.68 67.3338 0.185302 0.00146675 0.00097847
-1.6 -669.763 451514 2932.17 418.602 0.101998 0.203997 513 108.772 11906.7 75.2485 0.212032 0.00146675 0.00097847
-1.65 -785.981 621041 3274.99 476.352 0.11607 0.23214 513 123.352 15294.2 78.5172 0.240452 0.00146675 0.00097847
-1.7 -923.526 856773 3871.6 543.251 0.132371 0.264742 513 140.223 19749.5 86.9342 0.27334 0.00146675 0.00097847
-1.75 -1070.46 1.15011e+06 4228.85 611.691 0.149048 0.298095 513 157.431 24873.8 89.23 0.306883 0.00146675 0.00097847
-1.8 -1228.6 1.51419e+06 4732.82 682.556 0.166315 0.332629 513 175.208 30791.7 93.9148 0.341536 0.00146675 0.00097847
-1.85 -1405.11 1.9798e+06 5458.98 759.521 0.185069 0.370137 513 194.492 37929.5 102.248 0.379127 0.00146675 0.00097847
-1.9 -1586.19 2.52173e+06 5726.94 834.838 0.20342 0.406841 513 213.308 45601.5 101.341 0.415804 0.00146675 0.00097847
-1.95 -1785.21 3.19323e+06 6264.36 915.492 0.223073 0.446146 513 233.446 54602.1 104.89 0.455061 0.00146675 0.00097847
-2 -1999.4 4.00444e+06 6830.95 999.701 0.243592 0.487184 513 254.454 64855.4 108.359 0.496013 0.00146675 0.00097847
-2.05 -2212.32 4.90106e+06 6717.47 1079.18 0.262958 0.525916 513 274.227 75301.6 101.106 0.534556 0.00146675 0.00097847
-2.1 -2425.04 5.88818e+06 7345.53 1154.78 0.28138 0.562759 513 293.01 85959.8 105.112 0.571169 0.00146675 0.00097847
-2.15 -2659.44 7.08024e+06 7641.18 1236.95 0.3014 0.6028 513 313.416 98333.5 103.992 0.610947 0.00146675 0.00097847
-2.2 -2877.91 8.28993e+06 7556.13 1308.14 0.318748 0.637496 513 331.033 109681 98.0542 0.645289 0.00146675 0.00097847
-2.25 -3118.3 9.73165e+06 7860.27 1385.91 0.337698 0.675395 513 350.314 122817 97.3213 0.682874 0.00146675 0.00097847
-2.3 -3324.57 1.10606e+07 7832 1445.47 0.352209 0.704418 513 364.996 133314 92.5352 0.711493 0.00146675 0.00097847
-2.35 -3564.85 1.27154e+07 7323.77 1516.96 0.369628 0.739257 513 382.689 146534 82.7122 0.745983 0.00146675 0.00097847
-2.4 -3783.27 1.43206e+07 7506.25 1576.36 0.384104 0.768207 513 397.335 157956 81.2534 0.774532 0.00146675 0.00097847
-2.45 -3994.43 1.5964e+07 8552.84 1630.38 0.397266 0.794531 513 410.635 168710 88.8777 0.800457 0.00146675 0.00097847
-2.5 -4205.16 1.76915e+07 8103.37 1682.06 0.40986 0.81972 513 423.355 179310 80.7605 0.825253 0.00146675 0.00097847
-2.55 -4420.27 1.95462e+07 7328.19 1733.44 0.422378 0.844757 513 436.013 190177 69.9811 0.849928 0.00146675 0.00097847
-2.6 -4604.15 2.1205e+07 6793.14 1770.83 0.431488 0.862977 513 445.16 198230 62.3032 0.867759 0.00146675 0.00097847
-2.65 -4797.54 2.30231e+07 6706.1 1810.39 0.441128 0.882257 513 454.865 206961 59.1082 0.886676 0.00146675 0.00097847
-2.7 -4985.12 2.486e+07 8581.31 1846.34 0.449888 0.899775 513 463.682 215074 73.2197 0.903864 0.00146675 0.00097847
-2.75 -5152.57 2.65576e+07 8603.06 1873.66 0.456546 0.913091 513 470.342 221293 70.6871 0.916847 0.00146675 0.00097847
-2.8 -5321.82 2.83294e+07 7630.84 1900.65 0.463121 0.926243 513 476.928 227521 60.3724 0.929685 0.00146675 0.00097847
-2.85 -5480.12 3.00422e+07 10473.1 1922.85 0.468531 0.937062 513 482.333 232726 80.3346 0.94022 0.00146675 0.00097847
-2.9 -5633.35 3.17406e+07 6001.54 1942.53 0.473327 0.946654 513 487.11 237321 44.1632 0.949533 0.00146675 0.00097847
-2.95 -5779.92 3.34154e+07 7856.37 1959.3 0.477411 0.954822 513 491.174 241308 56.0447 0.957455 0.00146675 0.00097847
-3 -5918.24 3.50322e+07 6660.8 1972.75 0.480689 0.961378 513 494.415 244492 45.9187 0.963771 0.00146675 0.00097847
-4 -8179.95 6.69267e+07 15070.1 2044.99 0.498291 0.996583 513 511.419 261608 58.8079 0.996918 0.00146675 0.00097847
-6 -12286.3 1.50983e+08 29831.3 2047.72 0.498956 0.997913 513 511.932 262126 51.79 0.997919 0.00146675 0.00097847
-8 -16373.5 2.68168e+08 75252.9 2046.69 0.498706 0.997413 513 511.673 261883 73.488 0.997413 0.00146675 0.00097847
