# LinearChain_N256_E-0.4_c4_PerXYZ128_Solvent_006v010.bfm
# MCS: 203500000
# f0: 1.01
# f: 1.00000030366005
# Iteration15
# histogram: [-30001.05 ; 1.05 ; 300021 ]
# 
-1499.6	30306.5182539411
-1499.2	30307.7241343885
-1498.8	30308.9444082173
-1498.4	30310.1584275532
-1498	30311.3815127188
-1497.6	30312.6022260368
-1497.2	30313.823876914
-1496.8	30315.0307914332
-1496.4	30316.2636289974
-1496	30317.4587770031
-1495.6	30318.6756325186
-1495.2	30319.9004271405
-1494.8	30321.0988896787
-1494.4	30322.3189746092
-1494	30323.5262447684
-1493.6	30324.7467471807
-1493.2	30325.9812387533
-1492.8	30327.188371682
-1492.4	30328.3899792327
-1492	30329.6066654563
-1491.6	30330.8052560481
-1491.2	30331.995730381
-1490.8	30333.2076293585
-1490.4	30334.4112292432
-1490	30335.6272982364
-1489.6	30336.804176773
-1489.2	30338.0010530921
-1488.8	30339.2101897769
-1488.4	30340.4247876937
-1488	30341.6381136626
-1487.6	30342.8410935023
-1487.2	30344.0352447975
-1486.8	30345.2431219907
-1486.4	30346.4382488424
-1486	30347.6463935417
-1485.6	30348.8570811324
-1485.2	30350.0623569155
-1484.8	30351.2516437986
-1484.4	30352.4477296204
-1484	30353.6605558971
-1483.6	30354.8531847542
-1483.2	30356.0549402867
-1482.8	30357.2533590287
-1482.4	30358.4572210206
-1482	30359.6515206021
-1481.6	30360.8552308583
-1481.2	30362.0345665608
-1480.8	30363.2565201636
-1480.4	30364.455662076
-1480	30365.643952464
-1479.6	30366.8418017727
-1479.2	30368.0224320055
-1478.8	30369.212111815
-1478.4	30370.4123656917
-1478	30371.6157016188
-1477.6	30372.7977172415
-1477.2	30373.9805593831
-1476.8	30375.17037197
-1476.4	30376.3576934233
-1476	30377.5501647489
-1475.6	30378.7312273467
-1475.2	30379.915860407
-1474.8	30381.0802350362
-1474.4	30382.2545740517
-1474	30383.4642422313
-1473.6	30384.6498972062
-1473.2	30385.8190038406
-1472.8	30387.011539417
-1472.4	30388.179469625
-1472	30389.3566206581
-1471.6	30390.5436559401
-1471.2	30391.7071618862
-1470.8	30392.8795484535
-1470.4	30394.0636539016
-1470	30395.2395437553
-1469.6	30396.4407775893
-1469.2	30397.5879058615
-1468.8	30398.7680887024
-1468.4	30399.9439079631
-1468	30401.1155891801
-1467.6	30402.2903087825
-1467.2	30403.4639144224
-1466.8	30404.6305756454
-1466.4	30405.8116993227
-1466	30406.9696727996
-1465.6	30408.151756997
-1465.2	30409.3253215553
-1464.8	30410.4964086389
-1464.4	30411.6734605911
-1464	30412.8219892351
-1463.6	30414.0069567672
-1463.2	30415.1802020254
-1462.8	30416.3535926266
-1462.4	30417.5072367889
-1462	30418.7075613265
-1461.6	30419.8723615827
-1461.2	30421.0425699711
-1460.8	30422.2190244727
-1460.4	30423.386502393
-1460	30424.5432628584
-1459.6	30425.7238891406
-1459.2	30426.887608547
-1458.8	30428.0600553947
-1458.4	30429.2143994967
-1458	30430.3943329888
-1457.6	30431.5515532396
-1457.2	30432.7212927619
-1456.8	30433.8689218976
-1456.4	30435.0234845217
-1456	30436.1842086031
-1455.6	30437.3679424586
-1455.2	30438.5200829162
-1454.8	30439.6704956824
-1454.4	30440.8231965469
-1454	30441.9766029319
-1453.6	30443.1521620159
-1453.2	30444.3006341098
-1452.8	30445.460871151
-1452.4	30446.6153574139
-1452	30447.7724362083
-1451.6	30448.9399141135
-1451.2	30450.1031773142
-1450.8	30451.2450738107
-1450.4	30452.4230031791
-1450	30453.5620408016
-1449.6	30454.7365041166
-1449.2	30455.88029054
-1448.8	30457.0266356172
-1448.4	30458.1683437223
-1448	30459.3177808256
-1447.6	30460.47105289
-1447.2	30461.6135028988
-1446.8	30462.7656440331
-1446.4	30463.8979761954
-1446	30465.0343689324
-1445.6	30466.1965724651
-1445.2	30467.3376393429
-1444.8	30468.4912280865
-1444.4	30469.6386280379
-1444	30470.7683166908
-1443.6	30471.9332100341
-1443.2	30473.0783333304
-1442.8	30474.2178955514
-1442.4	30475.3312954379
-1442	30476.495604242
-1441.6	30477.6195577521
-1441.2	30478.7630132896
-1440.8	30479.8984677455
-1440.4	30481.0416810021
-1440	30482.1923655126
-1439.6	30483.306825578
-1439.2	30484.440340565
-1438.8	30485.5784714784
-1438.4	30486.706913334
-1438	30487.8334078309
-1437.6	30488.9801008971
-1437.2	30490.0977216869
-1436.8	30491.2314963946
-1436.4	30492.3609174098
-1436	30493.4972015452
-1435.6	30494.6163215534
-1435.2	30495.7445795707
-1434.8	30496.8829783421
-1434.4	30498.0099358146
-1434	30499.1214616176
-1433.6	30500.2721622769
-1433.2	30501.402640545
-1432.8	30502.5190020878
-1432.4	30503.6317612136
-1432	30504.7764142315
-1431.6	30505.903537716
-1431.2	30507.0153002062
-1430.8	30508.1430809299
-1430.4	30509.2714726967
-1430	30510.4012807246
-1429.6	30511.5027010712
-1429.2	30512.6374923439
-1428.8	30513.7456364374
-1428.4	30514.8833296956
-1428	30515.9912994139
-1427.6	30517.1144851907
-1427.2	30518.2430501048
-1426.8	30519.3558038995
-1426.4	30520.4951137718
-1426	30521.6185323743
-1425.6	30522.7449831895
-1425.2	30523.8548067304
-1424.8	30524.9910025253
-1424.4	30526.1026154856
-1424	30527.2233501625
-1423.6	30528.3470218571
-1423.2	30529.4742018284
-1422.8	30530.5708783915
-1422.4	30531.6882381198
-1422	30532.8232824397
-1421.6	30533.917366779
-1421.2	30535.0361412522
-1420.8	30536.1396136096
-1420.4	30537.2647774248
-1420	30538.3704526953
-1419.6	30539.4807311333
-1419.2	30540.5926359549
-1418.8	30541.7093734403
-1418.4	30542.805782075
-1418	30543.9266543023
-1417.6	30545.0229324603
-1417.2	30546.1351441712
-1416.8	30547.2124303835
-1416.4	30548.338061754
-1416	30549.4411767017
-1415.6	30550.529980681
-1415.2	30551.6249668675
-1414.8	30552.7267825413
-1414.4	30553.8202476015
-1414	30554.9221627025
-1413.6	30556.0200954345
-1413.2	30557.1386796575
-1412.8	30558.2341894258
-1412.4	30559.3432153074
-1412	30560.4348175023
-1411.6	30561.5413714269
-1411.2	30562.6493349276
-1410.8	30563.7386158864
-1410.4	30564.8380478428
-1410	30565.9493262562
-1409.6	30567.040576584
-1409.2	30568.1472748237
-1408.8	30569.2358698103
-1408.4	30570.3373172932
-1408	30571.4221869673
-1407.6	30572.5088905283
-1407.2	30573.6204145512
-1406.8	30574.7029147362
-1406.4	30575.8052634206
-1406	30576.8886568966
-1405.6	30577.9926571712
-1405.2	30579.0701787544
-1404.8	30580.1836447988
-1404.4	30581.2579542492
-1404	30582.3560962284
-1403.6	30583.449994164
-1403.2	30584.5418530726
-1402.8	30585.6379821097
-1402.4	30586.7256393419
-1402	30587.8228948644
-1401.6	30588.9189003165
-1401.2	30590.0032838626
-1400.8	30591.1032932686
-1400.4	30592.1887574744
-1400	30593.2886290775
-1399.6	30594.3873748211
-1399.2	30595.4776193359
-1398.8	30596.5643636802
-1398.4	30597.6449974213
-1398	30598.7518883071
-1397.6	30599.8282824017
-1397.2	30600.9313853829
-1396.8	30602.0280744394
-1396.4	30603.1009608365
-1396	30604.1869248753
-1395.6	30605.264181714
-1395.2	30606.3444639547
-1394.8	30607.4481015772
-1394.4	30608.5173993823
-1394	30609.6086487601
-1393.6	30610.6890745812
-1393.2	30611.7762112291
-1392.8	30612.8344491322
-1392.4	30613.9224209216
-1392	30614.9990673902
-1391.6	30616.0944275425
-1391.2	30617.1974117852
-1390.8	30618.2404628791
-1390.4	30619.3293740873
-1390	30620.4199571466
-1389.6	30621.5044945721
-1389.2	30622.5610078431
-1388.8	30623.6437402294
-1388.4	30624.7204171773
-1388	30625.792615386
-1387.6	30626.8543452511
-1387.2	30627.925821396
-1386.8	30629.0126920358
-1386.4	30630.0752175708
-1386	30631.1370520134
-1385.6	30632.2109593385
-1385.2	30633.2514966193
-1384.8	30634.3179495965
-1384.4	30635.4217799952
-1384	30636.4864103273
-1383.6	30637.5419717508
-1383.2	30638.6064437531
-1382.8	30639.6871996996
-1382.4	30640.7662863567
-1382	30641.8391431342
-1381.6	30642.8884295958
-1381.2	30643.9553538309
-1380.8	30645.0189203888
-1380.4	30646.0815694175
-1380	30647.1596443785
-1379.6	30648.2058400699
-1379.2	30649.2703166918
-1378.8	30650.3397604603
-1378.4	30651.3983111958
-1378	30652.4559600886
-1377.6	30653.5340489632
-1377.2	30654.5942815165
-1376.8	30655.6497484964
-1376.4	30656.7324018238
-1376	30657.7999008214
-1375.6	30658.841342706
-1375.2	30659.9157830065
-1374.8	30660.966536402
-1374.4	30662.0211185499
-1374	30663.0412563816
-1373.6	30664.1137279169
-1373.2	30665.1761077682
-1372.8	30666.2162303833
-1372.4	30667.2815665052
-1372	30668.3213035526
-1371.6	30669.3637730614
-1371.2	30670.4189453561
-1370.8	30671.4691421391
-1370.4	30672.5272051125
-1370	30673.5670156541
-1369.6	30674.6251460476
-1369.2	30675.6824754616
-1368.8	30676.7274143149
-1368.4	30677.7651117618
-1368	30678.8093250115
-1367.6	30679.864164162
-1367.2	30680.9086948621
-1366.8	30681.9320623128
-1366.4	30682.985694684
-1366	30684.035557789
-1365.6	30685.0764133571
-1365.2	30686.1288812684
-1364.8	30687.1821755256
-1364.4	30688.2332636045
-1364	30689.2886725299
-1363.6	30690.3217343264
-1363.2	30691.3741552188
-1362.8	30692.4137476506
-1362.4	30693.4354492772
-1362	30694.4649754402
-1361.6	30695.5313054432
-1361.2	30696.5798026541
-1360.8	30697.6019240962
-1360.4	30698.6389511475
-1360	30699.678325221
-1359.6	30700.7263108529
-1359.2	30701.7547860729
-1358.8	30702.776198637
-1358.4	30703.8228220223
-1358	30704.8625230725
-1357.6	30705.8913786098
-1357.2	30706.9422739944
-1356.8	30707.9771531526
-1356.4	30708.9978561818
-1356	30710.0341070699
-1355.6	30711.0718737927
-1355.2	30712.1023436201
-1354.8	30713.1453090085
-1354.4	30714.1740680659
-1354	30715.215005521
-1353.6	30716.2664643448
-1353.2	30717.3131179514
-1352.8	30718.3507588222
-1352.4	30719.366875664
-1352	30720.41312972
-1351.6	30721.4443437403
-1351.2	30722.4637757676
-1350.8	30723.491062313
-1350.4	30724.5157536658
-1350	30725.5439452655
-1349.6	30726.574764563
-1349.2	30727.6182542006
-1348.8	30728.6302649597
-1348.4	30729.6658878697
-1348	30730.6824112346
-1347.6	30731.7158111468
-1347.2	30732.7353378909
-1346.8	30733.7590093773
-1346.4	30734.7853775885
-1346	30735.8035204024
-1345.6	30736.8122932933
-1345.2	30737.8505343054
-1344.8	30738.8731400649
-1344.4	30739.8983632069
-1344	30740.9150889057
-1343.6	30741.9235195633
-1343.2	30742.9566439967
-1342.8	30743.9824470301
-1342.4	30744.9884476265
-1342	30746.022621097
-1341.6	30747.0405726535
-1341.2	30748.059622768
-1340.8	30749.0688859837
-1340.4	30750.0648699851
-1340	30751.0877293266
-1339.6	30752.1007180717
-1339.2	30753.1271345742
-1338.8	30754.1505304887
-1338.4	30755.1717264441
-1338	30756.2033578712
-1337.6	30757.2023953866
-1337.2	30758.2146197354
-1336.8	30759.2474028529
-1336.4	30760.2685810006
-1336	30761.2671057141
-1335.6	30762.297182447
-1335.2	30763.3153375911
-1334.8	30764.3196938872
-1334.4	30765.3232276695
-1334	30766.3485638206
-1333.6	30767.3482758741
-1333.2	30768.382640455
-1332.8	30769.3824480911
-1332.4	30770.404544778
-1332	30771.3969483453
-1331.6	30772.4042727461
-1331.2	30773.4191414465
-1330.8	30774.407969061
-1330.4	30775.4290141397
-1330	30776.4322522988
-1329.6	30777.4408221311
-1329.2	30778.4352004389
-1328.8	30779.4493002073
-1328.4	30780.4659221386
-1328	30781.4675949244
-1327.6	30782.4570846797
-1327.2	30783.4633538143
-1326.8	30784.4794172723
-1326.4	30785.4679659145
-1326	30786.4603234567
-1325.6	30787.4804236825
-1325.2	30788.4836779039
-1324.8	30789.4839247807
-1324.4	30790.4866319488
-1324	30791.4802407265
-1323.6	30792.502102662
-1323.2	30793.4821860132
-1322.8	30794.4655056125
-1322.4	30795.4635792052
-1322	30796.4779078816
-1321.6	30797.464312329
-1321.2	30798.4721087265
-1320.8	30799.4646460033
-1320.4	30800.4565173955
-1320	30801.468503382
-1319.6	30802.4668656973
-1319.2	30803.4431629221
-1318.8	30804.4645375228
-1318.4	30805.4571235872
-1318	30806.4461185973
-1317.6	30807.4280390409
-1317.2	30808.4381969978
-1316.8	30809.4250764672
-1316.4	30810.4184968309
-1316	30811.4159313149
-1315.6	30812.406072598
-1315.2	30813.3942915719
-1314.8	30814.3876451674
-1314.4	30815.3813580114
-1314	30816.3812541555
-1313.6	30817.3827111337
-1313.2	30818.3649747556
-1312.8	30819.3712891587
-1312.4	30820.3539662137
-1312	30821.3495857894
-1311.6	30822.3459594766
-1311.2	30823.3292142059
-1310.8	30824.3380371389
-1310.4	30825.3093194577
-1310	30826.3416082483
-1309.6	30827.30328871
-1309.2	30828.3043754925
-1308.8	30829.2954499638
-1308.4	30830.2723571894
-1308	30831.2552020372
-1307.6	30832.2495406911
-1307.2	30833.2121294619
-1306.8	30834.1822926557
-1306.4	30835.1671428541
-1306	30836.1582259462
-1305.6	30837.1267383568
-1305.2	30838.1236102142
-1304.8	30839.1020100316
-1304.4	30840.0888952649
-1304	30841.0597437934
-1303.6	30842.0245892397
-1303.2	30843.0055081239
-1302.8	30843.9871962211
-1302.4	30844.9663437938
-1302	30845.9371136362
-1301.6	30846.9281851728
-1301.2	30847.8993757343
-1300.8	30848.875071712
-1300.4	30849.8482118865
-1300	30850.8131271876
-1299.6	30851.8073430793
-1299.2	30852.7657395069
-1298.8	30853.7316975286
-1298.4	30854.7129983785
-1298	30855.6772477492
-1297.6	30856.6532061037
-1297.2	30857.6147069916
-1296.8	30858.5900622936
-1296.4	30859.5513835239
-1296	30860.539651057
-1295.6	30861.5101807391
-1295.2	30862.4581787353
-1294.8	30863.4133273386
-1294.4	30864.3899395978
-1294	30865.3511371424
-1293.6	30866.3149812755
-1293.2	30867.2747873324
-1292.8	30868.244658738
-1292.4	30869.2007676818
-1292	30870.169619901
-1291.6	30871.0897565001
-1291.2	30872.0748350514
-1290.8	30873.0200498491
-1290.4	30873.9769937656
-1290	30874.956179749
-1289.6	30875.9225744234
-1289.2	30876.8779974319
-1288.8	30877.8485496121
-1288.4	30878.7953039216
-1288	30879.7648186027
-1287.6	30880.7143507154
-1287.2	30881.683336427
-1286.8	30882.6355683016
-1286.4	30883.6064296684
-1286	30884.5364146444
-1285.6	30885.5090034966
-1285.2	30886.4565960978
-1284.8	30887.4062369208
-1284.4	30888.3917619539
-1284	30889.3383090038
-1283.6	30890.2859414205
-1283.2	30891.2638956546
-1282.8	30892.2188226109
-1282.4	30893.1659514778
-1282	30894.1214596666
-1281.6	30895.0756414386
-1281.2	30896.0389199478
-1280.8	30897.0036117239
-1280.4	30897.9722937045
-1280	30898.9071769697
-1279.6	30899.8593681152
-1279.2	30900.8148752664
-1278.8	30901.7701550188
-1278.4	30902.7245412344
-1278	30903.6879075459
-1277.6	30904.6391581223
-1277.2	30905.5876157376
-1276.8	30906.5475287094
-1276.4	30907.4986563848
-1276	30908.419943529
-1275.6	30909.3799587993
-1275.2	30910.3388096625
-1274.8	30911.2807177071
-1274.4	30912.2179657829
-1274	30913.1937287814
-1273.6	30914.1299240952
-1273.2	30915.0859795875
-1272.8	30916.0411770584
-1272.4	30916.9866377746
-1272	30917.9370264863
-1271.6	30918.8939283098
-1271.2	30919.8344536557
-1270.8	30920.7767758224
-1270.4	30921.7319815987
-1270	30922.6614978954
-1269.6	30923.6020559616
-1269.2	30924.5514746713
-1268.8	30925.5255186195
-1268.4	30926.4608780937
-1268	30927.4127173722
-1267.6	30928.3395301134
-1267.2	30929.2968350985
-1266.8	30930.2164909907
-1266.4	30931.1701423266
-1266	30932.1067223564
-1265.6	30933.0616947549
-1265.2	30933.9882474746
-1264.8	30934.9466852732
-1264.4	30935.8929539338
-1264	30936.8427462985
-1263.6	30937.7696043134
-1263.2	30938.7134572011
-1262.8	30939.6685071796
-1262.4	30940.5889355314
-1262	30941.5381075771
-1261.6	30942.4832848719
-1261.2	30943.4239880454
-1260.8	30944.3798533658
-1260.4	30945.3208774846
-1260	30946.2495968769
-1259.6	30947.1952199582
-1259.2	30948.115411089
-1258.8	30949.0672277214
-1258.4	30950.0132264778
-1258	30950.9430231704
-1257.6	30951.9034369705
-1257.2	30952.8534480892
-1256.8	30953.8013252987
-1256.4	30954.7331570818
-1256	30955.6803019364
-1255.6	30956.6210987385
-1255.2	30957.5856883229
-1254.8	30958.5305504543
-1254.4	30959.4869344168
-1254	30960.4372825744
-1253.6	30961.3928687678
-1253.2	30962.3274718777
-1252.8	30963.279753056
-1252.4	30964.2194310042
-1252	30965.1554094853
-1251.6	30966.1189196835
-1251.2	30967.0457721932
-1250.8	30967.9884551027
-1250.4	30968.9313440605
-1250	30969.8718938966
-1249.6	30970.826386436
-1249.2	30971.7634077159
-1248.8	30972.7039881106
-1248.4	30973.6401019706
-1248	30974.5860329943
-1247.6	30975.5327197197
-1247.2	30976.4772756941
-1246.8	30977.4115078956
-1246.4	30978.3701530236
-1246	30979.2925234651
-1245.6	30980.2361214724
-1245.2	30981.1937048719
-1244.8	30982.12039052
-1244.4	30983.0562400408
-1244	30984.0085259696
-1243.6	30984.9474799132
-1243.2	30985.8792452531
-1242.8	30986.8237010185
-1242.4	30987.7712544208
-1242	30988.6941773446
-1241.6	30989.6524115054
-1241.2	30990.6042496715
-1240.8	30991.5456223618
-1240.4	30992.4873669654
-1240	30993.4230980101
-1239.6	30994.3579326713
-1239.2	30995.296229998
-1238.8	30996.236250518
-1238.4	30997.1799989158
-1238	30998.1305627468
-1237.6	30999.0550766576
-1237.2	31000.0022348855
-1236.8	31000.9193572894
-1236.4	31001.8675255779
-1236	31002.8162292322
-1235.6	31003.7344728397
-1235.2	31004.6728148267
-1234.8	31005.5955510299
-1234.4	31006.5491168432
-1234	31007.4951945093
-1233.6	31008.4264311421
-1233.2	31009.3672676102
-1232.8	31010.2905438285
-1232.4	31011.2310024773
-1232	31012.1667984228
-1231.6	31013.0654420595
-1231.2	31014.0021421419
-1230.8	31014.9294363733
-1230.4	31015.8652503723
-1230	31016.7737136814
-1229.6	31017.6936923955
-1229.2	31018.619161825
-1228.8	31019.5382815159
-1228.4	31020.4624733015
-1228	31021.3901514083
-1227.6	31022.3199943217
-1227.2	31023.2357437828
-1226.8	31024.1565175312
-1226.4	31025.0882510742
-1226	31025.9838363216
-1225.6	31026.9169607619
-1225.2	31027.8324535171
-1224.8	31028.7507697246
-1224.4	31029.6667570763
-1224	31030.5813497452
-1223.6	31031.4891439433
-1223.2	31032.4080180463
-1222.8	31033.325203358
-1222.4	31034.2691219579
-1222	31035.1785128693
-1221.6	31036.0922159293
-1221.2	31037.0036381665
-1220.8	31037.9203144032
-1220.4	31038.851643958
-1220	31039.7531676771
-1219.6	31040.6681466325
-1219.2	31041.565307434
-1218.8	31042.4944615506
-1218.4	31043.4189703911
-1218	31044.3284200774
-1217.6	31045.2422092267
-1217.2	31046.1523454918
-1216.8	31047.0748721589
-1216.4	31047.9877388839
-1216	31048.8997748306
-1215.6	31049.8164256885
-1215.2	31050.7167985724
-1214.8	31051.615081984
-1214.4	31052.5384613432
-1214	31053.4580376748
-1213.6	31054.3740920952
-1213.2	31055.2656518479
-1212.8	31056.1816393418
-1212.4	31057.0965958681
-1212	31058.0032117964
-1211.6	31058.9112037976
-1211.2	31059.8226583708
-1210.8	31060.7306198503
-1210.4	31061.6506389613
-1210	31062.5678971667
-1209.6	31063.4851072083
-1209.2	31064.3942927841
-1208.8	31065.2954199458
-1208.4	31066.2108560589
-1208	31067.1300791762
-1207.6	31068.025821025
-1207.2	31068.9374519589
-1206.8	31069.8419201896
-1206.4	31070.7560290347
-1206	31071.6646759352
-1205.6	31072.5640023882
-1205.2	31073.4841934762
-1204.8	31074.3882565887
-1204.4	31075.2999840878
-1204	31076.2198165273
-1203.6	31077.1142689286
-1203.2	31078.0303082616
-1202.8	31078.947456762
-1202.4	31079.8479403977
-1202	31080.7651878023
-1201.6	31081.6784988634
-1201.2	31082.580845063
-1200.8	31083.4928345128
-1200.4	31084.3936181054
-1200	31085.2939741973
-1199.6	31086.2048785925
-1199.2	31087.0989908178
-1198.8	31088.0044521401
-1198.4	31088.9169314069
-1198	31089.8118824741
-1197.6	31090.7175086184
-1197.2	31091.6309782542
-1196.8	31092.5347819105
-1196.4	31093.4540684055
-1196	31094.3797028541
-1195.6	31095.2770953254
-1195.2	31096.179266133
-1194.8	31097.0872725695
-1194.4	31097.9859929976
-1194	31098.8928443709
-1193.6	31099.8013523221
-1193.2	31100.7137206185
-1192.8	31101.6146653185
-1192.4	31102.524173367
-1192	31103.4247524098
-1191.6	31104.3461205669
-1191.2	31105.2290628389
-1190.8	31106.1299720895
-1190.4	31107.0199731213
-1190	31107.9408192806
-1189.6	31108.8490672246
-1189.2	31109.7431094052
-1188.8	31110.6474159204
-1188.4	31111.5566044081
-1188	31112.4437158535
-1187.6	31113.3264202569
-1187.2	31114.2324703937
-1186.8	31115.1404442278
-1186.4	31116.0399575538
-1186	31116.9407116926
-1185.6	31117.8600952724
-1185.2	31118.7429889424
-1184.8	31119.6376510382
-1184.4	31120.5352758818
-1184	31121.444701428
-1183.6	31122.3241415742
-1183.2	31123.2401966945
-1182.8	31124.1270880225
-1182.4	31125.0181697197
-1182	31125.9375292294
-1181.6	31126.8013640414
-1181.2	31127.7032293751
-1180.8	31128.6038027694
-1180.4	31129.4964987123
-1180	31130.3803475346
-1179.6	31131.2790785378
-1179.2	31132.1628270385
-1178.8	31133.0616258238
-1178.4	31133.9508857572
-1178	31134.8337069934
-1177.6	31135.7135787635
-1177.2	31136.622722089
-1176.8	31137.516769527
-1176.4	31138.4079293075
-1176	31139.3113180467
-1175.6	31140.1897582462
-1175.2	31141.0896859265
-1174.8	31141.9707049086
-1174.4	31142.8551325005
-1174	31143.749236855
-1173.6	31144.6257026447
-1173.2	31145.4894065764
-1172.8	31146.3991297333
-1172.4	31147.2775457212
-1172	31148.16285218
-1171.6	31149.0397051562
-1171.2	31149.9409343814
-1170.8	31150.8195816313
-1170.4	31151.6996545293
-1170	31152.5821835558
-1169.6	31153.4764389355
-1169.2	31154.3633485073
-1168.8	31155.2438611622
-1168.4	31156.125341285
-1168	31157.0119660944
-1167.6	31157.8947103166
-1167.2	31158.7878293225
-1166.8	31159.6685721449
-1166.4	31160.5585807394
-1166	31161.4436354117
-1165.6	31162.3229778095
-1165.2	31163.190211161
-1164.8	31164.0807031396
-1164.4	31164.962908492
-1164	31165.8427996434
-1163.6	31166.7346097352
-1163.2	31167.6196404075
-1162.8	31168.4935741231
-1162.4	31169.381073291
-1162	31170.2429223795
-1161.6	31171.1320555102
-1161.2	31172.020895756
-1160.8	31172.8743693147
-1160.4	31173.7761721435
-1160	31174.6518363358
-1159.6	31175.52059401
-1159.2	31176.3957291027
-1158.8	31177.2939244346
-1158.4	31178.1576415692
-1158	31179.0236010335
-1157.6	31179.8923111826
-1157.2	31180.7814890191
-1156.8	31181.6475128332
-1156.4	31182.5203131484
-1156	31183.3939929868
-1155.6	31184.2773848314
-1155.2	31185.1571543985
-1154.8	31186.0292494512
-1154.4	31186.9084338341
-1154	31187.7980632815
-1153.6	31188.6769647756
-1153.2	31189.5386251237
-1152.8	31190.4100981201
-1152.4	31191.2879556285
-1152	31192.168724815
-1151.6	31193.0385659881
-1151.2	31193.91915873
-1150.8	31194.7998359916
-1150.4	31195.6658719353
-1150	31196.5525816583
