# LinearChain_N256_E-0.4_c6_PerXYZ128_Solvent_001v010.bfm
# MCS: 46000000
# f0: 1.01
# f: 1.00000000948938
# Iteration20
# histogram: [-30001.05 ; 1.05 ; 300021 ]
# 
-249.600000000001	25306.602720603
-249.2	25307.2287741318
-248.800000000002	25307.8483662865
-248.400000000001	25308.4749520197
-248.000000000003	25309.0982387174
-247.600000000001	25309.7244815255
-247.2	25310.3477477768
-246.800000000002	25310.9698183963
-246.400000000001	25311.5945748718
-246.000000000003	25312.2165538527
-245.600000000001	25312.8421888906
-245.2	25313.4640479713
-244.800000000002	25314.0865459084
-244.400000000001	25314.7092578335
-244.000000000003	25315.3336876022
-243.600000000001	25315.9584803703
-243.2	25316.5807238011
-242.800000000002	25317.2050942663
-242.400000000001	25317.8295785697
-242.000000000003	25318.4558969839
-241.600000000001	25319.079117245
-241.2	25319.7001836585
-240.800000000002	25320.3240893819
-240.400000000001	25320.9484246554
-240.000000000003	25321.572319415
-239.600000000001	25322.1938438961
-239.2	25322.8242239638
-238.800000000002	25323.4494311314
-238.400000000001	25324.0709499346
-238.000000000003	25324.6965807036
-237.600000000001	25325.3193806071
-237.2	25325.9412877884
-236.800000000002	25326.568574945
-236.400000000001	25327.1920273456
-236.000000000003	25327.8146093791
-235.600000000001	25328.4401349908
-235.2	25329.0649535628
-234.800000000002	25329.6925307504
-234.400000000001	25330.3131685022
-234.000000000003	25330.9403611148
-233.600000000001	25331.5643893382
-233.2	25332.1880426222
-232.800000000002	25332.8182226268
-232.400000000001	25333.4403318628
-232.000000000003	25334.0698380142
-231.600000000001	25334.6953189649
-231.2	25335.3166042269
-230.800000000002	25335.9365045864
-230.400000000001	25336.5651536139
-230.000000000003	25337.1910065086
-229.600000000001	25337.8143019492
-229.2	25338.439343277
-228.800000000002	25339.0661430593
-228.400000000001	25339.6934660731
-228.000000000003	25340.318901976
-227.600000000001	25340.9415909043
-227.2	25341.5663586721
-226.800000000002	25342.1969441361
-226.400000000001	25342.8166937584
-226.000000000003	25343.4428947349
-225.600000000001	25344.0687639303
-225.2	25344.6949716617
-224.800000000002	25345.3176319665
-224.400000000001	25345.9448211316
-224.000000000003	25346.5697151466
-223.600000000001	25347.1950150998
-223.2	25347.8207558896
-222.800000000002	25348.4429538552
-222.400000000001	25349.0731176302
-222.000000000003	25349.6996249964
-221.600000000001	25350.3264668942
-221.2	25350.9532680019
-220.800000000002	25351.5785848936
-220.400000000001	25352.2012033147
-220.000000000003	25352.827962981
-219.600000000001	25353.4523349042
-219.2	25354.0810995515
-218.800000000002	25354.70077776
-218.400000000001	25355.3281931007
-218.000000000003	25355.9540144919
-217.600000000001	25356.5847945668
-217.2	25357.2088268524
-216.800000000002	25357.8355404159
-216.400000000001	25358.4596155047
-216.000000000003	25359.0889383528
-215.600000000001	25359.7149662213
-215.2	25360.3402479039
-214.800000000002	25360.968162092
-214.400000000001	25361.5903022758
-214.000000000003	25362.2244063381
-213.600000000001	25362.8466485704
-213.2	25363.4755830851
-212.800000000002	25364.1025822534
-212.400000000001	25364.7346865255
-212.000000000003	25365.3628386099
-211.600000000001	25365.9893134672
-211.2	25366.6115275579
-210.800000000002	25367.2398471001
-210.400000000001	25367.8733973194
-210.000000000003	25368.5013817765
-209.600000000001	25369.121854009
-209.2	25369.7497734466
-208.800000000002	25370.380319099
-208.400000000001	25371.0049606595
-208.000000000003	25371.6317096401
-207.600000000001	25372.2604810453
-207.2	25372.885003372
-206.800000000002	25373.5155496614
-206.400000000001	25374.1378438663
-206.000000000003	25374.7651539504
-205.600000000001	25375.3940222181
-205.2	25376.019638648
-204.800000000002	25376.6450375451
-204.400000000001	25377.2763337048
-204.000000000003	25377.9015944626
-203.600000000001	25378.5310869181
-203.2	25379.1559290889
-202.800000000002	25379.7840595158
-202.400000000001	25380.4125383987
-202.000000000003	25381.0416186951
-201.600000000001	25381.6663227907
-201.2	25382.2956879374
-200.800000000002	25382.9257022419
-200.400000000001	25383.5512690142
-200.000000000003	25384.1759409722
-199.600000000001	25384.8045957302
-199.2	25385.4308276033
-198.800000000002	25386.0587916256
-198.400000000001	25386.6840526447
-198.000000000003	25387.3119202755
-197.600000000001	25387.9419710705
-197.2	25388.5740245891
-196.800000000002	25389.2001346247
-196.400000000001	25389.8303308183
-196.000000000003	25390.4627330592
-195.600000000001	25391.0927559695
-195.2	25391.7199923924
-194.800000000002	25392.3531552873
-194.400000000001	25392.985501546
-194.000000000003	25393.6139960939
-193.600000000001	25394.2389732455
-193.2	25394.8699849726
-192.800000000002	25395.5002316315
-192.400000000001	25396.1305899545
-192.000000000003	25396.7622750395
-191.600000000001	25397.3869282639
-191.2	25398.0162121668
-190.800000000002	25398.6488765261
-190.400000000001	25399.2810468095
-190.000000000003	25399.9085677898
-189.600000000001	25400.5418177456
-189.2	25401.1709115086
-188.800000000002	25401.7996146167
-188.400000000001	25402.4289158917
-188.000000000003	25403.0560463368
-187.600000000001	25403.6868436912
-187.2	25404.316457926
-186.800000000002	25404.9485215733
-186.400000000001	25405.5747055649
-186.000000000003	25406.2032178717
-185.600000000001	25406.8390473542
-185.2	25407.4717070412
-184.800000000002	25408.0952881303
-184.400000000001	25408.7300790664
-184.000000000003	25409.3544816423
-183.600000000001	25409.9867189142
-183.2	25410.6169252634
-182.800000000002	25411.2473047109
-182.400000000001	25411.8713918842
-182.000000000003	25412.5038619984
-181.600000000001	25413.1318069569
-181.2	25413.7611153222
-180.800000000002	25414.3954731827
-180.400000000001	25415.0212860811
-180.000000000003	25415.6529617043
-179.600000000001	25416.2855116817
-179.2	25416.9144831683
-178.800000000002	25417.5454719109
-178.400000000001	25418.1780491833
-178.000000000003	25418.8061341394
-177.600000000001	25419.4405645095
-177.2	25420.070441626
-176.800000000002	25420.6997801371
-176.400000000001	25421.3322739141
-176.000000000003	25421.9617983723
-175.600000000001	25422.5946771562
-175.2	25423.2253406887
-174.800000000002	25423.8557137303
-174.400000000001	25424.4873379377
-174.000000000003	25425.1206846484
-173.600000000001	25425.7488801834
-173.2	25426.3853171402
-172.800000000002	25427.0175231667
-172.400000000001	25427.6508915691
-172.000000000003	25428.2791060626
-171.600000000001	25428.9099103879
-171.2	25429.5471775191
-170.800000000002	25430.1752295873
-170.400000000001	25430.8088707692
-170.000000000003	25431.4391591002
-169.600000000001	25432.0704346824
-169.2	25432.7029834794
-168.800000000002	25433.332155953
-168.400000000001	25433.9658005034
-168.000000000003	25434.5964209882
-167.600000000001	25435.2287669425
-167.2	25435.8566239671
-166.800000000002	25436.4884912362
-166.400000000001	25437.1218223756
-166.000000000003	25437.7562846112
-165.600000000001	25438.3885211859
-165.2	25439.0220289938
-164.800000000002	25439.6561543912
-164.400000000001	25440.2876293548
-164.000000000003	25440.9194260801
-163.600000000001	25441.5488461452
-163.2	25442.1825068771
-162.800000000002	25442.813064295
-162.400000000001	25443.4498432472
-162.000000000003	25444.0787831822
-161.600000000001	25444.7056928147
-161.2	25445.3385568907
-160.800000000002	25445.9675105195
-160.400000000001	25446.5970363219
-160.000000000003	25447.2278225803
-159.600000000001	25447.8576389256
-159.2	25448.490384313
-158.800000000002	25449.1200967056
-158.400000000001	25449.7494816441
-158.000000000003	25450.3814736371
-157.600000000001	25451.0122764596
-157.2	25451.6428911881
-156.800000000002	25452.2725884069
-156.400000000001	25452.9015188099
-156.000000000003	25453.5306236543
-155.600000000001	25454.1601061153
-155.2	25454.7903406624
-154.800000000002	25455.4202951345
-154.400000000001	25456.0520452858
-154.000000000003	25456.6836111117
-153.600000000001	25457.3153284992
-153.2	25457.9433884682
-152.800000000002	25458.5701364454
-152.400000000001	25459.2021477844
-152.000000000003	25459.8331722059
-151.600000000001	25460.4668148977
-151.2	25461.0977543717
-150.800000000002	25461.7272511071
-150.400000000001	25462.3578887499
-150.000000000003	25462.983776629
-149.600000000001	25463.615551257
-149.2	25464.2436349341
-148.800000000002	25464.8781158109
-148.400000000001	25465.5056000116
-148.000000000003	25466.136795158
-147.600000000001	25466.7641719388
-147.2	25467.3916900192
-146.800000000002	25468.0219572375
-146.400000000001	25468.6502044763
-146.000000000003	25469.2772626246
-145.600000000001	25469.9042541728
-145.2	25470.5327356982
-144.800000000002	25471.1606616927
-144.400000000001	25471.7886846274
-144.000000000003	25472.4192112748
-143.600000000001	25473.045966195
-143.2	25473.6722036303
-142.800000000002	25474.3009976187
-142.400000000001	25474.9281191524
-142.000000000003	25475.5513989582
-141.600000000001	25476.1792029158
-141.2	25476.803360122
-140.800000000002	25477.4296774953
-140.400000000001	25478.0609162593
-140.000000000003	25478.6873809437
-139.600000000001	25479.3138894505
-139.2	25479.9392653918
-138.800000000002	25480.5647045366
-138.400000000001	25481.1920505168
-138.000000000003	25481.816112242
-137.600000000001	25482.444297386
-137.2	25483.064295373
-136.800000000002	25483.6878235556
-136.400000000001	25484.3152475559
-136.000000000003	25484.9389258949
-135.600000000001	25485.5652730845
-135.2	25486.1859748341
-134.800000000002	25486.8079412889
-134.400000000001	25487.4341426979
-134.000000000003	25488.058277025
-133.600000000001	25488.6807196826
-133.2	25489.2996367583
-132.800000000002	25489.9278174213
-132.400000000001	25490.5483202304
-132.000000000003	25491.1724348648
-131.600000000001	25491.7962098055
-131.2	25492.4204370356
-130.800000000002	25493.0468914541
-130.400000000001	25493.6665088287
-130.000000000003	25494.2908792924
-129.600000000001	25494.9075476968
-129.2	25495.5305816061
-128.800000000002	25496.1510342846
-128.400000000001	25496.7734060794
-128.000000000003	25497.3938928938
-127.600000000001	25498.0152147866
-127.2	25498.6343012452
-126.800000000002	25499.2565372604
-126.400000000001	25499.8757033405
-126.000000000003	25500.4918476477
-125.600000000001	25501.113403247
-125.2	25501.7321231673
-124.800000000002	25502.3530557367
-124.400000000001	25502.9718022651
-124.000000000003	25503.5914991151
-123.600000000001	25504.20931787
-123.2	25504.8283045851
-122.800000000002	25505.4512438112
-122.400000000001	25506.068376985
-122.000000000003	25506.6837181629
-121.600000000001	25507.301614135
-121.2	25507.9224516484
-120.800000000002	25508.5348961416
-120.400000000001	25509.1562354563
-120.000000000003	25509.7684198384
-119.600000000001	25510.3862183307
-119.2	25511.0061774574
-118.800000000002	25511.6240781004
-118.400000000001	25512.2454225774
-118.000000000003	25512.8580479603
-117.600000000001	25513.4747987857
-117.2	25514.0884661337
-116.800000000002	25514.7013905675
-116.400000000001	25515.3144390956
-116.000000000003	25515.9312552041
-115.600000000001	25516.5400940736
-115.2	25517.1578973242
-114.800000000002	25517.7664033303
-114.400000000001	25518.3787733466
-114.000000000003	25518.9916618465
-113.600000000001	25519.6026335798
-113.2	25520.2180447757
-112.800000000002	25520.8298261326
-112.400000000001	25521.442243804
-112.000000000003	25522.0566552993
-111.600000000001	25522.6632981784
-111.2	25523.2735690139
-110.800000000002	25523.8781331661
-110.400000000001	25524.4899146461
-110.000000000003	25525.097902497
-109.600000000001	25525.7130894575
-109.2	25526.3235213168
-108.800000000002	25526.9291607309
-108.400000000001	25527.5328308321
-108.000000000003	25528.1443117479
-107.600000000001	25528.7497682265
-107.2	25529.3615725863
-106.800000000002	25529.9626996014
-106.400000000001	25530.5689389065
-106.000000000003	25531.176762263
-105.600000000001	25531.7795152416
-105.2	25532.3856307714
-104.800000000002	25532.993226798
-104.400000000001	25533.5941309789
-104.000000000003	25534.1980241016
-103.600000000001	25534.8021090823
-103.2	25535.4065899498
-102.800000000002	25536.0079809836
-102.400000000001	25536.6158128456
-102.000000000003	25537.2179040263
-101.600000000001	25537.818322947
-101.2	25538.424490004
-100.800000000002	25539.0267458451
-100.400000000001	25539.6322777634
-100.000000000003	25540.2340882566
-99.6000000000015	25540.8330012992
-99.2	25541.4357823958
-98.8000000000022	25542.032565459
-98.4000000000007	25542.6346704741
-98.0000000000029	25543.2366911931
-97.6000000000015	25543.8387291241
-97.2	25544.4411633034
-96.8000000000022	25545.0369310384
-96.4000000000007	25545.6413449808
-96.0000000000029	25546.2386967658
-95.6000000000015	25546.840903849
-95.2	25547.4373525879
-94.8000000000022	25548.0362721811
-94.4000000000007	25548.6332399728
-94.0000000000029	25549.2307495632
-93.6000000000015	25549.8251369567
-93.2	25550.4184644109
-92.8000000000022	25551.0111321649
-92.4000000000007	25551.6039746152
-92.0000000000029	25552.1962130305
-91.6000000000015	25552.789534234
-91.2	25553.3810481533
-90.8000000000022	25553.9744300541
-90.4000000000007	25554.5621816061
-90.0000000000029	25555.1518614281
-89.6000000000015	25555.7447918312
-89.2	25556.3349984735
-88.8000000000022	25556.9253030064
-88.4000000000007	25557.515969065
-88.0000000000029	25558.1066272421
-87.6000000000015	25558.6932671465
-87.2	25559.2841333434
-86.8000000000022	25559.8725762424
-86.4000000000007	25560.4631716783
-86.0000000000029	25561.0525470609
-85.6000000000015	25561.6419700141
-85.2	25562.2232525529
-84.8000000000022	25562.8098580347
-84.4000000000007	25563.3961233385
-84.0000000000029	25563.9807568845
-83.6000000000015	25564.5657373367
-83.2	25565.1415630937
-82.8000000000022	25565.7296637102
-82.4000000000007	25566.3124505981
-82.0000000000029	25566.8940832006
-81.6000000000015	25567.473629028
-81.2	25568.056383072
-80.8000000000022	25568.6402839092
-80.4000000000007	25569.214013711
-80.0000000000029	25569.7957345965
-79.6000000000015	25570.3739884303
-79.2	25570.9474542005
-78.8000000000022	25571.5278257081
-78.4000000000007	25572.1020545381
-78.0000000000029	25572.681814842
-77.6000000000015	25573.2553983482
-77.2	25573.8313173101
-76.8000000000022	25574.4088753622
-76.4000000000007	25574.9833836341
-76.0000000000029	25575.5588569922
-75.6000000000015	25576.1278004004
-75.2	25576.7016546083
-74.8000000000022	25577.2722475222
-74.4000000000007	25577.848627618
-74.0000000000029	25578.4165934717
-73.6000000000015	25578.9890943032
-73.2	25579.5558875213
-72.8000000000022	25580.1252789896
-72.4000000000007	25580.6942287626
-72.0000000000029	25581.2647030171
-71.6000000000015	25581.8312933072
-71.2	25582.4031526151
-70.8000000000022	25582.9651006635
-70.4000000000007	25583.5327903622
-70.0000000000029	25584.0927863526
-69.6000000000015	25584.6596206949
-69.2	25585.2263069256
-68.8000000000022	25585.7910017949
-68.4000000000007	25586.3485707277
-68.0000000000029	25586.9126509254
-67.6000000000015	25587.4723398225
-67.2	25588.0308285221
-66.8000000000022	25588.5895608393
-66.4000000000007	25589.1519454182
-66.0000000000029	25589.7056599822
-65.6000000000015	25590.2640905627
-65.2	25590.8175755606
-64.8000000000022	25591.3768230162
-64.4000000000007	25591.9322890407
-64.0000000000029	25592.482611952
-63.6000000000015	25593.0358770689
-63.2	25593.5874115055
-62.8000000000022	25594.1368425501
-62.4000000000007	25594.6967045169
-62.0000000000029	25595.2449755184
-61.6000000000015	25595.7949265129
-61.2	25596.3449459804
-60.8000000000022	25596.8887081918
-60.4000000000007	25597.4313968402
-60.0000000000029	25597.9775830661
-59.6000000000015	25598.5256658148
-59.2	25599.0699585008
-58.8000000000022	25599.6133053086
-58.4000000000007	25600.1620098418
-58.0000000000029	25600.7016509116
-57.6000000000015	25601.2440897569
-57.2	25601.7838634531
-56.8000000000022	25602.3265084871
-56.4000000000007	25602.8576750237
-56.0000000000029	25603.401381823
-55.6000000000015	25603.9350346666
-55.2	25604.4681808317
-54.8000000000022	25605.0095975336
-54.4000000000007	25605.542392285
-54.0000000000029	25606.0776000673
-53.6000000000015	25606.6047815308
-53.2	25607.1366203657
-52.8000000000022	25607.6713149874
-52.4000000000007	25608.1988886662
-52.0000000000029	25608.7225690171
-51.6000000000015	25609.2544633533
-51.2	25609.780281099
-50.8000000000022	25610.3029919036
-50.4000000000007	25610.8246784908
-50.0000000000029	25611.3442947715
-49.6000000000015	25611.868015995
-49.2	25612.3914374162
-48.8000000000022	25612.9082647593
-48.4000000000007	25613.4267128666
-48.0000000000029	25613.9423723159
-47.6000000000015	25614.4595225942
-47.2	25614.975748755
-46.8000000000022	25615.4884952253
-46.4000000000007	25616.0059263209
-46.0000000000029	25616.5171248771
-45.6000000000015	25617.0289562026
-45.2	25617.5448387487
-44.8000000000022	25618.0572066998
-44.4000000000007	25618.5651887566
-44.0000000000029	25619.0768132354
-43.6000000000015	25619.5827667948
-43.2	25620.0798860653
-42.8000000000022	25620.5849322682
-42.4000000000007	25621.0855416602
-42.0000000000029	25621.5814464623
-41.6000000000015	25622.0804850205
-41.2	25622.5761549385
-40.8000000000022	25623.0666101667
-40.4000000000007	25623.5642817135
-40.0000000000029	25624.057797593
-39.6000000000015	25624.5451541703
-39.2	25625.0368326129
-38.8000000000022	25625.525247428
-38.4000000000007	25626.0125871428
-38.0000000000029	25626.4929915429
-37.6000000000015	25626.9820943809
-37.2	25627.4610298291
-36.8000000000022	25627.9433831672
-36.4000000000007	25628.4218485217
-36.0000000000029	25628.9039636009
-35.6000000000015	25629.380349212
-35.2	25629.8519991417
-34.8000000000022	25630.3222641413
-34.4000000000007	25630.7918830961
-34.0000000000029	25631.2653087838
-33.6000000000015	25631.7298312356
-33.2	25632.19589557
-32.8000000000022	25632.6669020244
-32.4000000000007	25633.1266454112
-32.0000000000029	25633.5853467196
-31.6000000000015	25634.0378927119
-31.2	25634.4957166651
-30.8000000000022	25634.948832368
-30.4000000000007	25635.404918066
-30.0000000000029	25635.8555535458
-29.6000000000015	25636.3044438565
-29.2	25636.752035258
-28.8000000000022	25637.1988356742
-28.4000000000007	25637.6388296003
-28.0000000000029	25638.0810015314
-27.6000000000015	25638.5234009725
-27.2	25638.9565933229
-26.8000000000022	25639.3897684103
-26.4000000000007	25639.8216084732
-26.0000000000029	25640.2466218856
-25.6000000000015	25640.6711426276
-25.2	25641.1013873257
-24.8000000000022	25641.5129811339
-24.4000000000007	25641.9368123591
-24.0000000000029	25642.3514984009
-23.6000000000015	25642.7723477145
-23.2	25643.1797015188
-22.8000000000022	25643.5925846246
-22.4000000000007	25643.9962103229
-22.0000000000029	25644.4036504853
-21.6000000000015	25644.7997971617
-21.2	25645.1924208052
-20.8000000000022	25645.5900418309
-20.4000000000007	25645.9794910683
-20.0000000000029	25646.3689669523
-19.6000000000015	25646.7569978002
-19.2	25647.1273848127
-18.8000000000022	25647.5019297777
-18.4000000000007	25647.8675044688
-18.0000000000029	25648.2480285214
-17.6000000000015	25648.6055836726
-17.2	25648.9696873458
-16.8000000000022	25649.3166648173
-16.4000000000007	25649.6768697634
-16.0000000000029	25650.0168519089
-15.6000000000015	25650.366163485
-15.2	25650.7008966979
-14.8000000000022	25651.0394762468
-14.4000000000007	25651.3728307452
-14.0000000000029	25651.700180748
-13.6000000000015	25652.0211373234
-13.2	25652.3334207038
-12.8000000000022	25652.6441856583
-12.4000000000007	25652.9453287625
-12.0000000000029	25653.2500455532
-11.6000000000015	25653.5450538274
-11.2	25653.8352794418
-10.8000000000022	25654.1165741834
-10.4000000000007	25654.388430543
-10.0000000000029	25654.6491686914
-9.60000000000145	25654.9166645433
-9.2	25655.1623960242
-8.80000000000218	25655.4009652186
-8.40000000000073	25655.6310781538
-8.00000000000291	25655.8632171173
-7.60000000000146	25656.0694198468
-7.2	25656.277446457
-6.80000000000218	25656.4702750238
-6.40000000000073	25656.6470794729
-6.00000000000291	25656.8151775571
-5.60000000000146	25656.9794193821
-5.2	25657.1083625296
-4.80000000000218	25657.235170013
-4.40000000000073	25657.3305847673
-4.00000000000291	25657.4256434069
-3.60000000000146	25657.4777137551
-3.2	25657.5225198638
-2.80000000000218	25657.5045002249
-2.40000000000073	25657.5022681422
-2.00000000000291	25657.3867782299
-1.60000000000146	25657.3184341598
-1.2	25657.0537576083
-0.800000000002183	25656.9166061821
-0.400000000000728	25656.3224992593
-2.91038720900971e-12	25656.042146022
