# 
# registered features: 
# 
# FeatureMoleculesIO
# 	Number of monomers: 40
# 	max connectivity: 7
# FeatureBox
# FeatureBondset<FastBondset>
# FeatureLattice<bool>
# FeatureExcludedVolumeSc<FeatureLattice<bool> >
# 
# not registered features: 
# 
# #!version
# 
# Created by AnalyzerRadiusOfGyration
# file contains time series of average Rg_squared (Rg2) over all analyzed groups
# format: mcs	 Rg2X	 Rg2Y	 Rg2Z	 Rg2Total

100000	15.5475	9.09	49.0694	73.7069	
150000	14.3944	8.36938	62.3194	85.0831	
200000	8.29	36.19	20.5375	65.0175	
250000	17.2875	38.7975	19.5375	75.6225	
300000	137.669	66.6244	16.9275	221.221	
350000	16.4744	33.2694	22.05	71.7938	
400000	24.6444	12.0944	43.4244	80.1631	
450000	22.9244	79.1494	24.2844	126.358	
500000	22.3975	8.3	20.49	51.1875	
550000	74.96	16.59	8.09437	99.6444	
600000	8.9975	19.6	82.6475	111.245	
650000	18.9975	29.1875	39.2475	87.4325	
700000	8.9275	29.06	15.1275	53.115	
750000	43.2244	31.1275	32.8944	107.246	
800000	46.5344	15.1944	24.3944	86.1231	
850000	9.16937	96.7694	12.8244	118.763	
900000	67.24	22.64	10.3275	100.208	
950000	31.49	81.6844	18.6194	131.794	
1e+06	25.7094	76.3494	23.6194	125.678	
1.05e+06	18.09	57.66	15.0444	90.7944	
1.1e+06	15.2994	17.1944	21.4375	53.9313	
1.15e+06	68.1244	4.2775	44.84	117.242	
1.2e+06	53.9275	41.1475	36.91	131.985	
1.25e+06	60.5844	20.8444	27.96	109.389	
1.3e+06	11.4994	5.84	40.0494	57.3888	
1.35e+06	19.7244	40.9094	11.2494	71.8831	
1.4e+06	8.07437	10.41	48.3594	66.8438	
1.45e+06	26.5244	47.2275	15.4944	89.2463	
1.5e+06	13.8694	36.11	114.327	164.307	
1.55e+06	77.0344	15.5944	18.9694	111.598	
1.6e+06	49.3194	44.2275	9.10938	102.656	
1.65e+06	27.1944	19.4775	17.3775	64.0494	
1.7e+06	39.0194	11.0494	17.7775	67.8462	
1.75e+06	76.0494	19.6475	25.0475	120.744	
1.8e+06	11.8744	10.2944	52.8194	74.9881	
1.85e+06	20.8975	20.3875	45.4944	86.7794	
1.9e+06	48.16	10.8744	14.4744	73.5087	
1.95e+06	11.26	10.44	15.21	36.91	
2e+06	24.41	19.1494	9.72438	53.2837	
2.05e+06	7.54437	66.9944	33.9275	108.466	
2.1e+06	26.7275	14.2344	42.6494	83.6113	
2.15e+06	12.7344	19.2444	70.7244	102.703	
2.2e+06	43.4244	14.0244	53.5694	111.018	
2.25e+06	77.8244	39.79	4.66	122.274	
2.3e+06	18.0275	130.528	10.7775	159.333	
2.35e+06	7.9475	112.374	8.54438	128.866	
2.4e+06	11.5375	62.5875	32.9944	107.119	
2.45e+06	59.6275	7.74938	36.2244	103.601	
2.5e+06	44.2344	43.3244	28.5994	116.158	
2.55e+06	27.9275	16.2475	46.6694	90.8444	
2.6e+06	16.11	25.4194	16.54	58.0694	
2.65e+06	59.91	4.61	87.31	151.83	
2.7e+06	25.0475	18.7275	79.56	123.335	
2.75e+06	21.7994	60.0194	26.7344	108.553	
2.8e+06	18.46	15.7975	29.2994	63.5569	
2.85e+06	77.9244	11.1694	24.04	113.134	
2.9e+06	41.1244	22.8494	64.4344	128.408	
2.95e+06	13.3944	15.8994	16.5244	45.8181	
3e+06	18.9194	19.21	44.8994	83.0288	
3.05e+06	26.9594	11.06	19.6475	57.6669	
3.1e+06	18.4	29.5275	7.3875	55.315	
3.15e+06	27.8694	25.0344	21.7775	74.6813	
3.2e+06	8.6475	92.5875	58.2694	159.504	
3.25e+06	68.31	27.0744	43.1444	138.529	
3.3e+06	58.1744	15.8244	20.1194	94.1181	
3.35e+06	12.49	36.0344	23.14	71.6644	
3.4e+06	54.9844	42.16	8.3375	105.482	
3.45e+06	16.76	7.64	95.4375	119.838	
3.5e+06	17.4744	25.4975	48.0444	91.0162	
3.55e+06	12.6	29.4844	9.3775	51.4619	
3.6e+06	44.31	33.71	8.28438	86.3044	
3.65e+06	17.5244	14.1475	12.1694	43.8413	
3.7e+06	19.2494	76.94	19.6744	115.864	
3.75e+06	39.9375	24.05	10.6244	74.6119	
3.8e+06	17.14	26.7494	23.4944	67.3838	
3.85e+06	8.54438	28.5475	94.2975	131.389	
3.9e+06	55.0844	24.26	40.2094	119.554	
3.95e+06	47.1744	9.64937	53.25	110.074	
4e+06	18.9775	22.3244	18.6744	59.9763	
4.05e+06	39.5475	49.36	8.64438	97.5519	
4.1e+06	38.96	13.61	44.0494	96.6194	
4.15e+06	7.4475	12.8944	35.6694	56.0113	
4.2e+06	19.49	13.1475	18.4975	51.135	
4.25e+06	26.6494	9.4275	22.0275	58.1044	
4.3e+06	14.8275	27.3975	27.1875	69.4125	
4.35e+06	22.2594	19.0094	57.2944	98.5631	
4.4e+06	20.7744	47.6	5.24438	73.6188	
4.45e+06	111.35	4.41938	7.69	123.459	
4.5e+06	38.1494	7.26	25.06	70.4694	
4.55e+06	83.3594	4.84	41.3994	129.599	
4.6e+06	13.8594	72.0975	30.3744	116.331	
4.65e+06	9.8375	118.64	10.4944	138.972	
4.7e+06	8.62438	7.9375	79.2275	95.7894	
4.75e+06	17.9875	10.2775	147.369	175.634	
4.8e+06	31.9444	30.0975	18.2194	80.2613	
4.85e+06	45.4844	39.4975	31.0444	116.026	
4.9e+06	39	23.2444	93.3244	155.569	
4.95e+06	17.6594	202.344	69.4244	289.428	
5e+06	15.31	15.7975	57.9094	89.0169	
5.05e+06	5.4475	34.0244	16.8844	56.3563	
5.1e+06	35.6094	11.56	9.8975	57.0669	
5.15e+06	19.61	32.4944	16.3244	68.4288	
5.2e+06	18.89	21.1194	28.7944	68.8038	
5.25e+06	101.798	33.3744	6.84	142.012	
5.3e+06	19.5494	35.4694	62.1694	117.188	
5.35e+06	85.1444	37.7444	2.94937	125.838	
5.4e+06	10.7275	9.69938	72.1	92.5269	
5.45e+06	5.39437	16.3994	105.75	127.544	
5.5e+06	37.4694	76.0875	20.9094	134.466	
5.55e+06	22.86	5.44937	9.7475	38.0569	
5.6e+06	19.45	163.449	29.8775	212.777	
5.65e+06	19.65	57.65	42.16	119.46	
5.7e+06	24.0775	34.1275	33.0944	91.2994	
5.75e+06	40.0475	13.24	30.31	83.5975	
5.8e+06	23.1975	11.0194	42.6275	76.8444	
5.85e+06	73.5444	42.4494	15.71	131.704	
5.9e+06	11.3344	32.7275	39.0975	83.1594	
5.95e+06	23.6994	17.5944	37.1744	78.4681	
6e+06	23.5944	10.7744	15.2275	49.5962	
6.05e+06	21.9194	22.1475	8.1875	52.2544	
6.1e+06	41.7694	54.4494	18.3244	114.543	
6.15e+06	86.74	13.9775	59.26	159.978	
6.2e+06	70.9475	4.06	70.25	145.258	
6.25e+06	80.8594	13.8775	24.9844	119.721	
6.3e+06	56.3194	12.4775	47.8494	116.646	
6.35e+06	16.3494	41.5775	10.5994	68.5263	
6.4e+06	82.66	37.5344	12.5694	132.764	
6.45e+06	56.66	43.2994	109.9	209.859	
6.5e+06	35.86	41.1275	17.79	94.7775	
6.55e+06	46.0994	11.4875	29.1094	86.6963	
6.6e+06	30.8444	47.51	29.3875	107.742	
6.65e+06	33	22.71	21.0694	76.7794	
6.7e+06	50.2244	40.5	17.86	108.584	
6.75e+06	11.2775	6.92438	17.46	35.6619	
6.8e+06	4.31	52.2694	62.9194	119.499	
6.85e+06	66.8994	70.0844	11.3375	148.321	
6.9e+06	21.04	12.3444	43.0194	76.4038	
6.95e+06	107.138	30.2275	25.8944	163.259	
7e+06	103.89	9.34	21.71	134.94	
7.05e+06	15.1275	13.6775	10.4975	39.3025	
7.1e+06	76.1475	3.91938	9.79437	89.8612	
7.15e+06	27.35	26.5944	29.9694	83.9137	
7.2e+06	53.84	6.64938	13.34	73.8294	
7.25e+06	76.2944	6.8875	23.4594	106.641	
7.3e+06	12.4094	13.8944	67.5475	93.8513	
7.35e+06	6.92438	228.524	7.70938	243.158	
7.4e+06	68.66	13.8994	15.71	98.2694	
7.45e+06	40.0944	31.4944	12.8744	84.4631	
7.5e+06	98.7244	19.36	8.9375	127.022	
7.55e+06	24.15	23.09	16.2944	63.5344	
7.6e+06	7.03438	18.2444	81.6194	106.898	
7.65e+06	32.0744	13.0975	12.1994	57.3713	
7.7e+06	46.5475	70.6694	38.7494	155.966	
7.75e+06	8.89937	25.9094	68.0744	102.883	
7.8e+06	44.2094	39.9994	28.4275	112.636	
7.85e+06	108.978	3.2775	18.2775	130.533	
7.9e+06	18.1944	14.5344	26.4475	59.1763	
7.95e+06	26.3944	12.8975	30.69	69.9819	
8e+06	20.4875	4.76	18.46	43.7075	
8.05e+06	24.2875	73.91	36.0194	134.217	
8.1e+06	18.76	41.3775	15.31	75.4475	
8.15e+06	8.8775	7.95938	17.6194	34.4562	
8.2e+06	7.09937	44.56	114.799	166.459	
8.25e+06	31.4475	16.79	23.2694	71.5069	
8.3e+06	18.0475	35.0494	39.6744	92.7713	
8.35e+06	28	37.9494	79.3494	145.299	
8.4e+06	10.4244	25.4944	77.7	113.619	
8.45e+06	37.2975	17.44	48.2494	102.987	
8.5e+06	51.7	26.46	11.1244	89.2844	
8.55e+06	17.5	48.3744	40.2444	106.119	
8.6e+06	50.4944	9.79	20.14	80.4244	
8.65e+06	12.41	29.3094	24.2994	66.0188	
8.7e+06	9.03438	9.84938	30.2444	49.1281	
8.75e+06	48.5994	6.8275	35.3244	90.7513	
8.8e+06	13.0344	16.9475	70.89	100.872	
8.85e+06	11.9244	13.3194	104.374	129.618	
8.9e+06	15.39	74.7944	32.2694	122.454	
8.95e+06	4.15937	35.7594	24.1694	64.0881	
9e+06	39.8875	18.7194	27.9994	86.6063	
9.05e+06	6.34938	19.2275	93.2694	118.846	
9.1e+06	17.3094	37.06	13.8844	68.2538	
9.15e+06	114.024	6.46937	5.69437	126.188	
9.2e+06	96.1694	27.8244	24.1875	148.181	
9.25e+06	79.9594	6.89	18.21	105.059	
9.3e+06	45.6475	34.2694	6.64	86.5569	
9.35e+06	43.3944	6.0375	14.8344	64.2663	
9.4e+06	77.2775	17.5094	13.8244	108.611	
9.45e+06	25.3194	38.5275	10.0975	73.9444	
9.5e+06	32.65	24.0444	26.81	83.5044	
9.55e+06	8.4275	27.1275	15.5094	51.0644	
9.6e+06	45.9494	8.26	68.6994	122.909	
9.65e+06	59.7744	11.5844	52.0944	123.453	
9.7e+06	11.4275	23.1975	43.4344	78.0594	
9.75e+06	3.8975	75.59	154.494	233.982	
9.8e+06	35.7094	61.0744	8.5475	105.331	
9.85e+06	76.1975	26.9694	25.45	128.617	
9.9e+06	20.59	10.8744	40.1275	71.5919	
9.95e+06	10.3994	17.8744	14.8744	43.1481	
1e+07	27.61	23.8275	13.3975	64.835	
1.005e+07	47.89	26.9375	34.69	109.518	
1.01e+07	52.6494	29.26	14.5994	96.5087	
1.015e+07	31.2244	23.0275	35.2194	89.4712	
1.02e+07	20.0344	19.3344	30.0944	69.4631	
1.025e+07	72.0875	51.5275	8.24	131.855	
1.03e+07	19.4475	12.6944	24.11	56.2519	
1.035e+07	64.4275	26.7594	24.5744	115.761	
1.04e+07	35.3744	16.7494	26.7875	78.9112	
1.045e+07	28.3875	46.24	28.1944	102.822	
1.05e+07	14.3975	39.7944	12.3944	66.5863	
1.055e+07	24.7444	21.2444	18.24	64.2287	
1.06e+07	93.7475	8.79	23.8194	126.357	
1.065e+07	58.05	15.9994	61.3375	135.387	
1.07e+07	14.39	31.1275	12.2944	57.8119	
1.075e+07	183.869	25.0444	7.45938	216.373	
1.08e+07	28.1694	16.11	57.1875	101.467	
1.085e+07	34.2244	28.7694	24.3875	87.3812	
1.09e+07	24.05	16.2875	41.8494	82.1869	
1.095e+07	50.0444	12.3775	11.2694	73.6913	
1.1e+07	35.6	38.69	19.8975	94.1875	
1.105e+07	18.5994	6.70938	28.7944	54.1031	
1.11e+07	17.4444	25.1694	28.5475	71.1612	
1.115e+07	13.5844	19.8475	32.8775	66.3094	
1.12e+07	30.3475	79.16	19.2844	128.792	
1.125e+07	28.0594	49.5444	39.7244	117.328	
1.13e+07	42.0944	35.24	12.3844	89.7188	
1.135e+07	31.8975	7.99937	47.7994	87.6963	
1.14e+07	31.24	13.7244	23.06	68.0244	
1.145e+07	17.2444	16.26	18.9975	52.5019	
1.15e+07	12.49	27.3094	20.9494	60.7488	
1.155e+07	41.5094	36.5775	73.2444	151.331	
1.16e+07	8.64	44.21	96.3444	149.194	
1.165e+07	68.1094	15.8244	34.1744	118.108	
1.17e+07	24.3694	33.6694	12.6375	70.6762	
1.175e+07	55.81	22.0694	76.65	154.529	
1.18e+07	28.31	21.34	50.0744	99.7244	
1.185e+07	6.4275	22.2275	26.4944	55.1494	
1.19e+07	84.6975	10.4494	18.7694	113.916	
1.195e+07	23.85	7.29	47.8475	78.9875	
1.2e+07	42.1594	21.6775	52.1694	116.006	
1.205e+07	13.1244	13.0844	57.54	83.7488	
1.21e+07	27.8694	13.3594	23.7375	64.9663	
1.215e+07	48.5094	46.11	32.2975	126.917	
1.22e+07	19.1094	38.5975	9.0375	66.7444	
1.225e+07	41.64	24.7275	55.4475	121.815	
1.23e+07	33.81	14.2275	4.69	52.7275	
1.235e+07	28.4994	51.9494	18.41	98.8587	
1.24e+07	16.9275	49.6994	4.64437	71.2712	
1.245e+07	14.5244	8.49438	17.64	40.6588	
1.25e+07	11.1694	58.9475	36.0875	106.204	
1.255e+07	34.6444	8.19437	56.66	99.4988	
1.26e+07	12.4444	6.27438	23.9875	42.7063	
1.265e+07	12.2875	26.14	50.5844	89.0119	
1.27e+07	27.9744	15.6994	30.1944	73.8681	
1.275e+07	26.3375	6.04	19.76	52.1375	
1.28e+07	11.64	5.48438	47.5444	64.6688	
1.285e+07	21.14	26.9994	11.3775	59.5169	
1.29e+07	42.3375	41.9944	53.8844	138.216	
1.295e+07	12.2944	17.6494	60.1994	90.1431	
1.3e+07	24.9275	11.0444	61.8	97.7719	
1.305e+07	55.4975	48.1494	25.0944	128.741	
1.31e+07	123.398	35.9	12.5944	171.892	
1.315e+07	25.7875	10.6094	91.06	127.457	
1.32e+07	15.5375	60.0775	38.1475	113.763	
1.325e+07	36.86	8.7775	33.54	79.1775	
1.33e+07	136.677	11.7994	5.9275	154.404	
1.335e+07	36.2244	13.96	19.65	69.8344	
1.34e+07	73.94	41.3194	47.9444	163.204	
1.345e+07	61.0944	16.45	34.01	111.554	
1.35e+07	36.4444	12.1494	80.5275	129.121	
1.355e+07	21.8944	40.8494	38.0194	100.763	
1.36e+07	50.7775	16.1275	68.6475	135.553	
1.365e+07	54.0975	6.19	9.10938	69.3969	
1.37e+07	23.6775	62.19	29.2444	115.112	
1.375e+07	10.9694	31.9594	41.4194	84.3481	
1.38e+07	10.1194	40.5344	5.54937	56.2031	
1.385e+07	9.99938	12.7194	52.3094	75.0281	
1.39e+07	22.4594	28.1244	25.9975	76.5813	
1.395e+07	13.7194	17.79	22.9475	54.4569	
1.4e+07	11.1944	55.7375	6.61937	73.5513	
1.405e+07	136.309	2.29	40.5244	179.124	
1.41e+07	47.0694	8.51938	125.21	180.799	
1.415e+07	22.1494	21.0694	14.16	57.3788	
1.42e+07	18.9494	20	26.8244	65.7738	
1.425e+07	30.7975	44.0194	12.0744	86.8913	
1.43e+07	36.4694	5.6275	14.7775	56.8744	
1.435e+07	14.0375	33.3694	25.1744	72.5812	
1.44e+07	74.1694	7.75	15.39	97.3094	
1.445e+07	44.4494	17.7444	11.11	73.3038	
1.45e+07	14.8944	12.3494	14.8344	42.0781	
1.455e+07	40.04	54.1694	7.00938	101.219	
1.46e+07	24.5194	9.89437	23.1344	57.5481	
1.465e+07	19.0594	15.06	18.1775	52.2969	
1.47e+07	15.3244	23.6744	8.67437	47.6731	
1.475e+07	18.16	11.6475	13.5475	43.355	
1.48e+07	17.5244	13.8194	21.1275	52.4713	
1.485e+07	4.2975	16.6344	32.5694	53.5013	
1.49e+07	33.3444	16.7475	10.3475	60.4394	
1.495e+07	119.574	9.9	30.9194	160.394	
1.5e+07	18.6994	129.477	18.2975	166.474	
1.505e+07	21.46	36.8375	39.2475	97.545	
1.51e+07	11.9594	25.4994	17.8775	55.3362	
1.515e+07	20.5494	19.61	14.4494	54.6088	
1.52e+07	21.7344	34.6994	16.8475	73.2813	
1.525e+07	20.9694	25.8975	9.4475	56.3144	
1.53e+07	19.2194	7.60938	26.6775	53.5063	
1.535e+07	17.34	87.9475	37.4344	142.722	
1.54e+07	23.0244	89.1775	4.99438	117.196	
1.545e+07	39.6344	30.26	45.06	114.954	
1.55e+07	33.7	34.4094	14.3244	82.4338	
1.555e+07	9.14937	21.5275	94.4094	125.086	
1.56e+07	32.2744	74.0094	12.2494	118.533	
1.565e+07	73.8944	12.7344	31.86	118.489	
1.57e+07	17.89	23.3994	7.37438	48.6637	
1.575e+07	41.99	32.99	15.6775	90.6575	
1.58e+07	16.4444	18.31	88.7475	123.502	
1.585e+07	13.5875	12.1744	47.1494	72.9112	
1.59e+07	40.9444	26.24	24.8475	92.0319	
1.595e+07	29.7244	17.6975	28.1194	75.5412	
1.6e+07	35.9775	26.8475	4.8875	67.7125	
1.605e+07	21.3275	21.9375	64.2375	107.502	
1.61e+07	124.474	14.0994	7.74437	146.318	
1.615e+07	35.0275	19.8244	15.0975	69.9494	
1.62e+07	57.36	9.54937	8.6475	75.5569	
1.625e+07	15.1775	84.6494	85.0975	184.924	
1.63e+07	10.55	26.96	20.4275	57.9375	
1.635e+07	14.6194	23.5875	21.1344	59.3413	
1.64e+07	29.6944	25.5975	6.39937	61.6912	
1.645e+07	20.0994	39.14	9.76	68.9994	
1.65e+07	15.39	66.2375	7.28438	88.9119	
1.655e+07	19.4	18.79	22.5594	60.7494	
1.66e+07	19.6444	13.6275	98.4975	131.769	
1.665e+07	14.1475	15.2244	27.6994	57.0713	
1.67e+07	6.94438	65.31	35.2444	107.499	
1.675e+07	56.85	19.0944	11.5744	87.5187	
1.68e+07	39.8744	20.0875	7.0475	67.0094	
1.685e+07	14.8944	4.6775	62.9944	82.5663	
1.69e+07	5.4875	6.7375	42.79	55.015	
1.695e+07	5.79	13.36	27.61	46.76	
1.7e+07	4.4775	28.9094	48.56	81.9469	
1.705e+07	19.2494	18.8244	15.46	53.5337	
1.71e+07	13.79	16.9844	5.8775	36.6519	
1.715e+07	86.1744	10.1444	7.3475	103.666	
1.72e+07	29.91	23.45	29.7375	83.0975	
1.725e+07	24.01	33.01	14.8194	71.8394	
1.73e+07	19.05	40.6875	11.3744	71.1119	
1.735e+07	5.2775	50.8194	34.84	90.9369	
1.74e+07	22.9775	37.3244	4.01938	64.3213	
1.745e+07	33.66	6.1	16.9944	56.7544	
1.75e+07	17.26	34.0475	28.2775	79.585	
1.755e+07	18.0975	10.1944	80.2775	108.569	
1.76e+07	68.01	81.1094	72.4975	221.617	
1.765e+07	100.574	19.9094	7.16	127.644	
1.77e+07	20.1844	22.7975	12.89	55.8719	
1.775e+07	35.24	17.2775	31.8944	84.4119	
1.78e+07	36.2844	33.66	74.3594	144.304	
1.785e+07	33.46	53.0444	14.2094	100.714	
1.79e+07	8.92438	10.8844	41.2775	61.0863	
1.795e+07	24.2475	17.94	34.8194	77.0069	
1.8e+07	142.249	16.99	16.4994	175.739	
1.805e+07	50.2744	16.0494	20.9744	87.2981	
1.81e+07	43.9975	14.89	4.2275	63.115	
1.815e+07	9.50938	121.774	30.6744	161.958	
1.82e+07	7.79438	29.6444	10.0344	47.4731	
1.825e+07	28.4444	8.84	22.15	59.4344	
1.83e+07	61.1875	31.9475	4.02437	97.1594	
1.835e+07	51.09	6.86938	73.01	130.969	
1.84e+07	24.2494	8.71938	49.1344	82.1031	
1.845e+07	24.4244	23.6994	10.86	58.9838	
1.85e+07	27.0594	6.03438	17.94	51.0337	
1.855e+07	70.64	14.0775	17.1244	101.842	
1.86e+07	73.8475	100.894	8.61	183.352	
1.865e+07	113.869	8.1975	12.1975	134.264	
1.87e+07	8.66	54.71	20.76	84.13	
1.875e+07	8.8275	15.9475	42.09	66.865	
1.88e+07	30.9744	7.76938	58.5094	97.2531	
1.885e+07	10.3194	8.96	13.6944	32.9738	
1.89e+07	30.4694	12.3775	18.84	61.6869	
1.895e+07	33.51	9.78438	34.9444	78.2387	
1.9e+07	29.6944	8.20937	32.2975	70.2012	
1.905e+07	18.86	73.8244	9.56	102.244	
1.91e+07	26.0744	8.8775	18.5494	53.5013	
1.915e+07	9.74937	8.31937	35.21	53.2787	
1.92e+07	70.6194	10.8344	54.4775	135.931	
1.925e+07	67.1475	7.29438	31.51	105.952	
1.93e+07	7.94937	33.5275	32.8475	74.3244	
1.935e+07	19.0244	15.9094	20.8775	55.8113	
1.94e+07	37.6875	14.9244	31.3275	83.9394	
1.945e+07	24.9444	21.2744	30.6244	76.8431	
1.95e+07	9.3775	7.08438	12.7994	29.2613	
1.955e+07	13.0944	9.34437	72.5444	94.9831	
1.96e+07	11.8275	96.41	51.7344	159.972	
1.965e+07	13.9244	7.9	55.0944	76.9188	
1.97e+07	10.1275	20.6994	74.7944	105.621	
1.975e+07	22.7494	18.0475	119.269	160.066	
1.98e+07	73.1344	31.9244	48.6844	153.743	
1.985e+07	51.01	10.41	19.31	80.73	
1.99e+07	15.6444	11.6975	45.3475	72.6894	
1.995e+07	86.8494	17.8594	15.4844	120.193	
2e+07	7.64937	95.5194	24.7775	127.946	
2.005e+07	35.6875	42.0375	15.4194	93.1444	
2.01e+07	89.5944	25.5275	14.8775	129.999	
2.015e+07	21.7744	33.4694	14.25	69.4938	
2.02e+07	10.7744	46.5694	33.2744	90.6181	
2.025e+07	56.86	42.7244	6.0475	105.632	
2.03e+07	15.7275	13.8594	32.5975	62.1844	
2.035e+07	10.8775	11.7775	18.55	41.205	
2.04e+07	36.2194	19.9594	92.3944	148.573	
2.045e+07	20.4444	12.2494	22.06	54.7538	
2.05e+07	26.2744	14.6744	26.1444	67.0931	
2.055e+07	16.3944	17.0975	55.6744	89.1663	
2.06e+07	12.8244	44.0775	21.0975	77.9994	
2.065e+07	25.1994	34.4194	14.66	74.2787	
2.07e+07	33.4375	8.44438	51	92.8819	
2.075e+07	8.31937	32.89	17.6744	58.8838	
2.08e+07	15.5275	13.9775	28.5944	58.0994	
2.085e+07	27.6375	5.24438	21.8844	54.7663	
2.09e+07	15.7494	61.4444	13.4775	90.6712	
2.095e+07	15.1944	19.8944	150.028	185.116	
2.1e+07	11.8094	16.5375	42.2994	70.6463	
2.105e+07	18.3094	65.06	41.5994	124.969	
2.11e+07	13.76	33.0475	46.2994	93.1069	
2.115e+07	6.75	29.81	48.9194	85.4794	
2.12e+07	17.1475	25.0194	26.3775	68.5444	
2.125e+07	28.8244	14.8344	29.1275	72.7863	
2.13e+07	13.6694	45.6444	13.1775	72.4913	
2.135e+07	14.3775	73.7194	13.6375	101.734	
2.14e+07	28.6375	102.334	95.5244	226.496	
2.145e+07	10.6694	25.6994	25.0344	61.4031	
2.15e+07	39.06	46.0975	4.51938	89.6769	
2.155e+07	33.0494	85.9775	16.5944	135.621	
2.16e+07	17.8744	78.9344	16.4275	113.236	
2.165e+07	9.35	67.3994	15.41	92.1594	
2.17e+07	26.1744	53.2275	13.1844	92.5862	
2.175e+07	64.1694	59.1994	12.1975	135.566	
2.18e+07	156.6	47.1944	7.82438	211.619	
2.185e+07	36.2475	77.8094	15.16	129.217	
2.19e+07	24.1494	23.7494	64.05	111.949	
2.195e+07	13.8494	8.93438	23.46	46.2438	
2.2e+07	14.7775	56.3944	14.1775	85.3494	
2.205e+07	23.0275	38.9694	24.45	86.4469	
2.21e+07	58.3444	39.7944	40.3275	138.466	
2.215e+07	9.92438	19.7	26.3994	56.0238	
2.22e+07	8.21938	52.7444	11.7944	72.7581	
2.225e+07	12.89	18.8494	57.44	89.1794	
2.23e+07	99.4094	50.0594	18.0844	167.553	
2.235e+07	59.7994	7.34	15.01	82.1494	
2.24e+07	21.41	108.79	12.1975	142.398	
2.245e+07	11.4775	108.21	6.4875	126.175	
2.25e+07	78.5194	8.45	49.4994	136.469	
2.255e+07	44.6244	24.1744	15.5344	84.3331	
2.26e+07	21.9194	48.3444	38.45	108.714	
2.265e+07	191.398	31.2344	4.8975	227.529	
2.27e+07	46.3194	18.9244	8.01	73.2538	
2.275e+07	28.5694	11.8444	34.7694	75.1831	
2.28e+07	17.9944	15.1475	15.4975	48.6394	
2.285e+07	7.11	30.4194	52.0694	89.5988	
2.29e+07	18.7194	31.6875	35.5844	85.9913	
2.295e+07	6.56	19.6244	70.8944	97.0788	
2.3e+07	51.9494	32.8275	9.39938	94.1763	
2.305e+07	34.7375	74.9475	18.2944	127.979	
2.31e+07	57.5275	26.7775	49.8975	134.203	
2.315e+07	20.3775	10.99	21.5944	52.9619	
2.32e+07	16.2975	44.8475	27.7775	88.9225	
2.325e+07	80.5994	13.79	27.4775	121.867	
2.33e+07	21.0775	70.56	19.0694	110.707	
2.335e+07	10.7994	29.6475	17.74	58.1869	
2.34e+07	14.15	10.7694	64.05	88.9694	
2.345e+07	57.0844	8.4	50.3094	115.794	
2.35e+07	27.2844	6.62438	39.9694	73.8781	
2.355e+07	34.5944	15.8594	29.4994	79.9531	
2.36e+07	7.19437	51.4275	10.8994	69.5213	
2.365e+07	46.7494	15.49	13.04	75.2794	
2.37e+07	11.2194	13.6194	14.5975	39.4363	
2.375e+07	16.7875	7.44	167.769	191.997	
2.38e+07	43.8975	14.7844	17.49	76.1719	
2.385e+07	8.75938	38.2494	28.86	75.8687	
2.39e+07	10.65	51.86	18.75	81.26	
2.395e+07	78.1844	6.8875	26.4194	111.491	
2.4e+07	8.2775	66.1694	50.5694	125.016	
2.405e+07	38.49	16.9375	18.5444	73.9719	
2.41e+07	26.4975	40.1494	5.88438	72.5312	
2.415e+07	41.09	15.31	24.6975	81.0975	
2.42e+07	42.7444	12.4494	17.94	73.1338	
2.425e+07	61.3744	9.06937	20.1994	90.6431	
2.43e+07	29.2444	5.79938	48.29	83.3338	
2.435e+07	37.3375	12.6375	9.90938	59.8844	
2.44e+07	22.4694	18.0844	40.5094	81.0631	
2.445e+07	14.0944	56.9975	65.41	136.502	
2.45e+07	15.2975	15.3475	96.6875	127.333	
2.455e+07	30.7444	16.8	19.3744	66.9188	
2.46e+07	35.5594	59.6775	33.0694	128.306	
2.465e+07	19.3975	60.4975	4.34	84.235	
2.47e+07	73.5194	58.0975	2.2975	133.914	
2.475e+07	15.3244	18.8244	37.6494	71.7981	
2.48e+07	50.3744	39.3775	10.81	100.562	
2.485e+07	15.3944	50.4744	17.4594	83.3281	
2.49e+07	29.2694	31.3844	19.74	80.3938	
2.495e+07	9.7375	32.8375	63.1375	105.713	
2.5e+07	38.56	84.9444	10.6994	134.204	
2.505e+07	39.9475	33.2494	31.35	104.547	
2.51e+07	12.86	8.33437	45.8844	67.0788	
2.515e+07	27.6475	82.9494	17.9275	128.524	
2.52e+07	26.9444	21.9744	19.8244	68.7431	
2.525e+07	11.2375	22.0694	29.9244	63.2313	
2.53e+07	86.7244	10.16	5.96938	102.854	
2.535e+07	14.7444	3.31	148.11	166.164	
2.54e+07	30.76	29.5775	55.0275	115.365	
2.545e+07	9.51	13.8694	41.0194	64.3987	
2.55e+07	16.9744	47.4494	18.3475	82.7713	
2.555e+07	23.6744	70.56	7.40938	101.644	
2.56e+07	31.4475	52.1944	25.0844	108.726	
2.565e+07	7.47438	28.11	41.0444	76.6287	
2.57e+07	22.41	28.6275	12.3844	63.4219	
2.575e+07	39.9475	32.74	34.4244	107.112	
2.58e+07	28.0744	9.47438	14.7775	52.3263	
2.585e+07	36.2694	37.1	27.0744	100.444	
2.59e+07	47.65	26.0275	31.0694	104.747	
2.595e+07	24.09	81.15	14.1694	119.409	
2.6e+07	56.15	9.89438	25.8944	91.9387	
2.605e+07	79.1	31.5494	32.66	143.309	
2.61e+07	11.7275	6.34	42.7	60.7675	
2.615e+07	28.71	34.4344	18.3094	81.4537	
2.62e+07	26.31	28.1494	17.8475	72.3069	
2.625e+07	37.8275	12.64	23.9975	74.465	
2.63e+07	24.8744	67.4994	14.5	106.874	
2.635e+07	18.2194	45.2844	18.6475	82.1513	
2.64e+07	46.1775	35.2844	73.9744	155.436	
2.645e+07	17.3844	24.4275	33.9875	75.7994	
2.65e+07	25.6475	13.3994	24.6375	63.6844	
2.655e+07	34.9944	21.54	25.36	81.8944	
2.66e+07	39.7994	11.1775	51.2494	102.226	
2.665e+07	58.2275	62.4594	11.7244	132.411	
2.67e+07	7.09	23.4094	66.5444	97.0438	
2.675e+07	14.4275	28.2875	6.61	49.325	
2.68e+07	38.5344	13.3494	61.6475	113.531	
2.685e+07	26.7744	10.0275	10.6194	47.4212	
2.69e+07	10.1194	9.87438	52.0744	72.0681	
2.695e+07	62.26	24.3444	17.0994	103.704	
2.7e+07	22.0344	12.79	27.16	61.9844	
2.705e+07	47.0444	18.3994	11.8744	77.3181	
2.71e+07	31.59	6.2475	33.3694	71.2069	
2.715e+07	13.7244	47.5694	29.2444	90.5381	
2.72e+07	122.534	9.64	26.9994	159.174	
2.725e+07	41.4994	11.4475	38.09	91.0369	
2.73e+07	7.45938	62.79	18.1975	88.4469	
2.735e+07	9.29437	52.25	66.94	128.484	
2.74e+07	15.1244	50.44	61.8994	127.464	
2.745e+07	42.7444	25.6975	9.1775	77.6194	
2.75e+07	17.96	37.54	5.04937	60.5494	
2.755e+07	15.84	21.6194	71.7	109.159	
2.76e+07	20.8694	15.6744	15.3594	51.9031	
2.765e+07	64.0975	5.94937	6.26938	76.3163	
2.77e+07	7.2975	12.1375	32.9775	52.4125	
2.775e+07	4.72438	61.6994	38.6694	105.093	
2.78e+07	38.9244	12.2694	63.3594	114.553	
2.785e+07	6.26938	24.55	28.0994	58.9188	
2.79e+07	29.0994	29.5975	18.4444	77.1413	
2.795e+07	24.61	72.8094	31.9444	129.364	
2.8e+07	3.76938	60.1944	48.7994	112.763	
2.805e+07	12.2975	6.2375	48.7994	67.3344	
2.81e+07	8.85	28.1944	131.309	168.354	
2.815e+07	18.4244	45.49	5.91	69.8244	
2.82e+07	8.3975	19.3944	61.0694	88.8612	
2.825e+07	51.7775	15.5694	30.7775	98.1244	
2.83e+07	49.2444	7.09438	8.9275	65.2662	
2.835e+07	14.4944	9.8475	22.7594	47.1012	
2.84e+07	8.4375	37.4444	49.6194	95.5012	
2.845e+07	34.69	16.8094	40.7244	92.2237	
2.85e+07	27.9494	13.1244	34.36	75.4337	
2.855e+07	21.4744	13.1594	39.0444	73.6781	
2.86e+07	47.4444	30.5694	17.3744	95.3881	
2.865e+07	20.66	32.6744	95.9975	149.332	
2.87e+07	30.29	16.4994	14.0444	60.8338	
2.875e+07	18.1475	75.41	12.29	105.848	
2.88e+07	18.2275	32.7494	17.0375	68.0144	
2.885e+07	48.1094	14.61	16.86	79.5794	
2.89e+07	33.4375	76.6	25.0375	135.075	
2.895e+07	31.0444	33.1975	63.6944	127.936	
2.9e+07	7.4975	60.3694	29.9994	97.8662	
2.905e+07	30.2475	20.9494	12.8275	64.0244	
2.91e+07	32.1744	36	21.6944	89.8688	
2.915e+07	21.7194	19.7	8.7875	50.2069	
2.92e+07	44.0744	8.11	21.4694	73.6537	
2.925e+07	7.56938	16.94	19.7475	44.2569	
2.93e+07	19.4944	22.8275	12.1775	54.4994	
2.935e+07	22.6444	36.4694	56.45	115.564	
2.94e+07	68.6944	6.97437	16.5194	92.1881	
2.945e+07	41.3744	39.36	89.2944	170.029	
2.95e+07	30.5875	24.79	36.8194	92.1969	
2.955e+07	11.2694	33.4444	32.46	77.1737	
2.96e+07	6.95938	23.2244	92.5094	122.693	
2.965e+07	25.2975	23.04	116.777	165.115	
2.97e+07	45.9775	10.6475	30.4875	87.1125	
2.975e+07	10.8975	45.4775	16.9744	73.3494	
2.98e+07	15.3475	33.3	86.84	135.488	
2.985e+07	4.66	16.4744	46.2775	67.4119	
2.99e+07	10.2944	29.3494	28.26	67.9038	
2.995e+07	12.7694	12.1944	7.99937	32.9631	
3e+07	33.0275	44.2244	22.2594	99.5113	
3.005e+07	55.7594	48.7944	76.39	180.944	
3.01e+07	100.249	23.5494	26.8194	150.618	
3.015e+07	59.34	26.1975	30.6694	116.207	
3.02e+07	8.37438	32.04	20.4594	60.8738	
3.025e+07	6.74438	78.25	43.1275	128.122	
3.03e+07	16.5744	73.8475	21.9875	112.409	
3.035e+07	99.0944	26.2194	11.71	137.024	
3.04e+07	5.61	96.34	15.2375	117.187	
3.045e+07	110.244	40.0875	12.0975	162.429	
3.05e+07	21.8475	13.0475	17.4244	52.3194	
3.055e+07	21.8994	22.9	69.8694	114.669	
3.06e+07	49.04	52.99	6.65938	108.689	
3.065e+07	18.2975	26.5375	28.74	73.575	
3.07e+07	33.2444	24.1744	12.0375	69.4563	
3.075e+07	23.2494	20.54	42.8194	86.6088	
3.08e+07	17.6244	41.8275	12.9694	72.4213	
3.085e+07	19.1744	41.6694	13.6	74.4437	
3.09e+07	44.89	21.9475	13.2494	80.0869	
3.095e+07	44.91	9.46938	106.249	160.629	
3.1e+07	20.0494	27.3194	20.29	67.6587	
3.105e+07	20.64	42.7975	45.2775	108.715	
3.11e+07	18.34	46.9775	13.5494	78.8669	
3.115e+07	35.41	11.3194	9.54	56.2694	
3.12e+07	9.01	18.9994	67.6844	95.6938	
3.125e+07	5.74	16.7275	29.6275	52.095	
3.13e+07	46.0494	37.1375	16.2775	99.4644	
3.135e+07	41.3475	32.7994	59.4594	133.606	
3.14e+07	49.9975	13.7775	15.3775	79.1525	
3.145e+07	39.9744	36.1994	39.7744	115.948	
3.15e+07	6.71	102.878	33.6994	143.287	
3.155e+07	17.9875	16.4475	25.5194	59.9544	
3.16e+07	22.8744	12.4775	21.26	56.6119	
3.165e+07	16.71	15.4975	30.6475	62.855	
3.17e+07	32.4975	12.0975	39.8444	84.4394	
3.175e+07	4.25938	95.0244	7.07437	106.358	
3.18e+07	70.5275	29.5194	8.67438	108.721	
3.185e+07	37.4375	67.0694	9.7775	114.284	
3.19e+07	6.68438	25.14	23.6744	55.4987	
3.195e+07	90.7994	14.8994	40.0494	145.748	
3.2e+07	92.2494	7.61	32.6744	132.534	
3.205e+07	23.9844	43.6444	47.09	114.719	
3.21e+07	21.91	86.3344	40.06	148.304	
3.215e+07	12.2994	31.9694	68.9094	113.178	
3.22e+07	29.5194	28.4994	14.8344	72.8531	
3.225e+07	12.8944	47.3494	49.8494	110.093	
3.23e+07	28.8875	72.0994	40.6975	141.684	
3.235e+07	23.61	20.6275	15.9244	60.1619	
3.24e+07	22.6994	92.31	20.4775	135.487	
3.245e+07	28.1244	32.39	23.8194	84.3338	
3.25e+07	21.9875	8.82437	96.1194	126.931	
3.255e+07	11.75	37.1494	12.3875	61.2869	
3.26e+07	16.5194	26.4494	27.34	70.3088	
3.265e+07	17.9094	29.59	17.5475	65.0469	
3.27e+07	92.51	7.69437	7.2975	107.502	
3.275e+07	8.51	118.794	6.49937	133.804	
3.28e+07	154.35	14.7744	15.8194	184.944	
3.285e+07	32.4	18.4594	49.0994	99.9588	
3.29e+07	24.5344	16.1694	8.34	49.0438	
3.295e+07	44.4994	9.3975	28.2744	82.1713	
3.3e+07	8.46	6.74	61.7275	76.9275	
3.305e+07	8.7275	64.7875	18.0344	91.5494	
3.31e+07	14.8744	30.1375	19.7694	64.7813	
3.315e+07	10.4694	36.4594	12.0975	59.0262	
3.32e+07	25.9194	18.8944	15.2944	60.1081	
3.325e+07	57.2775	12.4994	27.9594	97.7362	
3.33e+07	21.9975	25.3375	14.4975	61.8325	
3.335e+07	29.5975	11.86	19.5444	61.0019	
3.34e+07	10.6744	22.1344	32.5344	65.3431	
3.345e+07	114.184	16.0844	63.5444	193.813	
3.35e+07	145.277	54.2975	5.7975	205.372	
3.355e+07	12.64	128.794	11.1944	152.629	
3.36e+07	15.3194	11.4475	46.5594	73.3263	
3.365e+07	15.2775	29.4494	29.1475	73.8744	
3.37e+07	88.1	31.14	37.0094	156.249	
3.375e+07	10.7594	3.32437	104.069	118.153	
3.38e+07	22.1594	87.5	9.94437	119.604	
3.385e+07	7.6375	30.6494	26.4244	64.7113	
3.39e+07	32.94	7.4775	70.1275	110.545	
3.395e+07	6.6975	45.3094	43.9194	95.9263	
3.4e+07	8.9975	36.2975	26.0444	71.3394	
3.405e+07	33.01	10.29	57.8944	101.194	
3.41e+07	25.3	5.34437	47.76	78.4044	
3.415e+07	8.36	30.45	32.1094	70.9194	
3.42e+07	7.71	100.944	7.5	116.154	
3.425e+07	18.3944	36.14	36.5694	91.1037	
3.43e+07	23.3775	59.5494	16.4475	99.3744	
3.435e+07	18.5994	19.0475	13.7444	51.3912	
3.44e+07	10.3775	33.39	15.74	59.5075	
3.445e+07	32.3194	35.2994	13.8694	81.4881	
3.45e+07	40.2494	43.0494	5.16	88.4588	
3.455e+07	8.07438	46.0994	53.5194	107.693	
3.46e+07	13.3344	9.17438	49.7494	72.2581	
3.465e+07	47.49	19.9194	22.3444	89.7537	
3.47e+07	53.3694	36.51	11.5194	101.399	
3.475e+07	12.1844	6.4875	101.74	120.412	
3.48e+07	54.5844	5.39	135.849	195.824	
3.485e+07	7.13438	8.1275	62.49	77.7519	
3.49e+07	35.3994	33.5744	71.5875	140.561	
3.495e+07	6.74438	13.49	44.5344	64.7687	
3.5e+07	11.8444	29.9494	70.7494	112.543	
3.505e+07	18.8194	39.4775	12.09	70.3869	
3.51e+07	55.3744	23.1844	10	88.5588	
3.515e+07	43.01	5.7475	12.71	61.4675	
3.52e+07	29.1775	14.9594	17.6694	61.8062	
3.525e+07	44.6494	64.94	20.99	130.579	
3.53e+07	11.3775	66.04	33.59	111.008	
3.535e+07	8.59437	118.41	9.49437	136.499	
3.54e+07	42.3994	64.5244	14.7994	121.723	
3.545e+07	13.3244	57.3244	94.6375	165.286	
3.55e+07	8.89	127.19	5.10938	141.189	
3.555e+07	11.2775	22.8944	31.8494	66.0212	
3.56e+07	21.4275	18.21	22.9994	62.6369	
3.565e+07	100.778	6.2975	10.1444	117.219	
3.57e+07	34.14	15.9875	33.7844	83.9119	
3.575e+07	28.7094	38.66	102.334	169.704	
3.58e+07	18.6494	18.8944	11.7975	49.3412	
3.585e+07	16.0594	59.9944	62.1444	138.198	
3.59e+07	56.2594	14.4994	31.6875	102.446	
3.595e+07	25.9444	28.8875	32.1444	86.9762	
3.6e+07	11.1944	12.3	51.2744	74.7687	
3.605e+07	16.3944	123.098	10.5375	150.029	
3.61e+07	77.5944	24.4775	23.79	125.862	
3.615e+07	24.66	7.0875	43.3494	75.0969	
3.62e+07	71.8244	13.9494	10.3194	96.0931	
3.625e+07	106.878	11.96	27.8944	146.732	
3.63e+07	11.81	34.39	57.0244	103.224	
3.635e+07	11.66	9.26	42.34	63.26	
3.64e+07	25.1494	13.4775	8.2475	46.8744	
3.645e+07	94.6744	18.1944	30.4775	143.346	
3.65e+07	20.86	20.9375	11.14	52.9375	
3.655e+07	13.49	18.9694	72.8094	105.269	
3.66e+07	39.06	25.8475	9.3275	74.235	
3.665e+07	94.2694	46.1344	7.86	148.264	
3.67e+07	44.1994	57.4975	3.4	105.097	
3.675e+07	26.5975	14.7194	25.5444	66.8613	
3.68e+07	24.5875	14.7444	45.7744	85.1063	
3.685e+07	21.26	31.0694	7.8	60.1294	
3.69e+07	22.2775	76.0994	34.8844	133.261	
3.695e+07	14.2994	12.4375	158.04	184.777	
3.7e+07	75.0094	17.6994	41.1975	133.906	
3.705e+07	9.38438	19.19	86.0744	114.649	
3.71e+07	19.81	41.3944	43.0775	104.282	
3.715e+07	63.54	19.1694	7.9475	90.6569	
3.72e+07	84.6994	55.5844	33.5975	173.881	
3.725e+07	81.6775	49.3844	13.94	145.002	
3.73e+07	22.34	9.94	39.4594	71.7394	
3.735e+07	15.2094	27.2494	40.2094	82.6681	
3.74e+07	16.89	10.31	9.19	36.39	
3.745e+07	45.24	9.42438	21.9994	76.6638	
3.75e+07	14.3	24.99	18.8244	58.1144	
3.755e+07	68.69	23.5194	6.6875	98.8969	
3.76e+07	53.8194	22.26	36.7975	112.877	
3.765e+07	27.09	54.5975	4.50938	86.1969	
3.77e+07	9.64937	30.6	4.29438	44.5438	
3.775e+07	85.1275	5.5875	20.1475	110.862	
3.78e+07	22.2994	90.44	7.82438	120.564	
3.785e+07	57.9094	14.8275	8.59438	81.3312	
3.79e+07	27.8194	20.9775	47.79	96.5869	
3.795e+07	19.9475	22.3744	106.098	148.419	
3.8e+07	12.9775	13.9444	51.7944	78.7163	
3.805e+07	11.7694	14.2744	20.66	46.7038	
3.81e+07	16.6094	23.5694	57.2744	97.4531	
3.815e+07	38.8875	31.55	37.7375	108.175	
3.82e+07	32.5975	32.9194	21.1444	86.6613	
3.825e+07	101.494	38.7944	70.0775	210.366	
3.83e+07	59.6775	8.12438	22.8744	90.6762	
3.835e+07	40.6594	65.59	17.01	123.259	
3.84e+07	23.2275	6.86938	79.59	109.687	
3.845e+07	73.84	108.149	6.96938	188.959	
3.85e+07	5.59937	30.2994	40.6594	76.5581	
3.855e+07	15.4975	60.84	30.9344	107.272	
3.86e+07	29.2444	14.9844	10.1994	54.4281	
3.865e+07	32.3475	20.6194	21.8444	74.8113	
3.87e+07	25.7475	24.5775	24.65	74.975	
3.875e+07	13.7494	36.8244	36.36	86.9337	
3.88e+07	20.2844	34.35	21.3194	75.9538	
3.885e+07	40.6475	51.5694	42.8194	135.036	
3.89e+07	8.2475	6.21938	76.14	90.6069	
3.895e+07	8.8475	27.7444	51.4275	88.0194	
3.9e+07	48.94	18.6744	36.0694	103.684	
3.905e+07	8.74437	13.6975	13.89	36.3319	
3.91e+07	94.5094	11.0875	17.0694	122.666	
3.915e+07	31.7275	17.3444	103.66	152.732	
3.92e+07	38.5275	20.3275	14.5594	73.4144	
3.925e+07	39.1444	49.3194	47.94	136.404	
3.93e+07	75.4844	10.4875	17.16	103.132	
3.935e+07	26.45	22.2475	18.1744	66.8719	
3.94e+07	6.65938	14.2975	10.6194	31.5763	
3.945e+07	31.8775	46.4844	58.7744	137.136	
3.95e+07	77.2094	32.61	51.6344	161.454	
3.955e+07	22.8775	85.86	25.6744	134.412	
3.96e+07	12.1244	59.91	26.7194	98.7537	
3.965e+07	9.95938	14.6775	54.7275	79.3644	
3.97e+07	28.6694	94.5494	14.8775	138.096	
3.975e+07	13.4444	36.59	14.7375	64.7719	
3.98e+07	7.24938	78.3875	14.09	99.7269	
3.985e+07	153.874	11.39	6.06	171.324	
3.99e+07	46.9994	32.91	17.9594	97.8688	
3.995e+07	11.29	29.9994	20.5475	61.8369	
4e+07	22.05	13.5344	23.1775	58.7619	
4.005e+07	3.14	31.3744	20.9344	55.4488	
4.01e+07	15.7	100.449	108.774	224.924	
4.015e+07	10.6875	7.6	25.3944	43.6819	
4.02e+07	25.7494	20.7094	92.34	138.799	
4.025e+07	26.9475	16.3094	69.5775	112.834	
4.03e+07	12.36	9.9775	43.76	66.0975	
4.035e+07	40.2775	31.9694	4.21937	76.4663	
4.04e+07	18.6475	25.54	60.5	104.688	
4.045e+07	39.3444	14.4694	7.16938	60.9831	
4.05e+07	5.6275	48.8775	23.9694	78.4744	
4.055e+07	8.0975	17.1244	34.6494	59.8713	
4.06e+07	90.2594	4.9875	12.2344	107.481	
4.065e+07	8.21	13.5775	16.2994	38.0869	
4.07e+07	105.648	11.2994	11.4994	128.446	
4.075e+07	7.13438	36.14	5.81937	49.0938	
4.08e+07	7.41938	77.0444	66.8094	151.273	
4.085e+07	71.4475	50.0475	43.0775	164.573	
4.09e+07	8.6975	32.2844	27.24	68.2219	
4.095e+07	51.3694	6.96	25.85	84.1794	
4.1e+07	22.95	10.4494	7.78438	41.1838	
4.105e+07	41.7875	29.84	15.26	86.8875	
4.11e+07	23.8875	8.26938	8.49438	40.6513	
4.115e+07	12.9694	44.5244	35.5944	93.0881	
4.12e+07	12.5994	30.5694	10.86	54.0288	
4.125e+07	105.194	18.2994	9.5875	133.081	
4.13e+07	70.1994	19.6444	99.0975	188.941	
4.135e+07	104.999	26.4994	26.4844	157.983	
4.14e+07	69.9444	18.8844	16.7944	105.623	
4.145e+07	31.2875	35.9844	7.46937	74.7412	
4.15e+07	33.2194	43.7475	16.9744	93.9413	
4.155e+07	10.3244	70.7844	22.59	103.699	
4.16e+07	18.4975	10.76	28.4475	57.705	
4.165e+07	59.5944	11.79	48.1875	119.572	
4.17e+07	33.2744	23.0744	35.5775	91.9263	
4.175e+07	88.6775	58.2494	17.7744	164.701	
4.18e+07	63.2475	23.2775	35.14	121.665	
4.185e+07	9.71938	22.0944	51.94	83.7538	
4.19e+07	41.8475	13.4994	12.1775	67.5244	
4.195e+07	22.7475	61.1775	14.3944	98.3194	
4.2e+07	104.274	19.84	87.05	211.164	
4.205e+07	11.99	49.6975	14.4244	76.1119	
4.21e+07	35.9875	5.8275	13.8494	55.6644	
4.215e+07	45.1444	46.4	72.2475	163.792	
4.22e+07	21.21	26.3744	28.8775	76.4619	
4.225e+07	9.89	45.3194	20.7775	75.9869	
4.23e+07	11.9975	29.89	26.66	68.5475	
4.235e+07	41.2875	93.8694	3.66938	138.826	
4.24e+07	48.9744	29.5875	11.1494	89.7112	
4.245e+07	35.9844	20.94	8.74	65.6644	
4.25e+07	30.84	21.1475	29.9194	81.9069	
4.255e+07	39.4275	29.69	9.7375	78.855	
4.26e+07	10.0475	25.61	30.5194	66.1769	
4.265e+07	39.1775	38.94	16.0844	94.2019	
4.27e+07	5.74	29.8944	7.4975	43.1319	
4.275e+07	12.4	41.7994	77.56	131.759	
4.28e+07	29.3194	13.5875	56.19	99.0969	
4.285e+07	14.2194	18.0994	16.56	48.8787	
4.29e+07	16.2494	166.74	21.8244	204.814	
4.295e+07	24.95	38.05	57.6494	120.649	
4.3e+07	35.19	98.8194	7.74	141.749	
4.305e+07	33.4375	67.74	10.0375	111.215	
4.31e+07	57.3875	27.19	17.3744	101.952	
4.315e+07	20.8444	18.51	13.91	53.2644	
4.32e+07	31.31	11.4944	42.6444	85.4487	
4.325e+07	45.89	15.0944	3.64437	64.6287	
4.33e+07	42.21	4.2	11.14	57.55	
4.335e+07	42.8744	10.1975	34.91	87.9819	
4.34e+07	40.1694	36.1475	32.56	108.877	
4.345e+07	21.0444	92.2694	16.3944	129.708	
4.35e+07	66.7994	26.8494	6.49437	100.143	
4.355e+07	50.1944	12.29	49.0594	111.544	
4.36e+07	13.3775	21.5844	11.3875	46.3494	
4.365e+07	10.4444	11.7194	68.46	90.6238	
4.37e+07	32.26	10.9444	55.6994	98.9038	
4.375e+07	77.2694	45.8944	10.8975	134.061	
4.38e+07	30.6194	10.8944	36.4875	78.0012	
4.385e+07	15.1775	53.8444	49.6994	118.721	
4.39e+07	132.974	61.4744	27.7494	222.198	
4.395e+07	25.3775	27.04	26.9875	79.405	
4.4e+07	59.2594	94.9244	14.8344	169.018	
4.405e+07	15.2694	26.35	8.39937	50.0188	
4.41e+07	32.2975	21.8994	23.96	78.1569	
4.415e+07	23.1475	58.7744	14.14	96.0619	
4.42e+07	28.0594	14.44	43.7844	86.2837	
4.425e+07	88.8594	54.55	21.31	164.719	
4.43e+07	51.5475	9.16937	10.7244	71.4413	
4.435e+07	39.1275	19.4744	22.1244	80.7262	
4.44e+07	58.5494	13.0975	16.4344	88.0813	
4.445e+07	14.7694	13.0844	64.86	92.7138	
4.45e+07	18.6244	8.3475	18.7475	45.7194	
4.455e+07	82.0244	33.9975	15.2244	131.246	
4.46e+07	97.09	33.9494	91.8594	222.899	
4.465e+07	14.7994	45.6275	42.3275	102.754	
4.47e+07	24.54	15.6975	35.99	76.2275	
4.475e+07	37.3244	50.2444	7.24938	94.8181	
4.48e+07	92.44	48.0744	35.4375	175.952	
4.485e+07	19.4	22.4275	34.6875	76.515	
4.49e+07	30.4844	34.0494	58.9244	123.458	
4.495e+07	30.7775	23.0694	4.5375	58.3844	
4.5e+07	31.44	20.5094	40.6944	92.6438	
4.505e+07	17.91	90.2944	4.06938	112.274	
4.51e+07	12.34	43.7094	17.1775	73.2269	
4.515e+07	49.0775	4.4975	95.0344	148.609	
4.52e+07	34.89	36.8244	10.5744	82.2887	
4.525e+07	17.44	39.3875	13.89	70.7175	
4.53e+07	22.8275	18.4775	10.0944	51.3994	
4.535e+07	15.8275	9.13438	42.84	67.8019	
4.54e+07	18.45	29.3975	51.3275	99.175	
4.545e+07	7.66	87.46	15.7744	110.894	
4.55e+07	35.2475	10.9094	22.2194	68.3762	
4.555e+07	23.1475	21.0994	17.8444	62.0913	
4.56e+07	45.5275	31.1244	43.2844	119.936	
4.565e+07	6.27438	61.3494	15.2494	82.8731	
4.57e+07	10.26	17.0244	19.9994	47.2838	
4.575e+07	4.50938	40.3244	35.31	80.1437	
4.58e+07	27.66	33.35	17.8944	78.9044	
4.585e+07	56.8944	11.11	12.35	80.3544	
4.59e+07	68.49	23.9	13.9994	106.389	
4.595e+07	60.1594	12.2744	21.5744	94.0081	
4.6e+07	17.5975	25.35	15.6994	58.6469	
4.605e+07	44.6244	77.8475	29.8244	152.296	
4.61e+07	31.4494	26.61	10.04	68.0994	
4.615e+07	2.89938	49.8994	56.5944	109.393	
4.62e+07	10.1244	65.6994	35.1694	110.993	
4.625e+07	42.9275	66.4194	24.1975	133.544	
4.63e+07	24.7975	46.0194	21.66	92.4769	
4.635e+07	6.61	26.51	48.5475	81.6675	
4.64e+07	42.46	12.69	20.4444	75.5944	
4.645e+07	20.8344	53.9444	8.4975	83.2763	
4.65e+07	16.9744	8.71	93.49	119.174	
4.655e+07	22.1775	22.5194	25.26	69.9569	
4.66e+07	75.8444	33.16	29.0444	138.049	
4.665e+07	15.6944	13.99	63.0475	92.7319	
4.67e+07	42.66	24.26	51.7944	118.714	
4.675e+07	9.09	32.1694	16.3944	57.6538	
4.68e+07	60.6694	8.71	75.9494	145.329	
4.685e+07	40.5844	9.86937	80.6994	131.153	
4.69e+07	55.8275	10.5975	56.5994	123.024	
4.695e+07	17.5344	29.2944	27.9944	74.8231	
4.7e+07	17.6775	14.7975	35.2194	67.6944	
4.705e+07	46.8994	20.34	34.39	101.629	
4.71e+07	14.61	39.6594	68.7275	122.997	
4.715e+07	24.3375	23.1994	124.449	171.986	
4.72e+07	18.1494	32.3094	34.3744	84.8331	
4.725e+07	8.3275	69.21	88.6244	166.162	
4.73e+07	78.5375	40.5275	84.4694	203.534	
4.735e+07	86.7694	10.0994	7.42438	104.293	
4.74e+07	35.0194	43.89	11.3094	90.2188	
4.745e+07	42.0875	20.9844	15.9994	79.0713	
4.75e+07	44.7694	20.0475	13.4944	78.3113	
4.755e+07	18.4775	72.2244	19.8994	110.601	
4.76e+07	93.29	7.2775	31.3194	131.887	
4.765e+07	15.9475	47.4375	13.1194	76.5044	
4.77e+07	27.2975	18.36	34.0775	79.735	
4.775e+07	63.79	10.9094	29.7975	104.497	
4.78e+07	62.7094	56.0994	30.1844	148.993	
4.785e+07	76.71	76.2994	82.0475	235.057	
4.79e+07	14.9944	65.9975	13.5494	94.5412	
4.795e+07	22.4375	8.5275	21.2944	52.2594	
4.8e+07	28.9694	14.5694	34.2375	77.7763	
4.805e+07	20.3994	25.74	21.4694	67.6088	
4.81e+07	44.4775	10.3444	43.4775	98.2994	
4.815e+07	26.74	53.1375	43.8194	123.697	
4.82e+07	14.1744	6.44937	135.699	156.323	
4.825e+07	9.6775	67.8	16.7994	94.2769	
4.83e+07	33.2844	23.9494	40.8444	98.0781	
4.835e+07	23.5994	11.5875	81.8	116.987	
4.84e+07	66.7194	16.06	47.6444	130.424	
4.845e+07	55.96	15.2275	43.7344	114.922	
4.85e+07	52.44	8.49937	8.19437	69.1338	
4.855e+07	13.4	88.5975	53.3944	155.392	
4.86e+07	19.9694	71.76	5.64	97.3694	
4.865e+07	10.94	76.9944	20.21	108.144	
4.87e+07	47.6994	4.44	24.2975	76.4369	
4.875e+07	23.9	17.5344	28.2444	69.6787	
4.88e+07	31.2775	12.8975	14.24	58.415	
4.885e+07	18.6194	58.8694	15.1844	92.6731	
4.89e+07	110.644	3.9875	11.99	126.622	
4.895e+07	24.3744	19.7994	26.7494	70.9231	
4.9e+07	6.56	60.8694	10.9875	78.4169	
4.905e+07	17.71	26.14	29.2844	73.1344	
4.91e+07	10.2344	4.50938	47.0994	61.8431	
4.915e+07	127.909	10.86	43.99	182.759	
4.92e+07	48.1694	30.5444	8.7975	87.5112	
4.925e+07	22.6375	35.8744	10.7444	69.2563	
4.93e+07	17.1975	19.8444	12.76	49.8019	
4.935e+07	21.3094	17.09	27.69	66.0894	
4.94e+07	14.76	9.15938	103.094	127.014	
4.945e+07	42.0475	14.9594	67.3944	124.401	
4.95e+07	60.2475	26.4494	7.94	94.6369	
4.955e+07	32.1444	9.25	21.2494	62.6438	
4.96e+07	46.16	31.4875	34.6775	112.325	
4.965e+07	82.0744	18.2975	6.6775	107.049	
4.97e+07	83.1375	6.57437	35.3	125.012	
4.975e+07	26.6494	52.5275	23.49	102.667	
4.98e+07	99.15	25.21	24.8994	149.259	
4.985e+07	32.3275	129.19	13.6475	175.165	
4.99e+07	20.1475	3.89938	36.94	60.9869	
4.995e+07	24.19	7.39938	79.6694	111.259	
5e+07	8.29437	83.76	30.0275	122.082	
5.005e+07	12.16	13.0775	24.9444	50.1819	
5.01e+07	7.96	96.2875	7.01	111.258	
5.015e+07	23.7775	70.9994	12.9194	107.696	
5.02e+07	11.5944	56.0944	6.69	74.3788	
5.025e+07	32.56	35.2444	13.5944	81.3988	
5.03e+07	18.9194	45.5694	135.584	200.073	
5.035e+07	17.6244	8.35	20.1844	46.1588	
5.04e+07	96.4475	21.6744	9.96938	128.091	
5.045e+07	5.09	29.5775	10.9994	45.6669	
5.05e+07	37.3844	14	23.9494	75.3338	
5.055e+07	20.95	20.1944	11.1694	52.3137	
5.06e+07	48.0775	17.0594	16.1744	81.3113	
5.065e+07	29.2975	11.4244	20.41	61.1319	
5.07e+07	31.9994	14.61	12.7875	59.3969	
5.075e+07	18.19	25.56	13.64	57.39	
5.08e+07	9.91	48.49	12.3275	70.7275	
5.085e+07	23.1194	9.5275	11.6444	44.2913	
5.09e+07	44.8775	10.96	63.6775	119.515	
5.095e+07	12.0344	35.1975	44.9275	92.1594	
5.1e+07	17.3594	18.44	24.4494	60.2488	
5.105e+07	21.9944	30.4975	18.54	71.0319	
5.11e+07	87.65	19.4244	9.8975	116.972	
5.115e+07	10.7494	26.9994	14.5975	52.3463	
5.12e+07	9.04437	71.3244	9.0975	89.4663	
5.125e+07	94.9944	6.84938	16.04	117.884	
5.13e+07	29.34	49.7375	21.1744	100.252	
5.135e+07	47.5944	19.5444	17.3875	84.5262	
5.14e+07	13.5	19.9494	95.6194	129.069	
5.145e+07	40.86	8.09437	34.7094	83.6638	
5.15e+07	12.21	49.8444	15.9694	78.0238	
5.155e+07	6.26937	46.66	45.3844	98.3137	
5.16e+07	20.74	29.99	23.9975	74.7275	
5.165e+07	36.6	28.7094	18.2944	83.6038	
5.17e+07	9.97438	42.4875	29.5494	82.0113	
5.175e+07	41.51	69.7094	13.5475	124.767	
5.18e+07	30.8494	29.6775	18.1775	78.7044	
5.185e+07	6.59437	57.1	20.0594	83.7537	
5.19e+07	12.2944	34.8944	5.07437	52.2631	
5.195e+07	21.1275	9.28438	19.2094	49.6213	
5.2e+07	87.31	17.4494	37.3	142.059	
5.205e+07	29.5775	8.14	66.4944	104.212	
5.21e+07	16.29	3.84937	126.449	146.589	
5.215e+07	22.6875	11.5094	14.41	48.6069	
5.22e+07	31.8844	25.7475	7.39438	65.0263	
5.225e+07	82.19	19.0775	29.7494	131.017	
5.23e+07	47.9475	15.4744	25.2694	88.6912	
5.235e+07	13.9775	33.3475	59.2744	106.599	
5.24e+07	8.5475	85.89	27.7194	122.157	
5.245e+07	16.46	64.3694	86.56	167.389	
5.25e+07	72.2875	21.9344	44.61	138.832	
5.255e+07	24.4975	20.9344	36.3944	81.8262	
5.26e+07	17.1775	35.04	11.3994	63.6169	
5.265e+07	12.4994	29.7944	48.5694	90.8631	
5.27e+07	19.5475	9.7975	28.9244	58.2694	
5.275e+07	54.0194	10.7694	10.04	74.8287	
5.28e+07	13.4744	32.1975	24.1244	69.7963	
5.285e+07	69.1275	5.47438	17.4975	92.0994	
5.29e+07	24.89	38.0744	60.8	123.764	
5.295e+07	15.5844	20.8	92.41	128.794	
5.3e+07	44.4975	83.8475	11.51	139.855	
5.305e+07	26.3975	17.59	29.5694	73.5569	
5.31e+07	10.1975	40.5244	67.6094	118.331	
5.315e+07	18.61	37.71	49.79	106.11	
5.32e+07	48.49	11.5275	21.5244	81.5419	
5.325e+07	8.51938	21.5244	37.5944	67.6381	
5.33e+07	20.61	41.46	8.3275	70.3975	
5.335e+07	12.4475	103.544	37.11	153.102	
5.34e+07	68.0975	17.8244	28.3944	114.316	
5.345e+07	27.3444	13.5944	22.84	63.7788	
5.35e+07	34.8275	14.05	33.66	82.5375	
5.355e+07	12.2375	30.8244	33.3444	76.4062	
5.36e+07	19.1375	152.124	10.21	181.472	
5.365e+07	27.54	6.55	52.7875	86.8775	
5.37e+07	51.1475	29.9475	9.56937	90.6644	
5.375e+07	74.24	6.84938	52.06	133.149	
5.38e+07	8.4275	25.4975	27.64	61.565	
5.385e+07	79.6194	32.5275	12.0744	124.221	
5.39e+07	9.87437	21.8694	11.4244	43.1681	
5.395e+07	7.26	117.498	86.0744	210.832	
5.4e+07	10.3194	49.11	10.09	69.5194	
5.405e+07	28.79	60.7975	8.8475	98.435	
5.41e+07	18.7494	18.0475	27.1194	63.9163	
5.415e+07	21.5375	10.7594	20.4275	52.7244	
5.42e+07	11.7694	69.4744	10.3944	91.6381	
5.425e+07	33.5475	16.5444	18.2775	68.3694	
5.43e+07	2.69437	21.8994	64.54	89.1338	
5.435e+07	24.4094	12.94	46.8444	84.1938	
5.44e+07	20.5275	53.55	7.94	82.0175	
5.445e+07	20.81	4.42438	66.6094	91.8438	
5.45e+07	7.21	21.6775	28.0275	56.915	
5.455e+07	91.5444	29.6944	15.54	136.779	
5.46e+07	93.0494	34.2994	39.9244	167.273	
5.465e+07	30.66	8.79	32.64	72.09	
5.47e+07	23.9694	13.3744	18.1975	55.5413	
5.475e+07	90.05	18.9744	18.1975	127.222	
5.48e+07	105.334	17.71	33.5275	156.572	
5.485e+07	152.774	11.8444	32.0494	196.668	
5.49e+07	56.6994	29.1875	57.65	143.537	
5.495e+07	10.0975	11.94	82.4875	104.525	
5.5e+07	17.1944	30.9975	33.5344	81.7263	
5.505e+07	13.7194	9.8275	15.41	38.9569	
5.51e+07	35.54	51.4744	17.5944	104.609	
5.515e+07	37.3475	14.4994	13.0494	64.8962	
5.52e+07	10.5744	24.3094	21.2994	56.1831	
5.525e+07	44.0694	80.29	10.8775	135.237	
5.53e+07	55.5194	53.3694	3.9275	112.816	
5.535e+07	28.5375	7.0275	49.3944	84.9594	
5.54e+07	9.65	19.25	47.01	75.91	
5.545e+07	14.11	11.0475	13.5244	38.6819	
5.55e+07	29.1275	13.6944	20.11	62.9319	
5.555e+07	16.5375	56.9975	10.5775	84.1125	
5.56e+07	11.41	60.91	16.7444	89.0644	
5.565e+07	47.95	43.1444	53.5194	144.614	
5.57e+07	13.1475	10.9844	34.56	58.6919	
5.575e+07	10.7494	10.5375	40.0975	61.3844	
5.58e+07	13.8444	23.3844	34.4975	71.7262	
5.585e+07	10.41	19.55	111.949	141.909	
5.59e+07	88.2944	12.6244	20.7944	121.713	
5.595e+07	25.2244	24.0494	14.61	63.8838	
5.6e+07	32.7694	52.0094	34.0994	118.878	
5.605e+07	11.3	18.4975	10.6775	40.475	
5.61e+07	35.39	10.9194	23.26	69.5694	
5.615e+07	11.06	7.8375	57.7694	76.6669	
5.62e+07	29.6375	10.2875	29.0244	68.9494	
5.625e+07	64.2694	24.4244	16.0494	104.743	
5.63e+07	34.5975	43.61	15.51	93.7175	
5.635e+07	7.9475	69.1194	10.3694	87.4363	
5.64e+07	15.2594	10.1875	35.8875	61.3344	
5.645e+07	8.94937	10.01	34.19	53.1494	
5.65e+07	10.3275	40.9275	10.2744	61.5294	
5.655e+07	49.1	22.9275	14.8775	86.905	
5.66e+07	39.5244	8.65	14.6494	62.8238	
5.665e+07	21.9244	20.91	13.3194	56.1538	
5.67e+07	78.6494	41.8194	11.5494	132.018	
5.675e+07	36.5994	34.39	18.9594	89.9488	
5.68e+07	12.2444	43.1194	86.7994	142.163	
5.685e+07	6.7975	10.8475	83.9275	101.573	
5.69e+07	38.06	3.2275	150.697	191.985	
5.695e+07	56.4444	8.27438	37.8875	102.606	
5.7e+07	30.34	21.99	29.41	81.74	
5.705e+07	17.39	13.1244	94.3494	124.864	
5.71e+07	62.5344	5.4	4.6475	72.5819	
5.715e+07	23.9475	17.5444	63.7994	105.291	
5.72e+07	4.9775	25.3194	77.66	107.957	
5.725e+07	6.04	51.2744	29.3275	86.6419	
5.73e+07	25.1994	47.91	19.9844	93.0938	
5.735e+07	16.35	82.8975	14.4744	113.722	
5.74e+07	21.3475	92.64	45.6775	159.665	
5.745e+07	37.6475	83.41	11.1775	132.235	
5.75e+07	46.8194	9.1375	39.4194	95.3762	
5.755e+07	58.9744	26.6494	29.8944	115.518	
5.76e+07	20.0244	8.84938	27.6775	56.5512	
5.765e+07	18.4475	15.6775	28.8594	62.9844	
5.77e+07	36.2375	14.19	6.55	56.9775	
5.775e+07	25.55	11.0694	77.76	114.379	
5.78e+07	43.4944	25.99	29.6694	99.1538	
5.785e+07	66.6944	21.9094	42.6494	131.253	
5.79e+07	36.19	10.4744	45.6944	92.3588	
5.795e+07	10.5	12.1994	38.2444	60.9437	
5.8e+07	24.7275	27.1844	11.4944	63.4063	
5.805e+07	35.6994	26.2694	44.0875	106.056	
5.81e+07	34.34	25.2694	34.25	93.8594	
5.815e+07	13.4244	15.2344	18.7475	47.4062	
5.82e+07	9.96937	9.33437	95.1944	114.498	
5.825e+07	7.74937	24.9594	11.24	43.9487	
5.83e+07	33.0494	16.7444	72.0275	121.821	
5.835e+07	26.2994	20.8594	36.0994	83.2581	
5.84e+07	32.4444	17.5744	36.8694	86.8881	
5.845e+07	23.8275	37.46	18.7975	80.085	
5.85e+07	61.8594	28.7	12.5775	103.137	
5.855e+07	12.1375	29.4694	25.0244	66.6313	
5.86e+07	17.64	52.7444	30.0594	100.444	
5.865e+07	4.59437	49.6775	78.8494	133.121	
5.87e+07	9.19437	26.99	47.86	84.0444	
5.875e+07	24.1494	192.227	11.7844	228.161	
5.88e+07	23.7594	16.4244	8.99	49.1737	
5.885e+07	87.2244	9.59438	18.1494	114.968	
5.89e+07	38.86	8.77437	24.3375	71.9719	
5.895e+07	30.75	34.2744	44.0375	109.062	
5.9e+07	31.1694	32.9444	13.01	77.1238	
5.905e+07	40.89	35.4	33.4994	109.789	
5.91e+07	16.8494	58.76	10.59	86.1994	
5.915e+07	28.6844	24.2094	61.2194	114.113	
5.92e+07	25.2194	13.1775	40.7844	79.1813	
5.925e+07	14.8194	84.4344	14.7775	114.031	
5.93e+07	19.1244	42.8444	15.9494	77.9181	
5.935e+07	28.5444	23.19	7.09	58.8244	
5.94e+07	11.4244	77.9494	11.6	100.974	
5.945e+07	5.58438	49.84	38.3194	93.7438	
5.95e+07	3.3475	45.31	24.5594	73.2169	
5.955e+07	30.9775	13.8275	19.8494	64.6544	
5.96e+07	8.94	26.1344	20.9994	56.0738	
5.965e+07	28.5775	11.2875	95.6244	135.489	
5.97e+07	11.3344	33.2975	16.5244	61.1563	
5.975e+07	11.3844	8.1275	46.9275	66.4394	
5.98e+07	36.6194	28.74	26.5244	91.8838	
5.985e+07	11.9444	7.94	45.7094	65.5938	
5.99e+07	30.3094	10.75	34.2694	75.3287	
5.995e+07	27.6444	22.2875	39.7494	89.6813	
6e+07	15.86	35.44	14.11	65.41	
6.005e+07	17.79	20.1875	69.8994	107.877	
6.01e+07	7.09938	12.7775	107.96	127.837	
6.015e+07	10.1694	98.65	61.81	170.629	
6.02e+07	6.45938	16.5244	34.0775	57.0612	
6.025e+07	132.844	43.11	22.01	197.964	
6.03e+07	20.51	9.79437	9.54937	39.8537	
6.035e+07	33.5944	10.8094	91.1694	135.573	
6.04e+07	10.8494	33.5694	11.11	55.5288	
6.045e+07	108.524	27.15	10.5375	146.212	
6.05e+07	31.9	20.0844	8.02438	60.0087	
6.055e+07	48.3994	27.8975	52.9	129.197	
6.06e+07	132.41	14.2444	53.5744	200.229	
6.065e+07	10.3994	11.29	21.5994	43.2887	
6.07e+07	55.9275	19.96	10.3	86.1875	
6.075e+07	9.17438	16.6744	57.54	83.3888	
6.08e+07	42.7944	43.24	16.2944	102.329	
6.085e+07	6.57437	24.3694	44.0944	75.0381	
6.09e+07	30.1275	10.7775	8.31	49.215	
6.095e+07	47.29	55.3694	42	144.659	
6.1e+07	10.79	43.2694	9.74437	63.8037	
6.105e+07	10.0194	69.9944	29.0444	109.058	
6.11e+07	24.0344	12.94	26.34	63.3144	
6.115e+07	15.1975	21.16	54.6694	91.0269	
6.12e+07	87.6975	70.8975	10.1775	168.773	
6.125e+07	46.3344	14.4694	37.36	98.1638	
6.13e+07	56.0444	20.7975	49.8275	126.669	
6.135e+07	18.8944	8.1775	59.6594	86.7313	
6.14e+07	61.4944	30.5944	56.84	148.929	
6.145e+07	8.11	23.1744	25.3694	56.6537	
6.15e+07	32.0275	22.6694	46.9094	101.606	
6.155e+07	73.29	69.5475	15.6275	158.465	
6.16e+07	57.5694	9.89437	10.0375	77.5012	
6.165e+07	28.04	34.5244	13.8875	76.4519	
6.17e+07	84.8094	13.9194	30.2475	128.976	
6.175e+07	38.8694	42.8975	14.09	95.8569	
6.18e+07	33.21	28.9975	6.06	68.2675	
6.185e+07	17.9475	50.56	13.9444	82.4519	
6.19e+07	7.41	79.6975	13.4475	100.555	
6.195e+07	24.86	33.74	28.2694	86.8694	
6.2e+07	9.66938	32.0875	9.72438	51.4813	
6.205e+07	26.7475	18.4494	69.1244	114.321	
6.21e+07	20.2494	5.54938	41.5194	67.3181	
6.215e+07	47.8444	12.3194	10.5244	70.6881	
6.22e+07	49.5975	6.65938	66.4994	122.756	
6.225e+07	65.0975	23.1494	30.1994	118.446	
6.23e+07	52.1944	15.7475	60.5694	128.511	
6.235e+07	15.6744	64.1444	36.9744	116.793	
6.24e+07	12.3994	35.39	19.14	66.9294	
6.245e+07	6.33438	9.8875	57.1975	73.4194	
6.25e+07	15.49	27.7275	32.21	75.4275	
6.255e+07	35.6494	6.54438	46.8494	89.0431	
6.26e+07	92.8194	13.0775	14.4494	120.346	
6.265e+07	36.24	44.8875	31.6994	112.827	
6.27e+07	34.39	13.7875	91.69	139.868	
6.275e+07	16.3994	28.6775	98.2244	143.301	
6.28e+07	38.2975	18.9775	13.0694	70.3444	
6.285e+07	113.46	30.7975	15.8875	160.145	
6.29e+07	24.2994	10.1775	29.2275	63.7044	
6.295e+07	14.1744	8.28438	52.56	75.0187	
6.3e+07	43.2694	7.61938	7.62437	58.5131	
6.305e+07	14.0944	27.6494	4.49937	46.2431	
6.31e+07	4.02437	23.4744	24.9744	52.4731	
6.315e+07	36.8475	36.7744	8.16	81.7819	
6.32e+07	28.71	69.0594	22.9094	120.679	
6.325e+07	76.7275	6.06938	53.1375	135.934	
6.33e+07	24.7444	21.6775	17.5444	63.9663	
6.335e+07	22.29	64.0694	10.2475	96.6069	
6.34e+07	21.74	38.59	47.41	107.74	
6.345e+07	41.0344	62.8744	16.4475	120.356	
6.35e+07	16.4375	42.4975	6.4475	65.3825	
6.355e+07	30.9	19.1775	18.0775	68.155	
6.36e+07	23.49	54.9844	12.55	91.0244	
6.365e+07	58.4275	19.41	20.7975	98.635	
6.37e+07	114.627	43.3194	32.41	190.357	
6.375e+07	33.5694	78.9275	9.69938	122.196	
6.38e+07	5.26938	59.8694	17.66	82.7988	
6.385e+07	11.14	19.4594	20.35	50.9494	
6.39e+07	11.2975	18.9194	29.4994	59.7163	
6.395e+07	16.8194	49.4244	7.22437	73.4681	
6.4e+07	43.8244	31.7194	16.7494	92.2931	
6.405e+07	21.5444	21.41	79.36	122.314	
6.41e+07	36.9275	22.5494	15.2494	74.7263	
6.415e+07	9.19938	31.4744	36.15	76.8238	
6.42e+07	41.95	20.6744	22.7975	85.4219	
6.425e+07	12.76	70.9594	63.0944	146.814	
6.43e+07	18.5775	52.8	56.2444	127.622	
6.435e+07	13.3444	45.94	4.05938	63.3437	
6.44e+07	13.5594	61.3744	34.2744	109.208	
6.445e+07	61.3275	14.5475	22.8594	98.7344	
6.45e+07	94.6244	8.39	31.7475	134.762	
6.455e+07	16.3744	7.9775	67.01	91.3619	
6.46e+07	20.14	9.01938	20.3475	49.5069	
6.465e+07	16.4244	18.8994	44.4744	79.7981	
6.47e+07	14.2475	45.81	17.6844	77.7419	
6.475e+07	15.11	22.0775	44.0694	81.2569	
6.48e+07	16.79	19.4194	64.6775	100.887	
6.485e+07	3.26	24.05	79.0494	106.359	
6.49e+07	16.8744	4.65937	32.8444	54.3781	
6.495e+07	21.01	59.3844	13.1744	93.5688	
6.5e+07	7.21938	91.4775	41.0694	139.766	
6.505e+07	93.1744	10.3494	28.3244	131.848	
6.51e+07	7.74937	24.7744	36.3344	68.8581	
6.515e+07	42.6875	67.89	24.1694	134.747	
6.52e+07	3.30938	98.6494	35.2975	137.256	
6.525e+07	14.59	32.45	13.8275	60.8675	
6.53e+07	9.7	78.26	13.61	101.57	
6.535e+07	44.9875	42.0344	11.61	98.6319	
6.54e+07	47.5494	38.66	17.11	103.319	
6.545e+07	20.7944	19.9344	27.7375	68.4662	
6.55e+07	20.54	18.7275	37.75	77.0175	
6.555e+07	57.8994	29.7194	58.09	145.709	
6.56e+07	28.3475	16.2375	16.2344	60.8194	
6.565e+07	60.04	63.8194	3.1775	127.037	
6.57e+07	16.7444	23.4594	96.24	136.444	
6.575e+07	12.14	19.6375	77.7494	109.527	
6.58e+07	21.3494	12.11	104.19	137.649	
6.585e+07	16.7744	8.0475	61.24	86.0619	
6.59e+07	4.39438	47.8375	9.65938	61.8913	
6.595e+07	75.54	16.6094	19.4444	111.594	
6.6e+07	8.21	34.24	65.15	107.6	
6.605e+07	28.1875	31.1844	54.7694	114.141	
6.61e+07	24.9444	55.5744	10.7444	91.2631	
6.615e+07	59.5744	45.4344	33.81	138.819	
6.62e+07	5.22438	31.6975	45.3475	82.2694	
6.625e+07	9.01938	92.5875	14.6775	116.284	
6.63e+07	27.0194	31.8275	9.44437	68.2912	
6.635e+07	59.06	15.61	81.6694	156.339	
6.64e+07	25.4775	13.6194	46.34	85.4369	
6.645e+07	120.24	6.84937	6.04	133.129	
6.65e+07	31.9494	53.0194	15.7	100.669	
6.655e+07	18.5475	29.44	68.8694	116.857	
6.66e+07	24.31	21.61	8.81938	54.7394	
6.665e+07	26.11	25.6	12.2994	64.0094	
6.67e+07	50.0694	18.34	121.998	190.407	
6.675e+07	9.24437	38.44	40.1594	87.8438	
6.68e+07	17.66	21.8375	34.0094	73.5069	
6.685e+07	22.2944	18.6475	13.4744	54.4162	
6.69e+07	11.6494	12.1244	49.21	72.9837	
6.695e+07	12.61	28.8994	25.61	67.1194	
6.7e+07	20.5475	20.54	23.01	64.0975	
6.705e+07	14.9975	27.2475	25.7875	68.0325	
6.71e+07	18.5494	16.4194	64.1975	99.1663	
6.715e+07	35.2494	7.48438	51.9744	94.7081	
6.72e+07	19.1	45.04	22.1875	86.3275	
6.725e+07	28.9494	12.01	23.61	64.5694	
6.73e+07	17.3775	16.6244	94.51	128.512	
6.735e+07	20.9494	7.06938	47.3194	75.3381	
6.74e+07	66.8444	13.8775	25.3094	106.031	
6.745e+07	33.0744	5.1375	21.5994	59.8113	
6.75e+07	9.06	54.3775	38.5444	101.982	
6.755e+07	40.5744	20.9694	48.1744	109.718	
6.76e+07	42.16	38.31	7.87437	88.3444	
6.765e+07	23.6244	18.91	79.9475	122.482	
6.77e+07	58.09	15.4244	26.1475	99.6619	
6.775e+07	59.7694	9.11	16.4844	85.3637	
6.78e+07	105.097	23.2975	16.4744	144.869	
6.785e+07	15.5694	14.36	13.3194	43.2488	
6.79e+07	22.41	8.4775	51.5944	82.4819	
6.795e+07	15.3594	26.1994	90.8694	132.428	
6.8e+07	22.0944	61.8444	34.96	118.899	
6.805e+07	36.3244	48.7344	20.8944	105.953	
6.81e+07	48.39	36.7775	21.41	106.578	
6.815e+07	26.5975	18.21	77.14	121.948	
6.82e+07	29.2775	105.784	66.2194	201.281	
6.825e+07	27.1844	15.3994	100.084	142.668	
6.83e+07	22.3694	43.9194	3.34	69.6287	
6.835e+07	17.1994	20.6275	26.0844	63.9113	
6.84e+07	14.2775	123.347	48.91	186.535	
6.845e+07	15.3994	95.35	39.5444	150.294	
6.85e+07	45.0844	24.0844	25.8975	95.0663	
6.855e+07	6.2775	25.26	18.1275	49.665	
6.86e+07	14.0975	7.14437	51.3375	72.5794	
6.865e+07	97.64	11.39	65.8944	174.924	
6.87e+07	5.85938	63.8275	13.5875	83.2744	
6.875e+07	15.1194	51.8744	14.8494	81.8431	
6.88e+07	14.5375	49.2244	5.96938	69.7313	
6.885e+07	48.0875	30.3375	65.3775	143.803	
6.89e+07	21.9744	55.1194	15.2875	92.3812	
6.895e+07	28.7744	26.3494	82.5994	137.723	
6.9e+07	18.5194	55.1244	38.3475	111.991	
6.905e+07	108.55	8.39438	5.89	122.834	
6.91e+07	26.74	40.3744	12.4475	79.5619	
6.915e+07	90.05	8.8	13.3244	112.174	
6.92e+07	31.2194	15.5844	13.5744	60.3781	
6.925e+07	45.3994	9.99937	42.6844	98.0831	
6.93e+07	65.3944	13.9275	55.94	135.262	
6.935e+07	24.99	12.0775	28.8994	65.9669	
6.94e+07	32.6875	34.4994	16.6494	83.8363	
6.945e+07	31.1	70.1244	10.0444	111.269	
6.95e+07	17.6744	26.0244	52.4494	96.1481	
6.955e+07	26.64	83.1975	13.6475	123.485	
6.96e+07	47.3744	10.64	16.2094	74.2238	
6.965e+07	12.4694	51.3694	17.9275	81.7662	
6.97e+07	13.9275	13.2094	19.7775	46.9144	
6.975e+07	9.72438	30.8444	59.9744	100.543	
6.98e+07	30.9275	98.76	15.1475	144.835	
6.985e+07	29.59	24.31	68.4444	122.344	
6.99e+07	11.65	80.9494	4.5275	97.1269	
6.995e+07	11.2275	51.1844	14.0775	76.4894	
7e+07	15.2775	57.1244	20.39	92.7919	
7.005e+07	18.5994	8.84937	37.1444	64.5931	
7.01e+07	22.8744	15.19	20.4994	58.5638	
7.015e+07	54.4944	4.96938	19.36	78.8238	
7.02e+07	15.5875	15.6244	9.99	41.2019	
7.025e+07	17.0775	20.6875	22.44	60.205	
7.03e+07	129.877	10.6375	13.65	154.165	
7.035e+07	56.9194	48.16	11.9444	117.024	
7.04e+07	12.69	62.3475	11.81	86.8475	
7.045e+07	18.24	31.1244	8.26937	57.6337	
7.05e+07	15.3875	115.499	42.2275	173.114	
7.055e+07	41.79	61.3494	4.64	107.779	
7.06e+07	10.8744	26.6875	12.8975	50.4594	
7.065e+07	51.3194	76.2444	11.1594	138.723	
7.07e+07	42.7	24.3594	17.1344	84.1938	
7.075e+07	14.3475	15.7375	27.31	57.395	
7.08e+07	51.3275	45.7744	61.0194	158.121	
7.085e+07	7.64437	30.7475	82.4244	120.816	
7.09e+07	16.9275	36.64	35.6975	89.265	
7.095e+07	13.6975	24.8994	11.1244	49.7212	
7.1e+07	31.7875	51.19	10.0975	93.075	
7.105e+07	11.9475	10.96	38.21	61.1175	
7.11e+07	33.3244	11.3444	14.09	58.7588	
7.115e+07	26.7194	14.2594	10.79	51.7688	
7.12e+07	16.54	12.7694	16.0844	45.3937	
7.125e+07	32.3275	39.0944	20.7475	92.1694	
7.13e+07	58.8975	18.9944	60.2494	138.141	
7.135e+07	38.4	44.36	79.2994	162.059	
7.14e+07	36.09	48.7694	9.49937	94.3588	
7.145e+07	31.4975	24.01	38.1494	93.6569	
7.15e+07	56.4775	6.8975	16.6275	80.0025	
7.155e+07	55.5744	33.1344	5.31938	94.0281	
7.16e+07	26.84	20.4494	10.5	57.7894	
7.165e+07	22.4475	10.4844	33.3944	66.3262	
7.17e+07	15.11	76.69	10.09	101.89	
7.175e+07	22.55	25.0444	26.9694	74.5637	
7.18e+07	98.8594	27.4375	21.6494	147.946	
7.185e+07	63.5375	20.6994	20.2775	104.514	
7.19e+07	29.1944	73.6344	27.7975	130.626	
7.195e+07	20.0775	4.15937	25.79	50.0269	
7.2e+07	33.79	8.3975	10.5694	52.7569	
7.205e+07	14.3444	43.1994	12.6994	70.2431	
7.21e+07	62.4494	43.0844	37.16	142.694	
7.215e+07	10.61	33.01	15.5744	59.1944	
7.22e+07	8.31	33.8444	33.2975	75.4519	
7.225e+07	18.9775	24	70.1844	113.162	
7.23e+07	19.3094	27.24	75.21	121.759	
7.235e+07	24.3775	11.8875	28.69	64.955	
7.24e+07	39.5975	23.3694	39.6244	102.591	
7.245e+07	23.2744	18.0844	28.1	69.4587	
7.25e+07	50.5875	12.4694	13.7475	76.8044	
7.255e+07	54.4975	28.2744	5.78438	88.5563	
7.26e+07	41.9	19.85	22.3444	84.0944	
7.265e+07	39.0694	11.85	21.8494	72.7688	
7.27e+07	29.8194	18.44	51.5594	99.8187	
7.275e+07	41.0475	17.4775	19.2094	77.7344	
7.28e+07	13.5475	73.9194	27.6994	115.166	
7.285e+07	6.43438	31.7944	151.45	189.679	
7.29e+07	15.79	44.3994	28.76	88.9494	
7.295e+07	14.0444	17.8775	97.1475	129.069	
7.3e+07	36.09	17.2944	40.7694	94.1538	
7.305e+07	13.51	12.06	63.7694	89.3394	
7.31e+07	61.0994	16.51	52.8994	130.509	
7.315e+07	20.5844	8.32438	27.76	56.6688	
7.32e+07	47.5494	17.16	8.6775	73.3869	
7.325e+07	44.6994	36.6494	16.7994	98.1481	
7.33e+07	39.4694	90.0244	8.96938	138.463	
7.335e+07	53.0444	8.14438	53.5944	114.783	
7.34e+07	23.29	50.1	47.1694	120.559	
7.345e+07	17.54	9.96938	28.0944	55.6037	
7.35e+07	27.2244	27.8475	28.9975	84.0694	
7.355e+07	13.46	27.59	19.5875	60.6375	
7.36e+07	28.61	24.2194	59.45	112.279	
7.365e+07	7.1875	12.9375	10.0944	30.2194	
7.37e+07	53.56	26.51	16.0875	96.1575	
7.375e+07	76.6444	55.55	45.2775	177.472	
7.38e+07	18.4	52.0094	22.4094	92.8188	
7.385e+07	32.84	75.7494	4.65937	113.249	
7.39e+07	19.7694	89.4944	44.2975	153.561	
7.395e+07	54.3194	43.7494	20.76	118.829	
7.4e+07	26.39	26.1775	33.2244	85.7919	
7.405e+07	7.39937	162.049	4.6775	174.126	
7.41e+07	12.8444	27.7994	34.6944	75.3381	
7.415e+07	4.89438	38.9275	36.8475	80.6694	
7.42e+07	26.0275	32.3775	18.8244	77.2294	
7.425e+07	30.3975	67.49	6.22438	104.112	
7.43e+07	5.1275	55.3975	38.0194	98.5444	
7.435e+07	52.4244	5.58438	32.6475	90.6562	
7.44e+07	20.4744	22.3844	15.21	58.0688	
7.445e+07	65.5275	41.0844	44.6375	151.249	
7.45e+07	59.7475	10.3	44.8	114.847	
7.455e+07	15.01	43.8875	28.2494	87.1469	
7.46e+07	5.8775	33.6244	48.2375	87.7394	
7.465e+07	29.7975	21.8875	20.9275	72.6125	
7.47e+07	7.2975	24.1494	25.3694	56.8163	
7.475e+07	65.9975	33.6494	9.9475	109.594	
7.48e+07	14.9444	27.5494	29.8444	72.3381	
7.485e+07	34.8444	178.759	4.67438	218.278	
7.49e+07	29.4994	4.71938	33.0975	67.3163	
7.495e+07	9.26938	14.5944	78.1944	102.058	
7.5e+07	36.4094	6.2475	30.7744	73.4313	
7.505e+07	64.7475	43.36	135.438	243.545	
7.51e+07	68.5194	15.1975	34.5194	118.236	
7.515e+07	24.16	64.8875	21.8994	110.947	
7.52e+07	6.57437	61.24	26.7975	94.6119	
7.525e+07	29.76	47.5194	27.3444	104.624	
7.53e+07	19.2994	7.21938	45.6444	72.1631	
7.535e+07	109.049	24.0944	43.1275	176.271	
7.54e+07	76.5244	20.5	33.2244	130.249	
7.545e+07	9.01	13.3744	68.0275	90.4119	
7.55e+07	49.2444	53.21	7.86937	110.324	
7.555e+07	80.2094	13.5444	57.4944	151.248	
7.56e+07	12.6694	40.7994	18.9975	72.4663	
7.565e+07	15.2744	78.2275	145.438	238.939	
7.57e+07	50.1475	29.6375	35.6244	115.409	
7.575e+07	9.41938	44.2975	57.8975	111.614	
7.58e+07	10.4244	21.19	44.01	75.6244	
7.585e+07	16.8975	23.3694	19.6775	59.9444	
7.59e+07	13.0094	19.3275	55.36	87.6969	
7.595e+07	18.8344	28.06	103.269	150.164	
7.6e+07	16.4194	42.7744	20.3944	79.5881	
7.605e+07	16.4744	69.5844	41.09	127.149	
7.61e+07	24.4244	52.3944	20.89	97.7088	
7.615e+07	14.9	33.6194	14.0275	62.5469	
7.62e+07	32.5244	9.29937	46.1744	87.9981	
7.625e+07	29.76	7.8375	47.55	85.1475	
7.63e+07	16.6094	50.51	20.3975	87.5169	
7.635e+07	54.9475	10.11	88.4594	153.517	
7.64e+07	52.3694	64.2344	19.4244	136.028	
7.645e+07	56.94	37.5694	25.11	119.619	
7.65e+07	55.6	25.5475	19.6244	100.772	
7.655e+07	17.36	9.5775	63.16	90.0975	
7.66e+07	9.9	71.71	4.76938	86.3794	
7.665e+07	65.3244	27.3444	31.1875	123.856	
7.67e+07	30.4744	52.6944	22.9475	106.116	
7.675e+07	44.6694	30.3275	88.5475	163.544	
7.68e+07	30.2694	10.2744	89.0694	129.613	
7.685e+07	39.74	10.4194	18.5444	68.7038	
7.69e+07	10.9694	15.8594	49.5744	76.4031	
7.695e+07	22.9975	55.8875	19.4475	98.3325	
7.7e+07	30.9975	48.4244	19.3094	98.7313	
7.705e+07	8.43438	33.44	15.9944	57.8688	
7.71e+07	49.5375	16.7775	8.04937	74.3644	
7.715e+07	11.8594	30.2775	36.24	78.3769	
7.72e+07	70.39	63.49	52.0844	185.964	
7.725e+07	22.6744	56.4375	83.55	162.662	
7.73e+07	41.7194	20.1494	44.3375	106.206	
7.735e+07	45.4975	23.4344	13.8775	82.8094	
7.74e+07	18.4494	18.1375	13.3344	49.9213	
7.745e+07	28.6494	12.9594	29.7694	71.3781	
7.75e+07	13.6694	24.3744	39.3744	77.4181	
7.755e+07	36.09	21.2994	18.11	75.4994	
7.76e+07	25.9994	17.9875	33.3975	77.3844	
7.765e+07	30.71	4.14	60.9375	95.7875	
7.77e+07	59.8275	31.21	10.5	101.538	
7.775e+07	65.99	16.4994	13.1844	95.6738	
7.78e+07	70.0994	21.8744	57.9494	149.923	
7.785e+07	13.8494	32.3744	88.1944	134.418	
7.79e+07	13.1694	20.8975	36.4275	70.4944	
7.795e+07	88.8244	4.5475	18.0475	111.419	
7.8e+07	63.7944	7.06938	51.8694	122.733	
7.805e+07	11.3694	64.9	16.6444	92.9138	
7.81e+07	8.72438	45.0275	28.0475	81.7994	
7.815e+07	80.6594	13.2244	15.5375	109.421	
7.82e+07	30.56	5.46	29.9444	65.9644	
7.825e+07	38.1594	21.7475	43.5694	103.476	
7.83e+07	21.9275	5.24438	39.56	66.7319	
7.835e+07	92.8194	14.95	6.22437	113.994	
7.84e+07	20.2475	8.18438	22.5875	51.0194	
7.845e+07	20.1975	51.0194	17.9	89.1169	
7.85e+07	15.7275	77.3344	23.9275	116.989	
7.855e+07	6.1875	20.1975	22.29	48.675	
7.86e+07	35.81	8.74	18.9344	63.4844	
7.865e+07	22.4975	20.4775	34.8694	77.8444	
7.87e+07	47.1475	8.22438	44.0494	99.4213	
7.875e+07	10.6094	48.5494	20.5275	79.6863	
7.88e+07	12.5444	21.1694	44.5594	78.2731	
7.885e+07	10.3694	99.1744	27.1444	136.688	
7.89e+07	23.31	22.5344	75.3275	121.172	
7.895e+07	34.1194	45.0775	6.54	85.7369	
7.9e+07	33.1994	36.8694	13.6744	83.7431	
7.905e+07	42.31	54.3994	17.1775	113.887	
7.91e+07	66.74	6.00938	59.8475	132.597	
7.915e+07	31.2275	20.2494	8.16	59.6369	
7.92e+07	11.3494	11.6594	23.64	46.6488	
7.925e+07	42.7975	15.7744	48.7744	107.346	
7.93e+07	14.3094	22.1094	15.6944	52.1131	
7.935e+07	69.4444	7.65	9.09937	86.1937	
7.94e+07	7.6375	21.6244	11.1494	40.4113	
7.945e+07	13.5444	25.8444	36.5975	75.9862	
7.95e+07	35.6944	13.8444	35.5444	85.0831	
7.955e+07	11.2475	12.9744	109.384	133.606	
7.96e+07	11.11	28.04	37.7444	76.8944	
7.965e+07	8.63438	117.978	34.6444	161.256	
7.97e+07	23.6275	12.4475	79.45	115.525	
7.975e+07	9.7	14.8475	27.7475	52.295	
7.98e+07	22.4594	45.6444	23.3494	91.4531	
7.985e+07	28.3994	37.9775	8.6775	75.0544	
7.99e+07	68.41	35.2844	13.1275	116.822	
7.995e+07	23.11	32.2694	8.15	63.5294	
8e+07	13.9244	16.6944	17.84	48.4587	
8.005e+07	33.6494	29.4	23.8494	86.8988	
8.01e+07	14.36	92.34	50.41	157.11	
8.015e+07	15.6975	14.7994	19.7744	50.2713	
8.02e+07	3.4375	35.7194	19.1944	58.3513	
8.025e+07	10.24	22.41	54.1444	86.7944	
8.03e+07	13.3444	11.4594	29.91	54.7137	
8.035e+07	30.4844	17.21	84.5475	132.242	
8.04e+07	69.24	32.3194	18.4275	119.987	
8.045e+07	35.7944	17.9094	18.7694	72.4731	
8.05e+07	64.51	11.24	16.9	92.65	
8.055e+07	8.42438	18.85	17.9244	45.1988	
8.06e+07	29.7194	15.21	69.4194	114.349	
8.065e+07	9.2475	110.249	23.7194	143.216	
8.07e+07	25.6475	16.9994	3.81938	46.4663	
8.075e+07	33.0344	5.15	30.34	68.5244	
8.08e+07	3.54437	67.31	11.8944	82.7488	
8.085e+07	29.9975	27.51	8.94	66.4475	
8.09e+07	32.5744	7.89	23.2444	63.7087	
8.095e+07	44.84	11.3244	79.21	135.374	
8.1e+07	4.86	32.4244	48.5494	85.8338	
8.105e+07	36.5194	27.6694	17.45	81.6388	
8.11e+07	8.2275	40.4475	39.9444	88.6194	
8.115e+07	23.4475	9.96	7.11	40.5175	
8.12e+07	9.29	47.3275	95.4444	152.062	
8.125e+07	62.7994	21.45	12.2494	96.4988	
8.13e+07	11.96	6.82437	10.7344	29.5187	
8.135e+07	13.2444	14.6744	32.59	60.5087	
8.14e+07	161.424	7.74438	21.1	190.269	
8.145e+07	38.41	3.28438	67.26	108.954	
8.15e+07	26.8475	14.6744	38.9244	80.4463	
8.155e+07	21.0444	23.2094	51.54	95.7938	
8.16e+07	75.5	9.0275	22.2744	106.802	
8.165e+07	42.8775	66.8475	6.86937	116.594	
8.17e+07	22.79	9.51	23.26	55.56	
8.175e+07	24.4744	23.1344	111.588	159.196	
8.18e+07	14.0444	20.01	76.0275	110.082	
8.185e+07	13.0975	13.34	30.06	56.4975	
8.19e+07	23.2694	50.14	26.59	99.9994	
8.195e+07	68.2475	43.7875	3.61	115.645	
8.2e+07	64.3494	17.4694	55.2	137.019	
8.205e+07	30.8844	57.1244	8.69437	96.7031	
8.21e+07	2.79	46.7694	112.16	161.719	
8.215e+07	22.6744	6.4375	39.6275	68.7394	
8.22e+07	34.3944	13.0994	14.26	61.7537	
8.225e+07	22.79	32.3875	13.9744	69.1519	
8.23e+07	17.5	70.04	16.3594	103.899	
8.235e+07	25.6944	10.9975	27.9444	64.6362	
8.24e+07	18.2694	23.5244	13.8744	55.6681	
8.245e+07	37.7944	15.9275	10.5694	64.2912	
8.25e+07	18.8194	89.6244	11.65	120.094	
8.255e+07	13.0275	42.46	48.0694	103.557	
8.26e+07	21.9994	75.79	12.8975	110.687	
8.265e+07	42.1975	17.1494	21.4944	80.8413	
8.27e+07	10.3444	15.7775	21.6494	47.7712	
8.275e+07	8.91938	35.1194	51.6375	95.6763	
8.28e+07	49.69	20.8975	15.5994	86.1869	
8.285e+07	19.6694	46.31	11.1975	77.1769	
8.29e+07	23.2494	28.2875	89.39	140.927	
8.295e+07	5.12437	14.8944	58	78.0187	
8.3e+07	28.7875	14.7775	22.3875	65.9525	
8.305e+07	53.7844	29.9244	12.4944	96.2031	
8.31e+07	12.9944	43.4744	18.2444	74.7131	
8.315e+07	35.55	9.4275	12.1875	57.165	
8.32e+07	78.9094	62.34	18.0194	159.269	
8.325e+07	19.1375	9.42438	31.7375	60.2994	
8.33e+07	66.84	7.82438	14.7475	89.4119	
8.335e+07	55.1975	8.35	9.3875	72.935	
8.34e+07	24.5975	14.0275	17.0975	55.7225	
8.345e+07	26.6775	41.71	8.12438	76.5119	
8.35e+07	7.2475	22.0844	75.6975	105.029	
8.355e+07	24.1494	25.96	53.1975	103.307	
8.36e+07	19.9344	13.61	25.8744	59.4188	
8.365e+07	19.7494	5.04438	56.9694	81.7631	
8.37e+07	12	21.9694	41.09	75.0594	
8.375e+07	42.9344	129.44	7.95	180.324	
8.38e+07	85.8944	20.01	94.5494	200.454	
8.385e+07	14.4	30.35	32.6994	77.4494	
8.39e+07	5.64437	13.1775	73.1194	91.9412	
8.395e+07	26.8275	66.7594	35.5594	129.146	
8.4e+07	83.5744	35.0344	9.26	127.869	
8.405e+07	47.6694	80.5444	29.3975	157.611	
8.41e+07	30.8594	18.5594	57.0244	106.443	
8.415e+07	11.8994	6.2975	44.1444	62.3413	
8.42e+07	48.1944	16.2	50.2344	114.629	
8.425e+07	19.9344	10.4244	126.724	157.083	
8.43e+07	87.1094	23.3944	17.3275	127.831	
8.435e+07	23.45	12.0494	30.0694	65.5687	
8.44e+07	46.4444	106.474	13.9975	166.916	
8.445e+07	7.21	33.9694	18.1744	59.3538	
8.45e+07	27.5944	11.4	19.5	58.4944	
8.455e+07	67.7244	28.5244	14.29	110.539	
8.46e+07	14.9094	15.49	15.01	45.4094	
8.465e+07	15.01	71.4375	8.1775	94.625	
8.47e+07	26.3194	30.1775	10.2194	66.7162	
8.475e+07	8.8975	32.3944	16.96	58.2519	
8.48e+07	12.6744	59.9475	41.3844	114.006	
8.485e+07	26.9694	8.47438	41.86	77.3038	
8.49e+07	9.1	32.06	15.8694	57.0294	
8.495e+07	26.2944	74.0744	15.8475	116.216	
8.5e+07	68.49	9.8375	102.238	180.565	
8.505e+07	11.4094	16.8775	61.7275	90.0144	
8.51e+07	86.4694	40.0275	11.4244	137.921	
8.515e+07	14.5494	20.7944	89.59	124.934	
8.52e+07	86.8	18.61	7.20938	112.619	
8.525e+07	20.1744	22.3194	129.228	171.721	
8.53e+07	18.7594	6.3875	39.9744	65.1213	
8.535e+07	13.7744	54.9475	15.6775	84.3994	
8.54e+07	18.8	20.6275	26.01	65.4375	
8.545e+07	16.2475	10.8744	54.95	82.0719	
8.55e+07	28.1744	16.2244	38.6975	83.0962	
8.555e+07	49.25	20.0494	52.9475	122.247	
8.56e+07	20.2244	21.3094	9.79	51.3238	
8.565e+07	15.1975	30.1775	29.6744	75.0494	
8.57e+07	65.3244	12.7775	19.6244	97.7263	
8.575e+07	62.2744	11.3744	5.65	79.2988	
8.58e+07	16.5744	10.5944	29.91	57.0787	
8.585e+07	20	86.75	17.1444	123.894	
8.59e+07	14.89	25.8275	46.4444	87.1619	
8.595e+07	28.1944	32.3694	22.9994	83.5631	
8.6e+07	38.0994	16.9975	12.06	67.1569	
8.605e+07	14.69	16.8444	124.424	155.959	
8.61e+07	58.5	9.2275	13.79	81.5175	
8.615e+07	39.7444	37.0775	19.3744	96.1963	
8.62e+07	13.3744	49.0775	11.26	73.7119	
8.625e+07	24.7094	8.5775	38.5944	71.8813	
8.63e+07	28.5775	13.1244	72.41	114.112	
8.635e+07	11.3275	25.94	28.7744	66.0419	
8.64e+07	15.79	14.76	75.6844	106.234	
8.645e+07	20.4194	31.6194	40.4975	92.5363	
8.65e+07	40.1244	7.70938	16.2275	64.0612	
8.655e+07	52.0475	19.1244	12.3375	83.5094	
8.66e+07	108.9	11.96	34.4494	155.309	
8.665e+07	13.3475	24.8994	11.76	50.0069	
8.67e+07	43.19	14.7094	7.61	65.5094	
8.675e+07	28.1494	64.6194	21.9694	114.738	
8.68e+07	33.6444	5.48438	40.4275	79.5562	
8.685e+07	10.1744	18.7244	12.9275	41.8263	
8.69e+07	40.29	22.3975	14.3444	77.0319	
8.695e+07	11.8775	4.7375	49.2775	65.8925	
8.7e+07	21.3944	35.6475	49.46	106.502	
8.705e+07	28.5194	7.6775	12.2875	48.4844	
8.71e+07	25.4475	34.0744	33.6694	93.1912	
8.715e+07	16.3094	34.74	15.2594	66.3088	
8.72e+07	8.95	37.16	35.5744	81.6844	
8.725e+07	31.1694	7.6875	41.0775	79.9344	
8.73e+07	11.7844	8.72438	56.45	76.9588	
8.735e+07	27.3	55.0944	148.099	230.494	
8.74e+07	9.44438	45.19	13.6444	68.2788	
8.745e+07	95.8994	15.7494	13.2494	124.898	
8.75e+07	4.10938	16.1994	32.54	52.8487	
8.755e+07	29.8	78.2744	13.4775	121.552	
8.76e+07	24.21	16.0975	19.44	59.7475	
8.765e+07	18.8344	91.6875	25.3375	135.859	
8.77e+07	25.79	13.29	15.59	54.67	
8.775e+07	8.99	16.0994	37.84	62.9294	
8.78e+07	85.2444	12.76	13.75	111.754	
8.785e+07	36.71	14.61	61.4094	112.729	
8.79e+07	24.29	16.5275	77.4694	118.287	
8.795e+07	18.51	51.11	21.6994	91.3194	
8.8e+07	11.4344	9.99	63.2244	84.6487	
8.805e+07	15.9494	48.0194	30.2975	94.2662	
8.81e+07	67.7744	35.9475	7.19	110.912	
8.815e+07	23.4744	43.8244	27.9994	95.2981	
8.82e+07	17.9694	57.9775	6.61	82.5569	
8.825e+07	18.2275	49.5994	21.0244	88.8512	
8.83e+07	18.94	22.16	7.72438	48.8244	
8.835e+07	19.0375	36.9494	6.8	62.7869	
8.84e+07	28.4744	27.59	14.6244	70.6888	
8.845e+07	59.21	9.7	61.6694	130.579	
8.85e+07	20.7875	11.49	17.7744	50.0519	
8.855e+07	9.26937	31.44	80.1975	120.907	
8.86e+07	36.0094	24.49	47.1594	107.659	
8.865e+07	40.4975	32.9975	38.4775	111.972	
8.87e+07	11.1194	20.0594	38.5975	69.7762	
8.875e+07	21.96	22.46	19.2875	63.7075	
8.88e+07	23.8344	75.5944	11.11	110.539	
8.885e+07	15.9244	4.79	27.0744	47.7888	
8.89e+07	79.2494	31.6375	30.2944	141.181	
8.895e+07	53.3975	8.56	10.7194	72.6769	
8.9e+07	6.96	26.3944	120.45	153.804	
8.905e+07	34.3744	9.14438	37.29	80.8087	
8.91e+07	47.4975	7.1875	12.7275	67.4125	
8.915e+07	24.6944	12.1194	17.4275	54.2412	
8.92e+07	81.3694	9.9475	29.2994	120.616	
8.925e+07	55.0194	6.25	8.29937	69.5687	
8.93e+07	23.3944	35.8694	8.5475	67.8113	
8.935e+07	82.0244	20.2775	22.8594	125.161	
8.94e+07	100.159	17.31	40.9694	158.439	
8.945e+07	29.6744	10.41	36.9994	77.0838	
8.95e+07	48.3694	7.79938	5.0975	61.2663	
8.955e+07	18.79	13.3244	10.1744	42.2887	
8.96e+07	67.3775	17.6975	9.89	94.965	
8.965e+07	12.3844	13.0244	14.49	39.8987	
8.97e+07	61.7594	173.059	8.8875	243.706	
8.975e+07	68.5494	72.9444	36.1744	177.668	
8.98e+07	17.8244	38.6875	13.61	70.1219	
8.985e+07	75.8994	4.15	12.7194	92.7688	
8.99e+07	95.2444	45.5244	13.7194	154.488	
8.995e+07	66.5194	31.2744	7.09438	104.888	
9e+07	17.0844	7.49	112.274	136.849	
9.005e+07	61.3944	26.0494	10.3975	97.8413	
9.01e+07	49.6375	8.7775	21.41	79.825	
9.015e+07	18.39	35.7475	35.3994	89.5369	
9.02e+07	5.58438	15.04	73.6775	94.3019	
9.025e+07	58.5775	13.3475	12.5194	84.4444	
9.03e+07	25.0875	17.3775	36.34	78.805	
9.035e+07	53.5475	22.9494	16.91	93.4069	
9.04e+07	6.2975	45.56	20.3275	72.185	
9.045e+07	88.4244	142.249	29.0875	259.761	
9.05e+07	20.4594	31.3994	32.7	84.5587	
9.055e+07	21.7994	252.627	4.04	278.467	
9.06e+07	26.14	11.4444	10.6444	48.2288	
9.065e+07	28.2875	28.89	7.4	64.5775	
9.07e+07	74.6994	55	10.7275	140.427	
9.075e+07	16.6844	28.3994	126.049	171.133	
9.08e+07	10.0775	10.05	32.5744	52.7019	
9.085e+07	47.5875	10.2444	23.7775	81.6094	
9.09e+07	33.46	46.4744	20.4444	100.379	
9.095e+07	55.4775	10.39	15.19	81.0575	
9.1e+07	14.7194	38.6344	106.194	159.548	
9.105e+07	11.2275	40.6694	13.84	65.7369	
9.11e+07	25.6194	31.3694	15.1494	72.1381	
9.115e+07	19.26	22.71	6.49	48.46	
9.12e+07	14.7975	52.7594	9.19438	76.7513	
9.125e+07	102.528	9.36938	99.3694	211.266	
9.13e+07	53.3994	36.8444	33.6344	123.878	
9.135e+07	12.6275	141.888	4.71	159.225	
9.14e+07	18.46	41.5994	13.6	73.6594	
9.145e+07	8.46938	103.609	27.7375	139.816	
9.15e+07	28.36	21.3444	9.6975	59.4019	
9.155e+07	42.4944	24.89	9.64437	77.0288	
9.16e+07	11.3694	46.8375	51.5275	109.734	
9.165e+07	15.8344	95.8875	30.4975	142.219	
9.17e+07	22.81	37.6475	3.93438	64.3919	
9.175e+07	13.3975	69.8244	8.19938	91.4213	
9.18e+07	45.6275	17.9494	7.0775	70.6544	
9.185e+07	28.81	6.91	19.7475	55.4675	
9.19e+07	38.1744	4.14	111.299	153.614	
9.195e+07	10.26	33.6844	14.0944	58.0388	
9.2e+07	45.4844	10.2194	5.84938	61.5531	
9.205e+07	17.7694	17.3194	44.2775	79.3663	
9.21e+07	6.84938	33.66	18.0694	58.5787	
9.215e+07	37.3475	31.9994	20.44	89.7869	
9.22e+07	64.7944	36.7594	60.3975	161.951	
9.225e+07	25.21	46.7194	45.09	117.019	
9.23e+07	14.2244	117.51	28.0494	159.784	
9.235e+07	27.3244	14.91	34.4444	76.6788	
9.24e+07	5.44937	67.9494	83.25	156.649	
9.245e+07	39.5444	22.4744	28.3844	90.4031	
9.25e+07	31.25	75.9694	24.54	131.759	
9.255e+07	5.84	38.6475	23.69	68.1775	
9.26e+07	6.94	75.21	69.6694	151.819	
9.265e+07	42.9	12.9475	15.44	71.2875	
9.27e+07	16.8975	31.64	13.24	61.7775	
9.275e+07	8.49938	57.9944	33.1475	99.6412	
9.28e+07	13.0094	68.9475	33.3775	115.334	
9.285e+07	15.4775	17.8875	16.3694	49.7344	
9.29e+07	35.31	60.3975	10.4444	106.152	
9.295e+07	30.1475	18.81	32.4994	81.4569	
9.3e+07	56.2475	67.14	11.9694	135.357	
9.305e+07	14.2694	12.46	73.2244	99.9538	
9.31e+07	8.9475	40.2744	20.71	69.9319	
9.315e+07	15.4244	29.34	16.0444	60.8087	
9.32e+07	36.5094	37.2475	67.1	140.857	
9.325e+07	33.1375	39.2094	18.04	90.3869	
9.33e+07	8.84938	80.34	20.99	110.179	
9.335e+07	15.1194	35.14	22.4694	72.7288	
9.34e+07	11.7494	104.24	10.5194	126.509	
9.345e+07	61.3494	15.6694	27.2494	104.268	
9.35e+07	17.94	24.94	73.75	116.63	
9.355e+07	47.4275	9.6875	7.91	65.025	
9.36e+07	51.04	26.6475	19.56	97.2475	
9.365e+07	17.8244	36.1275	29.6875	83.6394	
9.37e+07	27.4944	18.6744	24.0275	70.1963	
9.375e+07	23.0744	20.2275	10.3344	53.6363	
9.38e+07	53.0944	65.3475	14.64	133.082	
9.385e+07	23.25	7.0775	28.9875	59.315	
9.39e+07	10.9244	43.2244	11.2444	65.3931	
9.395e+07	110.36	19.9694	9.95	140.279	
9.4e+07	22.4375	30.7944	59.59	112.822	
9.405e+07	72.65	97.3775	21.0494	191.077	
9.41e+07	47.7344	23.66	8.77437	80.1687	
9.415e+07	28.9444	51.75	8.26	88.9544	
9.42e+07	8.54938	20.7444	66.4344	95.7281	
9.425e+07	10.7194	19.3244	69.3975	99.4413	
9.43e+07	17.89	12.0694	9.7275	39.6869	
9.435e+07	18.1975	65.3944	12.3494	95.9412	
9.44e+07	69.5475	13.6275	70.8744	154.049	
9.445e+07	8.81937	43.7744	70.5694	123.163	
9.45e+07	29.1094	10.0444	31.2344	70.3881	
9.455e+07	8.82438	83.9344	19.91	112.669	
9.46e+07	21.3944	51.5944	65.59	138.579	
9.465e+07	15.8275	25.7844	118.077	159.689	
9.47e+07	2.84938	26.2094	37.8094	66.8681	
9.475e+07	23.1444	30.6694	27.3775	81.1913	
9.48e+07	16.26	17.91	15.0475	49.2175	
9.485e+07	10.4275	29.9975	16.8775	57.3025	
9.49e+07	14.2344	5.53438	31.5275	51.2962	
9.495e+07	17.1444	32.4744	11.8344	61.4531	
9.5e+07	128.74	54.19	12.25	195.18	
9.505e+07	8.74438	15.5875	74.2344	98.5662	
9.51e+07	8.91	6.88438	45.1375	60.9319	
9.515e+07	83.11	12.35	5.56938	101.029	
9.52e+07	15.1275	55.54	8.51	79.1775	
9.525e+07	7.66	27.24	56.3344	91.2344	
9.53e+07	7.16938	55.4744	22.74	85.3838	
9.535e+07	6.4	28.4775	36.9475	71.825	
9.54e+07	47.8944	9.59438	40.2975	97.7863	
9.545e+07	25.5744	4.9475	36.4475	66.9694	
9.55e+07	42.9994	40.66	9.49	93.1494	
9.555e+07	143.349	43.4344	5.9475	192.731	
9.56e+07	52.6975	13.7444	46.2194	112.661	
9.565e+07	11.6275	80.09	74.0744	165.792	
9.57e+07	12.76	18.81	8.74	40.31	
9.575e+07	10.5475	76.5994	26.3775	113.524	
9.58e+07	73.4275	12.8975	14.5094	100.834	
9.585e+07	34.0194	15.14	74.7	123.859	
9.59e+07	70.65	76.06	30.9	177.61	
9.595e+07	23.45	40.3775	7.07438	70.9019	
9.6e+07	17.24	45.6744	17.1444	80.0588	
9.605e+07	7.14938	13.5275	12.9875	33.6644	
9.61e+07	28.9194	8.64438	8.6975	46.2613	
9.615e+07	47.8475	12.6944	17.0844	77.6263	
9.62e+07	41.6275	36.4494	3.7775	81.8544	
9.625e+07	29.0194	103.959	18.4194	151.398	
9.63e+07	55.0775	8.79438	59.61	123.482	
9.635e+07	70.9994	15.2594	50.1975	136.456	
9.64e+07	35.99	25.04	44.59	105.62	
9.645e+07	24.2494	59.5975	10.3244	94.1713	
9.65e+07	14.0194	17.91	13.7975	45.7269	
9.655e+07	9.63438	13.4694	44.5444	67.6481	
9.66e+07	18.16	13.3375	21.2775	52.775	
9.665e+07	47.9275	4.48438	127.76	180.172	
9.67e+07	10.99	18.1094	37.2494	66.3487	
9.675e+07	41.9475	17.3494	92.8275	152.124	
9.68e+07	26.3694	13.14	179.359	218.869	
9.685e+07	31.1194	68.6994	49.0975	148.916	
9.69e+07	23.8375	19.26	48.55	91.6475	
9.695e+07	10.61	52.2475	9.7375	72.595	
9.7e+07	49.1494	12.65	29.9775	91.7769	
9.705e+07	15.85	20.4244	64.3375	100.612	
9.71e+07	136.61	15.1275	7.44	159.178	
9.715e+07	38.9875	16.4	5.86938	61.2569	
9.72e+07	41.59	39.1494	12.3694	93.1087	
9.725e+07	37.04	13.8944	31.4744	82.4087	
9.73e+07	50.41	27.3494	25.6694	103.429	
9.735e+07	12.24	105.81	8.76938	126.819	
9.74e+07	21.4775	36.2	23.59	81.2675	
9.745e+07	21.8275	23.36	48.16	93.3475	
9.75e+07	40.8775	26.7194	21.15	88.7469	
9.755e+07	82.5975	4.4975	12.81	99.905	
9.76e+07	67.01	82.4994	4.64	154.149	
9.765e+07	63.8444	35.0194	87.6694	186.533	
9.77e+07	12.2975	28.56	37.4444	78.3019	
9.775e+07	10.8694	16.5275	53.7694	81.1663	
9.78e+07	66.1475	21.09	36.1744	123.412	
9.785e+07	6.58438	6.94	59.8244	73.3488	
9.79e+07	32.4875	33.79	22.5994	88.8769	
9.795e+07	97.7275	29.26	31	157.987	
9.8e+07	54.2775	121.419	8.06	183.757	
9.805e+07	29.5494	23.7275	25.1694	78.4463	
9.81e+07	31.3694	57.9994	35.36	124.729	
9.815e+07	32.6194	9.74438	61.0275	103.391	
9.82e+07	50.19	43.7	48.7594	142.649	
9.825e+07	28.7344	46.5994	47.7775	123.111	
9.83e+07	16.04	42.7875	19.3944	78.2219	
9.835e+07	21.89	6.79938	42.1975	70.8869	
9.84e+07	18.3194	44.4194	10.36	73.0988	
9.845e+07	49.7344	7.1475	47.4594	104.341	
9.85e+07	11.26	5.6775	105.244	122.182	
9.855e+07	16.5375	17.6475	46.8275	81.0125	
9.86e+07	39.7875	25.9694	35.1344	100.891	
9.865e+07	75.4994	38.0875	17.5344	131.121	
9.87e+07	38.7975	103.734	20.0244	162.556	
9.875e+07	44.5	27.2875	27.96	99.7475	
9.88e+07	83.0275	82.6994	5.69438	171.421	
9.885e+07	19.9994	13.1275	8.9275	42.0544	
9.89e+07	60.6875	19.5244	18.0744	98.2863	
9.895e+07	33.66	15.61	17.7775	67.0475	
9.9e+07	7.59437	88.9344	22.49	119.019	
9.905e+07	35.65	15.4975	4.6275	55.775	
9.91e+07	5.44	25.3594	13.3275	44.1269	
9.915e+07	82.1375	70.9875	10.9694	164.094	
9.92e+07	6.16938	47.51	50.9494	104.629	
9.925e+07	23.5994	32.6094	4.36938	60.5781	
9.93e+07	47.0994	30.74	31.4694	109.309	
9.935e+07	16.31	30.2994	15.51	62.1194	
9.94e+07	17.94	77.6275	10.8194	106.387	
9.945e+07	104.734	9.3475	38.0975	152.179	
9.95e+07	105.319	4.5975	14.6444	124.561	
9.955e+07	102.64	16.1244	48.2944	167.059	
9.96e+07	29.14	18.3844	19.7194	67.2438	
9.965e+07	49.2994	5.89938	79.7594	134.958	
9.97e+07	21.3194	5.81	25.0094	52.1387	
9.975e+07	16.5194	114.844	32.9875	164.351	
9.98e+07	70.9275	7.45	47.2775	125.655	
9.985e+07	15.9	19.7975	87.0744	122.772	
9.99e+07	12.8975	22.5775	19.3775	54.8525	
9.995e+07	16.5844	14.8444	7.4275	38.8563	
1e+08	15.66	53.3275	47.0244	116.012	
