# 
# registered features: 
# 
# FeatureMoleculesIO
# 	Number of monomers: 300
# 	max connectivity: 7
# FeatureBox
# FeatureBondset<FastBondset>
# FeatureLattice<bool>
# FeatureExcludedVolumeSc<FeatureLattice<bool> >
# 
# not registered features: 
# 
# #!version
# 
# Created by AnalyzerRadiusOfGyration
# file contains time series of average Rg_squared (Rg2) over all analyzed groups
# format: mcs	 Rg2X	 Rg2Y	 Rg2Z	 Rg2Total

100000	14710	15636	3922.03	34268	
150000	11845	12352.2	2970.78	27168	
200000	9391.21	8940.52	1892.76	20224.5	
250000	7714.58	6993.34	1831	16538.9	
300000	6168.75	5895.93	1823.98	13888.6	
350000	5958.61	4545.81	1470.44	11974.9	
400000	5552.86	3655.54	1486.4	10694.8	
450000	4739.96	3653.8	1658.53	10052.3	
500000	4414.56	2919.85	1114.22	8448.63	
550000	4537.18	2276.98	846.815	7660.97	
600000	4359.58	2033.33	696.315	7089.22	
650000	3266.86	1872.7	602.376	5741.94	
700000	3029.74	1176.05	938.024	5143.82	
750000	2195.42	697.751	1014.26	3907.43	
800000	2072.1	407.663	786.318	3266.08	
850000	2048.15	440.093	612.135	3100.38	
900000	2175.16	593.03	763.145	3531.33	
950000	1727.8	390.219	580.348	2698.36	
1e+06	1709.56	405.147	694.83	2809.53	
1.05e+06	1338.84	215.818	948.533	2503.19	
1.1e+06	1545.44	248.877	705.357	2499.67	
1.15e+06	1560.46	360.85	1084.69	3006	
1.2e+06	1513.07	385.051	952.347	2850.47	
1.25e+06	1389.49	620.982	861.767	2872.24	
1.3e+06	932.977	810.266	777.389	2520.63	
1.35e+06	637.855	1183.83	981.935	2803.62	
1.4e+06	325.175	1092.2	1078.9	2496.27	
1.45e+06	305.712	895.741	1194.38	2395.84	
1.5e+06	211.851	726.593	1309.38	2247.82	
1.55e+06	519.67	690.042	1229.1	2438.81	
1.6e+06	556.046	639.995	1090.96	2287	
1.65e+06	479.919	650.381	1207.48	2337.78	
1.7e+06	336.214	673.031	1055.43	2064.68	
1.75e+06	276.722	618.257	1164.4	2059.38	
1.8e+06	182.736	689.063	963.134	1834.93	
1.85e+06	291.761	446.484	872.672	1610.92	
1.9e+06	282.757	419.659	1048.65	1751.06	
1.95e+06	236.298	253.239	983.429	1472.97	
2e+06	223.345	227.082	1255.44	1705.87	
2.05e+06	85.9233	173.088	1375.75	1634.76	
2.1e+06	219.407	237.226	1193.04	1649.68	
2.15e+06	240.289	207.661	1023.36	1471.3	
2.2e+06	374.775	155.216	871.459	1401.45	
2.25e+06	325.66	351.986	1115.76	1793.41	
2.3e+06	333.364	574.768	979.759	1887.89	
2.35e+06	504.897	648.915	1114.93	2268.74	
2.4e+06	302.298	460.706	1135.17	1898.17	
2.45e+06	189.423	548.266	1007.4	1745.09	
2.5e+06	253.461	540.584	1047.49	1841.54	
2.55e+06	376.857	701.089	1293.08	2371.03	
2.6e+06	242.84	749.247	1162.05	2154.14	
2.65e+06	181.985	504.334	1346.52	2032.84	
2.7e+06	92.5287	580.199	1093.64	1766.36	
2.75e+06	188.882	298.741	601.468	1089.09	
2.8e+06	272.605	250.796	721.06	1244.46	
2.85e+06	310.474	354.39	774.677	1439.54	
2.9e+06	332.736	511.1	489.371	1333.21	
2.95e+06	264.207	562.367	440.387	1266.96	
3e+06	327.894	628.62	503.863	1460.38	
3.05e+06	194.861	494.987	601.262	1291.11	
3.1e+06	103.73	476.256	577.726	1157.71	
3.15e+06	160.397	444.47	286.546	891.413	
3.2e+06	128.902	388.356	265.67	782.928	
3.25e+06	134.293	415.74	268.847	818.879	
3.3e+06	154.302	556.734	295.893	1006.93	
3.35e+06	211.088	564.819	378.996	1154.9	
3.4e+06	282.032	429.758	501.787	1213.58	
3.45e+06	469.846	481.081	583.361	1534.29	
3.5e+06	373.447	649.761	566.761	1589.97	
3.55e+06	283.713	657.177	585.633	1526.52	
3.6e+06	316.254	681.694	506.736	1504.68	
3.65e+06	234.271	688.178	671.807	1594.26	
3.7e+06	170.108	684.841	448.576	1303.52	
3.75e+06	152.467	920.485	457.167	1530.12	
3.8e+06	133.875	738.623	363.871	1236.37	
3.85e+06	94.6268	978.753	307.293	1380.67	
3.9e+06	31.3004	1366.34	338.299	1735.94	
3.95e+06	35.0811	1532.77	296.761	1864.61	
4e+06	87.3652	1627.29	117.13	1831.79	
4.05e+06	137.566	1375	117.553	1630.11	
4.1e+06	141.324	1092.35	154.551	1388.22	
4.15e+06	83.2912	813.27	193.137	1089.7	
4.2e+06	86.9257	837.806	133.934	1058.67	
4.25e+06	106.235	1173.64	107.73	1387.61	
4.3e+06	122.265	1270.76	129.337	1522.36	
4.35e+06	389.093	1106.02	114.901	1610.02	
4.4e+06	626.11	679.492	173.56	1479.16	
4.45e+06	715.708	819.203	188.445	1723.36	
4.5e+06	787.407	784.381	201.31	1773.1	
4.55e+06	639.401	1084.69	215.491	1939.58	
4.6e+06	729.009	1311.13	325.99	2366.13	
4.65e+06	691.925	1470.33	244.108	2406.37	
4.7e+06	568.676	1411.18	232.927	2212.78	
4.75e+06	662.465	1523.33	149.18	2334.98	
4.8e+06	728.829	1592.34	85.198	2406.37	
4.85e+06	697.793	2009.16	159.779	2866.73	
4.9e+06	753.559	1848.09	175.129	2776.77	
4.95e+06	636.527	1793.12	252.625	2682.27	
5e+06	833.927	1559.89	409.02	2802.84	
5.05e+06	592.739	1615.73	365.552	2574.02	
5.1e+06	570.313	1478.33	263.805	2312.45	
5.15e+06	1081.41	1316.08	400.082	2797.57	
5.2e+06	1413.99	1310.96	313.28	3038.22	
5.25e+06	1590.49	1101.54	571.294	3263.33	
5.3e+06	1222.16	770.65	460.654	2453.46	
5.35e+06	957.148	707.193	136.905	1801.25	
5.4e+06	1172.95	709.809	143.545	2026.3	
5.45e+06	947.769	640.547	98.2231	1686.54	
5.5e+06	816.762	475.738	70.3908	1362.89	
5.55e+06	1008.05	364.834	127.859	1500.74	
5.6e+06	1221.42	408.03	92.3845	1721.84	
5.65e+06	1105.05	468.568	50.0087	1623.62	
5.7e+06	1135.71	465.928	39.5456	1641.18	
5.75e+06	1019.79	382.426	34.4345	1436.65	
5.8e+06	996.879	436.586	87.5878	1521.05	
5.85e+06	778.395	373.141	112.42	1263.96	
5.9e+06	816.226	389.963	127.176	1333.37	
5.95e+06	683.341	312.073	112.29	1107.71	
6e+06	547.11	371.345	155.179	1073.63	
6.05e+06	359.475	230.73	235.395	825.6	
6.1e+06	449.726	332.212	324.163	1106.1	
6.15e+06	510.291	342.423	376.554	1229.27	
6.2e+06	588.784	281.742	361.213	1231.74	
6.25e+06	692.123	468.145	246.117	1406.39	
6.3e+06	875.193	233.436	172.48	1281.11	
6.35e+06	1089.15	76.3142	328.69	1494.15	
6.4e+06	659.219	182.963	201.357	1043.54	
6.45e+06	649.263	66.7415	341.119	1057.12	
6.5e+06	805.048	156.116	457.75	1418.91	
6.55e+06	517.236	362.215	613.574	1493.03	
6.6e+06	504.002	292.443	678.036	1474.48	
6.65e+06	338.033	273.19	759.873	1371.1	
6.7e+06	430.807	247.299	849.68	1527.79	
6.75e+06	281.064	343.983	745.603	1370.65	
6.8e+06	153.585	151.409	822.928	1127.92	
6.85e+06	150.242	81.3295	1076.73	1308.3	
6.9e+06	117.722	147.202	1259.57	1524.49	
6.95e+06	180.141	191.502	1379.15	1750.79	
7e+06	284.514	76.5812	1109.19	1470.28	
7.05e+06	287.483	62.4686	714.192	1064.14	
7.1e+06	193.705	65.1152	849.443	1108.26	
7.15e+06	219.174	74.8913	682.457	976.523	
7.2e+06	300.976	72.0031	459.957	832.935	
7.25e+06	379.476	101.352	709.064	1189.89	
7.3e+06	308.892	94.338	861.456	1264.69	
7.35e+06	286.299	120.726	810.785	1217.81	
7.4e+06	276.664	58.3792	914.907	1249.95	
7.45e+06	328.051	122.457	806.749	1257.26	
7.5e+06	496.969	112.598	913.783	1523.35	
7.55e+06	538.977	75.4638	912.422	1526.86	
7.6e+06	476.549	128.396	1031	1635.95	
7.65e+06	468.81	191.23	1103.63	1763.67	
7.7e+06	463.448	116.923	1340.19	1920.57	
7.75e+06	817.989	63.6685	1037.94	1919.6	
7.8e+06	1061.49	56.9201	1013.48	2131.89	
7.85e+06	988.238	49.4537	1024.09	2061.78	
7.9e+06	1248.72	152.693	1313.81	2715.22	
7.95e+06	860.953	49.2665	1235.38	2145.6	
8e+06	864.859	66.2942	928.812	1859.97	
8.05e+06	718.266	85.6964	935.836	1739.8	
8.1e+06	871.882	60.4432	745.828	1678.15	
8.15e+06	570.569	215.128	828.024	1613.72	
8.2e+06	577.62	112.201	928.343	1618.16	
8.25e+06	893.517	124.283	955.405	1973.2	
8.3e+06	970.301	69.3013	873.999	1913.6	
8.35e+06	667.42	91.1899	1222.09	1980.7	
8.4e+06	551.644	149.978	909.915	1611.54	
8.45e+06	465.706	241.206	839.372	1546.28	
8.5e+06	382.709	231.833	935.037	1549.58	
8.55e+06	309.332	173.189	551.652	1034.17	
8.6e+06	253.53	195.559	418.421	867.51	
8.65e+06	393.321	115.246	506.912	1015.48	
8.7e+06	284.92	106.069	364.313	755.302	
8.75e+06	394.131	130.691	286.127	810.949	
8.8e+06	380.306	101.095	345.035	826.437	
8.85e+06	295.91	119.257	433.646	848.812	
8.9e+06	500.53	124.237	332.53	957.296	
8.95e+06	633.972	122.069	295.948	1051.99	
9e+06	401.776	96.238	293.169	791.183	
9.05e+06	640.35	127.139	179.995	947.484	
9.1e+06	793.177	112.943	214.233	1120.35	
9.15e+06	913.791	110.523	135.226	1159.54	
9.2e+06	1116.28	149.357	280.139	1545.78	
9.25e+06	1340.39	62.3527	184.963	1587.7	
9.3e+06	1033.55	78.0631	305.7	1417.31	
9.35e+06	731.163	106.674	255.806	1093.64	
9.4e+06	857.262	152.88	262.968	1273.11	
9.45e+06	894.129	160.621	374.56	1429.31	
9.5e+06	989.053	148.055	302.516	1439.62	
9.55e+06	930.64	70.4013	215.226	1216.27	
9.6e+06	645.168	149.673	198.448	993.288	
9.65e+06	621.833	178.826	249.656	1050.32	
9.7e+06	738.728	164.819	166.677	1070.22	
9.75e+06	503.041	159.344	61.0375	723.422	
9.8e+06	556.476	107.743	46.8073	711.027	
9.85e+06	634.037	144.548	154.223	932.808	
9.9e+06	872.141	194.222	139.971	1206.33	
9.95e+06	996.7	249.29	309.137	1555.13	
1e+07	802.366	289.488	286.122	1377.98	
1.005e+07	926.822	313.325	272.828	1512.98	
1.01e+07	1027.87	307.682	119.307	1454.86	
1.015e+07	794.062	545.39	116.976	1456.43	
1.02e+07	544.636	635.207	94.3881	1274.23	
1.025e+07	518.157	501.387	120.543	1140.09	
1.03e+07	489.093	560.672	114.638	1164.4	
1.035e+07	392.517	822.271	110.77	1325.56	
1.04e+07	652.51	922.274	58.5589	1633.34	
1.045e+07	959.436	1076.7	121.362	2157.49	
1.05e+07	763.773	1052.41	178.789	1994.97	
1.055e+07	785.856	813.479	223.377	1822.71	
1.06e+07	763.002	911.872	259.356	1934.23	
1.065e+07	641.634	1316.12	264.934	2222.69	
1.07e+07	492.381	1341.04	276.383	2109.8	
1.075e+07	279.219	2001.75	368.931	2649.91	
1.08e+07	328.524	2057.01	241.756	2627.29	
1.085e+07	278.146	1395.14	199.457	1872.74	
1.09e+07	215.824	1187.08	230.902	1633.81	
1.095e+07	85.4167	1070.16	194.833	1350.41	
1.1e+07	85.3056	922.731	130.014	1138.05	
1.105e+07	242.636	971.486	57.7043	1271.83	
1.11e+07	185.623	925.89	36.3189	1147.83	
1.115e+07	170.725	1020.81	45.7867	1237.32	
1.12e+07	285.724	1029.13	53	1367.85	
1.125e+07	498.416	895.602	27.2863	1421.31	
1.13e+07	512.885	925.596	70.1498	1508.63	
1.135e+07	437.766	1051.4	61.5548	1550.72	
1.14e+07	392.577	1134.96	43.7969	1571.34	
1.145e+07	304.218	1316.24	72.3847	1692.84	
1.15e+07	316.002	1050.68	36.4487	1403.13	
1.155e+07	338.304	951.528	45.6812	1335.51	
1.16e+07	374.202	949.053	52.7015	1375.96	
1.165e+07	458.976	728.287	101.933	1289.2	
1.17e+07	239.567	677.925	177.859	1095.35	
1.175e+07	272.066	1145.92	284.951	1702.94	
1.18e+07	214.761	1047.59	247.97	1510.32	
1.185e+07	310.754	1077.15	245.198	1633.1	
1.19e+07	147.981	735.489	268.882	1152.35	
1.195e+07	107.533	490.319	229.162	827.014	
1.2e+07	151.564	615.142	305.946	1072.65	
1.205e+07	136.252	385.519	306.121	827.892	
1.21e+07	192.274	272.123	249.851	714.249	
1.215e+07	69.8073	464.525	187.726	722.058	
1.22e+07	151.51	455.943	59.5131	666.966	
1.225e+07	223.7	357.739	62.5412	643.98	
1.23e+07	319.97	359.965	43.3726	723.307	
1.235e+07	466.69	471.865	114.203	1052.76	
1.24e+07	334.629	463.789	88.6695	887.088	
1.245e+07	250.838	500.397	99.1565	850.392	
1.25e+07	207.937	445.824	149.744	803.505	
1.255e+07	53.1047	280.692	247.767	581.564	
1.26e+07	67.0527	320.866	145.032	532.951	
1.265e+07	111.015	228.181	161.97	501.166	
1.27e+07	164.006	169.693	330.256	663.955	
1.275e+07	114.451	197.65	207.098	519.2	
1.28e+07	85.0358	152.32	81.9705	319.327	
1.285e+07	77.5521	166.471	129.395	373.418	
1.29e+07	141.759	115.206	302.647	559.612	
1.295e+07	161.941	203.718	266.676	632.335	
1.3e+07	115.706	315.979	325.932	757.617	
1.305e+07	153.907	135.83	372.282	662.02	
1.31e+07	251.519	147.124	235.766	634.41	
1.315e+07	175.135	141.731	294.349	611.215	
1.32e+07	66.7001	207.249	290.549	564.498	
1.325e+07	142.107	198.111	507.346	847.564	
1.33e+07	82.5169	415.899	616.276	1114.69	
1.335e+07	134.64	615.597	540.366	1290.6	
1.34e+07	120.979	616.686	394.738	1132.4	
1.345e+07	115.765	459.588	174.558	749.911	
1.35e+07	115.835	516.056	253.568	885.459	
1.355e+07	152.298	582.275	305.821	1040.39	
1.36e+07	245.331	885.462	218.749	1349.54	
1.365e+07	159.056	784.161	247.492	1190.71	
1.37e+07	194.771	1112.85	409.852	1717.47	
1.375e+07	289.172	1263.48	424.162	1976.82	
1.38e+07	236.665	892.943	401.529	1531.14	
1.385e+07	262.452	663.617	387.518	1313.59	
1.39e+07	298.53	656.391	394.666	1349.59	
1.395e+07	246.823	919.108	306.263	1472.19	
1.4e+07	150.556	881.548	427.331	1459.44	
1.405e+07	102.866	737.241	368.289	1208.4	
1.41e+07	106.939	791.597	356.322	1254.86	
1.415e+07	127.216	431.561	569.616	1128.39	
1.42e+07	75.5466	305.626	871.986	1253.16	
1.425e+07	98.966	379.51	511.216	989.692	
1.43e+07	95.6364	232.642	474.249	802.528	
1.435e+07	107.508	227.753	774.09	1109.35	
1.44e+07	121.689	284.343	891.144	1297.18	
1.445e+07	85.6078	271.742	974.604	1331.95	
1.45e+07	171.715	274.671	850.164	1296.55	
1.455e+07	382.587	210.324	811.717	1404.63	
1.46e+07	380.121	343.251	652.154	1375.53	
1.465e+07	378.049	299.601	576.393	1254.04	
1.47e+07	276.339	307.505	352.781	936.624	
1.475e+07	320.148	491.109	459.439	1270.7	
1.48e+07	433.071	525.556	420.102	1378.73	
1.485e+07	292.021	595.388	391.738	1279.15	
1.49e+07	276.439	343.19	418.524	1038.15	
1.495e+07	369.534	269.882	364.01	1003.43	
1.5e+07	476.589	414.496	195.865	1086.95	
1.505e+07	308.854	389.636	114.677	813.167	
1.51e+07	610.436	417.209	146.642	1174.29	
1.515e+07	517.361	394.894	145.23	1057.49	
1.52e+07	445.425	477.175	70.31	992.91	
1.525e+07	435.491	250.065	40.7584	726.315	
1.53e+07	211.199	237.685	76.4849	525.369	
1.535e+07	181.425	210.69	180.111	572.226	
1.54e+07	180.819	196.799	349.31	726.929	
1.545e+07	203.813	314.585	224.155	742.553	
1.55e+07	208.489	251.312	299.816	759.617	
1.555e+07	148.43	327.58	155.054	631.065	
1.56e+07	136.091	220.359	343.962	700.412	
1.565e+07	103.804	419.988	279.518	803.31	
1.57e+07	125.167	490.653	280.495	896.314	
1.575e+07	124.073	709.845	434.133	1268.05	
1.58e+07	382.513	578.207	531.856	1492.58	
1.585e+07	521.842	611.503	232.815	1366.16	
1.59e+07	293.793	753.262	353.806	1400.86	
1.595e+07	139.749	893.422	330.284	1363.46	
1.6e+07	122.762	960.135	306.109	1389.01	
1.605e+07	33.4312	937.226	200.747	1171.4	
1.61e+07	104.123	961.327	207.51	1272.96	
1.615e+07	115.098	650.839	124.055	889.993	
1.62e+07	54.5641	632.882	165.303	852.749	
1.625e+07	168.723	451.437	202.707	822.867	
1.63e+07	87.55	396.585	224.855	708.99	
1.635e+07	210.743	244.406	410.67	865.819	
1.64e+07	74.5222	225.257	762.804	1062.58	
1.645e+07	154.29	161.743	521.415	837.448	
1.65e+07	150.556	177.578	913.524	1241.66	
1.655e+07	203.785	149.783	1150.53	1504.1	
1.66e+07	177.568	123.926	834.092	1135.59	
1.665e+07	227.582	90.6631	1038.1	1356.34	
1.67e+07	225.208	149.944	955.127	1330.28	
1.675e+07	306.321	283.495	883.417	1473.23	
1.68e+07	389.317	310.329	564.786	1264.43	
1.685e+07	529.283	234.926	621.367	1385.58	
1.69e+07	275.666	238.568	517.629	1031.86	
1.695e+07	265.726	274.917	426.951	967.595	
1.7e+07	328.414	218.363	537.883	1084.66	
1.705e+07	298.778	162.237	851.399	1312.41	
1.71e+07	436.16	260.996	686.316	1383.47	
1.715e+07	461.761	372.332	584.883	1418.98	
1.72e+07	473.919	265.476	803.449	1542.84	
1.725e+07	618.266	285.385	1016.2	1919.85	
1.73e+07	675.472	460.332	794.55	1930.35	
1.735e+07	717.592	625.202	675.325	2018.12	
1.74e+07	421.334	581.724	881.516	1884.57	
1.745e+07	465.635	610.61	640.514	1716.76	
1.75e+07	674.057	363.38	576.236	1613.67	
1.755e+07	558.647	429.74	502.216	1490.6	
1.76e+07	547.242	463.203	497.955	1508.4	
1.765e+07	411.83	437.605	316.206	1165.64	
1.77e+07	663.336	560.937	196.043	1420.32	
1.775e+07	835.948	527.169	162.194	1525.31	
1.78e+07	980.045	724.298	307.367	2011.71	
1.785e+07	824.397	952.749	186.804	1963.95	
1.79e+07	774.989	1389.47	293.616	2458.07	
1.795e+07	998.124	1209.92	110.846	2318.89	
1.8e+07	601.433	841.264	262.809	1705.51	
1.805e+07	561.716	894.605	379.287	1835.61	
1.81e+07	622.433	691.442	367.871	1681.75	
1.815e+07	918.198	447.864	320.917	1686.98	
1.82e+07	740.929	409.045	467.439	1617.41	
1.825e+07	255.99	398.742	363.379	1018.11	
1.83e+07	209.489	576.079	252.992	1038.56	
1.835e+07	396.699	688.232	462.107	1547.04	
1.84e+07	442.683	598.765	283.443	1324.89	
1.845e+07	174.315	425.895	132.967	733.177	
1.85e+07	210.861	508.277	184.08	903.217	
1.855e+07	290.535	360.659	134.192	785.386	
1.86e+07	158.806	143.09	84.5578	386.454	
1.865e+07	322.276	126.178	104.956	553.41	
1.87e+07	233.929	249.422	83.1335	566.484	
1.875e+07	220.666	648.918	122.9	992.483	
1.88e+07	224.955	615.893	185.905	1026.75	
1.885e+07	253.222	489.421	279.691	1022.33	
1.89e+07	323.326	540.494	132.422	996.242	
1.895e+07	162.009	429.673	159.273	750.955	
1.9e+07	104.501	316.617	171.136	592.255	
1.905e+07	126.192	294.693	210.824	631.709	
1.91e+07	91.9356	272.675	275.193	639.803	
1.915e+07	79.2497	260.94	174.366	514.556	
1.92e+07	120.266	196.641	135.517	452.424	
1.925e+07	74.31	196.923	153.978	425.211	
1.93e+07	92.8697	184.57	83.3041	360.744	
1.935e+07	85.96	292.601	154.341	532.902	
1.94e+07	77.3942	111.466	218.991	407.851	
1.945e+07	163.93	148.169	276.605	588.703	
1.95e+07	131.217	165.799	139.665	436.681	
1.955e+07	41.862	229.066	295.323	566.251	
1.96e+07	164.622	193.046	250.313	607.982	
1.965e+07	104.771	217.844	263.147	585.763	
1.97e+07	130.606	185.789	307.676	624.071	
1.975e+07	179.54	151.663	353.986	685.189	
1.98e+07	134.471	214.275	174.245	522.991	
1.985e+07	189.73	399.357	173.282	762.369	
1.99e+07	113.729	398.894	140.826	653.449	
1.995e+07	162.807	325.293	172.607	660.706	
2e+07	58.3669	406.374	264.577	729.318	
2.005e+07	137.016	564.449	370.903	1072.37	
2.01e+07	105.57	335.996	428.11	869.677	
2.015e+07	81.2593	338.326	534.449	954.035	
2.02e+07	80.566	398.076	545.021	1023.66	
2.025e+07	146.301	401.035	347.227	894.563	
2.03e+07	126.507	237.456	176.085	540.048	
2.035e+07	171.372	226.516	126.002	523.89	
2.04e+07	177.93	275.441	212.421	665.791	
2.045e+07	79.7393	549.762	198.773	828.274	
2.05e+07	72.3539	571.341	302.42	946.115	
2.055e+07	83.1897	559.196	591.604	1233.99	
2.06e+07	82.206	615.565	848.031	1545.8	
2.065e+07	77.4548	721.755	417.351	1216.56	
2.07e+07	133.653	795.196	439.3	1368.15	
2.075e+07	196.407	748.523	372.725	1317.66	
2.08e+07	236.323	723.83	319.8	1279.95	
2.085e+07	304.533	962.441	239.348	1506.32	
2.09e+07	244.22	903.143	228.349	1375.71	
2.095e+07	294.893	1107.8	131.123	1533.82	
2.1e+07	355.783	1379.03	154.788	1889.6	
2.105e+07	340.176	1314.34	211.82	1866.34	
2.11e+07	387.442	1210.26	255.79	1853.5	
2.115e+07	302.878	1495.17	252.027	2050.07	
2.12e+07	178.023	855.663	307.821	1341.51	
2.125e+07	192.226	931.299	400.419	1523.94	
2.13e+07	196.886	732.937	436.25	1366.07	
2.135e+07	484.844	648.058	831.979	1964.88	
2.14e+07	579.539	608.973	870.805	2059.32	
2.145e+07	348.039	545.267	631.089	1524.39	
2.15e+07	491.822	728.466	600.509	1820.8	
2.155e+07	584.473	848.09	856.634	2289.2	
2.16e+07	431.469	729.656	795.731	1956.86	
2.165e+07	376.376	517.136	961.38	1854.89	
2.17e+07	433.866	903.134	1156.77	2493.77	
2.175e+07	582.623	891.516	1247.21	2721.35	
2.18e+07	575.485	740.677	1566.01	2882.18	
2.185e+07	530.201	759.334	1267.74	2557.28	
2.19e+07	399.679	580.48	1750.77	2730.93	
2.195e+07	275.707	740.339	1473.46	2489.5	
2.2e+07	236.17	533.675	1789.04	2558.88	
2.205e+07	291.442	345.392	1477.69	2114.53	
2.21e+07	579.822	313.189	1238.57	2131.59	
2.215e+07	541.648	242.145	972.886	1756.68	
2.22e+07	643.581	175.473	1079.22	1898.27	
2.225e+07	526.984	211.068	984.976	1723.03	
2.23e+07	350.746	141.319	749.422	1241.49	
2.235e+07	190.536	213.105	800.095	1203.74	
2.24e+07	159.975	125.672	710.697	996.344	
2.245e+07	125.316	91.6961	1023.33	1240.34	
2.25e+07	152.394	121.683	1211.69	1485.77	
2.255e+07	168.09	91.1281	1494.82	1754.04	
2.26e+07	176.817	118.268	1372.8	1667.88	
2.265e+07	134.366	96.1527	1711	1941.52	
2.27e+07	73.2238	86.1331	1515.72	1675.08	
2.275e+07	90.6678	167.919	913.844	1172.43	
2.28e+07	91.7628	343.306	904.437	1339.51	
2.285e+07	150.093	285.277	673.191	1108.56	
2.29e+07	162.541	337.29	572.561	1072.39	
2.295e+07	276.431	190.233	291.206	757.87	
2.3e+07	166.157	384.68	564.984	1115.82	
2.305e+07	279.894	748.006	409.038	1436.94	
2.31e+07	194.953	761.556	140.036	1096.54	
2.315e+07	162.108	540.146	158.814	861.068	
2.32e+07	57.0522	807.14	190.478	1054.67	
2.325e+07	72.8899	923.641	139.913	1136.44	
2.33e+07	60.3067	756.619	234.308	1051.23	
2.335e+07	92.5756	635.004	209.462	937.042	
2.34e+07	196.949	379.619	287.982	864.55	
2.345e+07	178.177	124.575	288.751	591.503	
2.35e+07	421.467	201.764	301.79	925.021	
2.355e+07	407.316	92.5551	237.428	737.299	
2.36e+07	386.734	68.8191	156.689	612.242	
2.365e+07	307.83	104.202	257.127	669.159	
2.37e+07	130.396	172.078	285.004	587.478	
2.375e+07	248.635	241.827	138.411	628.873	
2.38e+07	278.154	170.619	226.69	675.463	
2.385e+07	339.273	253.596	174.969	767.838	
2.39e+07	206.456	475.124	138.708	820.288	
2.395e+07	183.768	246.558	101.388	531.714	
2.4e+07	221.163	223.351	113.462	557.977	
2.405e+07	137.912	246.482	73.9988	458.393	
2.41e+07	71.0481	358.37	157.8	587.218	
2.415e+07	96.9364	319.799	143.252	559.987	
2.42e+07	188.47	411.57	180.396	780.435	
2.425e+07	367.983	515.658	147.714	1031.36	
2.43e+07	284.899	545.022	139.292	969.213	
2.435e+07	213.001	523.183	175.735	911.918	
2.44e+07	305.819	391.995	100.403	798.217	
2.445e+07	453.751	582.436	125.015	1161.2	
2.45e+07	293.741	689.673	62.3583	1045.77	
2.455e+07	245.791	440.362	135.872	822.025	
2.46e+07	221.548	426.282	173.547	821.377	
2.465e+07	203.034	315.119	190.444	708.597	
2.47e+07	278.344	492.012	234.336	1004.69	
2.475e+07	463.443	443.235	136.282	1042.96	
2.48e+07	214.237	330.66	125.671	670.568	
2.485e+07	251.686	292.278	60.4918	604.456	
2.49e+07	187.694	238.86	153.915	580.469	
2.495e+07	175.8	268.635	203.431	647.866	
2.5e+07	270.775	270.825	375.832	917.432	
2.505e+07	237.32	284.861	190.098	712.279	
2.51e+07	334.228	372.822	109.425	816.475	
2.515e+07	307.111	459.261	104.623	870.995	
2.52e+07	372.877	242.857	146.351	762.085	
2.525e+07	463.128	313.626	159.495	936.249	
2.53e+07	378.868	195.119	186.821	760.807	
2.535e+07	408.15	378.464	206.68	993.294	
2.54e+07	303.446	371.016	144.735	819.196	
2.545e+07	381.773	345.227	178.024	905.024	
2.55e+07	255.811	417.332	204.862	878.004	
2.555e+07	293.19	176.892	191.109	661.191	
2.56e+07	287.754	374.021	251.97	913.745	
2.565e+07	397.581	289.246	391.845	1078.67	
2.57e+07	431.558	305.043	472.052	1208.65	
2.575e+07	476.407	438.385	444.509	1359.3	
2.58e+07	684.286	423.34	401.326	1508.95	
2.585e+07	493.856	493.168	346.883	1333.91	
2.59e+07	521.288	366.961	236.488	1124.74	
2.595e+07	609.426	549.047	115.933	1274.41	
2.6e+07	690.985	455.029	166.848	1312.86	
2.605e+07	939.309	291.647	186.307	1417.26	
2.61e+07	837.816	279.441	313.516	1430.77	
2.615e+07	885.966	196.994	329.364	1412.32	
2.62e+07	922.181	268.219	278.554	1468.95	
2.625e+07	940.611	258.433	158.376	1357.42	
2.63e+07	733.693	510.24	140.38	1384.31	
2.635e+07	666.449	536.538	335.488	1538.47	
2.64e+07	576.936	448.443	264.186	1289.56	
2.645e+07	476.827	520.621	99.6278	1097.08	
2.65e+07	499.573	513.075	213.797	1226.45	
2.655e+07	483.052	515.631	265.724	1264.41	
2.66e+07	635.682	486.307	235.49	1357.48	
2.665e+07	574.676	475.369	192.45	1242.5	
2.67e+07	519.293	555.938	199.877	1275.11	
2.675e+07	587.339	511.256	134.334	1232.93	
2.68e+07	439.67	566.37	251.844	1257.88	
2.685e+07	261.417	753.218	141.917	1156.55	
2.69e+07	421.967	692.496	138.882	1253.35	
2.695e+07	464.739	549.37	180.449	1194.56	
2.7e+07	479.313	480.056	218.105	1177.47	
2.705e+07	506.37	425.54	491.094	1423	
2.71e+07	387.829	472.151	461.539	1321.52	
2.715e+07	344.901	432.853	560.333	1338.09	
2.72e+07	230.437	261.639	494.1	986.175	
2.725e+07	249.927	252.497	491.876	994.3	
2.73e+07	157.578	198.873	469.94	826.391	
2.735e+07	129.375	145.083	230.663	505.121	
2.74e+07	278.087	76.8989	143.851	498.837	
2.745e+07	223.995	140.529	190.053	554.578	
2.75e+07	188.746	144.987	207.02	540.753	
2.755e+07	123.276	121.436	225.719	470.43	
2.76e+07	217.952	194.519	240.325	652.795	
2.765e+07	273.881	202.807	192.747	669.435	
2.77e+07	98.666	179.489	203.531	481.686	
2.775e+07	145.756	155.798	290.627	592.182	
2.78e+07	141.864	143.637	188.8	474.301	
2.785e+07	139.838	119.986	49.6401	309.464	
2.79e+07	146.833	224.032	104.197	475.062	
2.795e+07	110.059	287.805	66.0608	463.925	
2.8e+07	117.353	253.572	134.47	505.395	
2.805e+07	163.222	227.997	55.2706	446.49	
2.81e+07	93.7389	388.855	65.3075	547.902	
2.815e+07	178.222	429.081	158.26	765.563	
2.82e+07	129.461	446.813	168.662	744.935	
2.825e+07	53.3045	435.533	439.931	928.768	
2.83e+07	74.0293	410.198	427.228	911.456	
2.835e+07	64.94	384.594	488.147	937.681	
2.84e+07	60.0921	306.171	819.913	1186.18	
2.845e+07	144.856	293.651	899.444	1337.95	
2.85e+07	282.087	166.304	983.984	1432.38	
2.855e+07	742.894	132.12	926.563	1801.58	
2.86e+07	687.574	97.4932	1062.39	1847.45	
2.865e+07	523.851	94.6956	986.721	1605.27	
2.87e+07	425.473	130.703	918.435	1474.61	
2.875e+07	386.666	332.776	1235.6	1955.05	
2.88e+07	359.639	201.053	1010.64	1571.33	
2.885e+07	525.769	194.287	1022.64	1742.7	
2.89e+07	671.977	115.224	985.23	1772.43	
2.895e+07	561.942	185.834	990.399	1738.18	
2.9e+07	360.676	158.01	892.367	1411.05	
2.905e+07	528.615	337.529	1248.85	2115	
2.91e+07	578.882	172.223	1226.47	1977.57	
2.915e+07	663.045	220.306	1122.93	2006.28	
2.92e+07	663.197	348.083	1149.38	2160.66	
2.925e+07	612.676	244.697	1541.68	2399.06	
2.93e+07	446.516	322.462	1513.75	2282.73	
2.935e+07	926.061	368.918	1044.55	2339.53	
2.94e+07	636.607	398.113	1084.94	2119.66	
2.945e+07	542.256	669.048	1087.95	2299.25	
2.95e+07	484.33	686.767	610.96	1782.06	
2.955e+07	445.424	753.84	419.03	1618.29	
2.96e+07	531.114	850.263	235.522	1616.9	
2.965e+07	371.126	763.877	79.4245	1214.43	
2.97e+07	454.199	801.81	50.3486	1306.36	
2.975e+07	598.633	1018.33	93.1964	1710.16	
2.98e+07	870.345	1083.14	177.511	2131	
2.985e+07	694.321	1208.04	108.058	2010.42	
2.99e+07	592.251	662.163	61.2565	1315.67	
2.995e+07	594.327	537.086	69.1415	1200.55	
3e+07	961.241	722.686	50.2	1734.13	
3.005e+07	1020.78	586.169	101.846	1708.79	
3.01e+07	630.063	434.038	441.485	1505.59	
3.015e+07	680.054	461.49	464.675	1606.22	
3.02e+07	698.322	598.877	387.263	1684.46	
3.025e+07	809.396	375.083	267.263	1451.74	
3.03e+07	894.517	257.848	267.243	1419.61	
3.035e+07	808.404	289.537	555.641	1653.58	
3.04e+07	708.523	276.089	462.05	1446.66	
3.045e+07	652.463	188.08	468.709	1309.25	
3.05e+07	596.568	227.173	635.715	1459.46	
3.055e+07	845.748	210.252	749.211	1805.21	
3.06e+07	941.873	301.743	801.846	2045.46	
3.065e+07	761.036	271.753	729.59	1762.38	
3.07e+07	830.623	117.027	487.598	1435.25	
3.075e+07	452.296	236.306	672.69	1361.29	
3.08e+07	704.892	280.045	929.768	1914.7	
3.085e+07	773.423	257.214	1057.42	2088.05	
3.09e+07	753.267	136.388	603.655	1493.31	
3.095e+07	722.021	138.056	426.918	1286.99	
3.1e+07	540.63	161.696	498.578	1200.9	
3.105e+07	306.896	272.208	226.329	805.433	
3.11e+07	462.45	250.633	309.527	1022.61	
3.115e+07	552.117	179.68	540.097	1271.89	
3.12e+07	681.38	199.058	505.537	1385.98	
3.125e+07	663.688	132.508	448.643	1244.84	
3.13e+07	685.632	201.182	405.909	1292.72	
3.135e+07	552.219	221.65	303.11	1076.98	
3.14e+07	701.132	144.466	546.66	1392.26	
3.145e+07	970.333	126.093	489.428	1585.85	
3.15e+07	1113.67	103.831	595.856	1813.35	
3.155e+07	1274.39	194.102	363.759	1832.25	
3.16e+07	998.815	161.402	383.356	1543.57	
3.165e+07	1079.8	176.94	278.743	1535.48	
3.17e+07	1025.16	156.52	203.81	1385.49	
3.175e+07	976.601	193.603	197.148	1367.35	
3.18e+07	1086.28	212.027	162.113	1460.42	
3.185e+07	1137.17	204.393	124.942	1466.51	
3.19e+07	998.035	271.347	152.195	1421.58	
3.195e+07	908.366	242.343	84.3651	1235.07	
3.2e+07	940.88	283.516	77.0864	1301.48	
3.205e+07	1216.45	301.805	91.5611	1609.82	
3.21e+07	1335.86	297.658	88.1904	1721.71	
3.215e+07	1152.78	337.046	181.287	1671.11	
3.22e+07	1207.81	345.598	90.7764	1644.18	
3.225e+07	908.875	249.481	110.556	1268.91	
3.23e+07	727.951	324.124	222.37	1274.45	
3.235e+07	490.958	229.698	306.124	1026.78	
3.24e+07	508.804	255.95	389.323	1154.08	
3.245e+07	252.958	159.606	461.64	874.204	
3.25e+07	307.645	256.223	407.83	971.698	
3.255e+07	354.535	199.774	331.421	885.73	
3.26e+07	544.17	154.909	273.303	972.382	
3.265e+07	541.123	154.946	177.063	873.132	
3.27e+07	379.401	98.7697	192.802	670.972	
3.275e+07	310.283	163.966	254.936	729.185	
3.28e+07	339.402	128.539	365.15	833.091	
3.285e+07	335.257	68.7313	385.929	789.917	
3.29e+07	294.498	117.229	455.8	867.526	
3.295e+07	326.42	120.498	337.163	784.081	
3.3e+07	377.596	110.243	249.335	737.174	
3.305e+07	383.666	63.8653	190.299	637.83	
3.31e+07	601.741	141.889	106.205	849.835	
3.315e+07	1024.99	232.487	90.4026	1347.88	
3.32e+07	949.191	280.296	84.1721	1313.66	
3.325e+07	934.979	278.437	49.2266	1262.64	
3.33e+07	1067.09	249.45	85.552	1402.09	
3.335e+07	809.689	149.13	125.706	1084.52	
3.34e+07	1113.06	65.7746	70.4455	1249.28	
3.345e+07	1306.74	105.43	60.0855	1472.26	
3.35e+07	762.362	57.996	71.0273	891.385	
3.355e+07	665.333	42.3512	173.713	881.398	
3.36e+07	641.436	83.5497	158.02	883.005	
3.365e+07	641.039	139.644	129.238	909.921	
3.37e+07	581.464	92.8993	128.145	802.508	
3.375e+07	594.033	77.8056	149.397	821.235	
3.38e+07	883.186	152.728	140.622	1176.54	
3.385e+07	777.2	255.399	172.481	1205.08	
3.39e+07	597.32	239.006	217.342	1053.67	
3.395e+07	636.406	288.263	186.503	1111.17	
3.4e+07	551.283	153.42	98.5891	803.292	
3.405e+07	589.821	194.511	65.7979	850.13	
3.41e+07	631.106	126.157	112.476	869.738	
3.415e+07	569.428	166.038	67.0392	802.505	
3.42e+07	609.549	277.926	39.3733	926.848	
3.425e+07	611.579	264.793	107.754	984.126	
3.43e+07	533.912	194.476	87.61	815.997	
3.435e+07	386.464	217.469	115.311	719.244	
3.44e+07	597.227	169.641	107.805	874.673	
3.445e+07	420.971	81.4022	182.412	684.785	
3.45e+07	435.409	236.975	206.49	878.874	
3.455e+07	251.962	282.919	133.668	668.549	
3.46e+07	194.839	275.479	231.935	702.254	
3.465e+07	170.741	168.452	348.362	687.555	
3.47e+07	172.47	164.305	383.376	720.15	
3.475e+07	245.174	243.122	349.391	837.688	
3.48e+07	393.04	238.661	229.141	860.842	
3.485e+07	406.145	290.707	171.783	868.635	
3.49e+07	373.363	302.345	185.343	861.051	
3.495e+07	251.77	349.666	136.626	738.062	
3.5e+07	419.694	290.168	195.402	905.265	
3.505e+07	138.896	134.933	242.993	516.822	
3.51e+07	136.269	213.872	324.141	674.281	
3.515e+07	215.481	285.444	191.496	692.422	
3.52e+07	100.637	210.807	202.836	514.279	
3.525e+07	112.001	263.377	148.396	523.774	
3.53e+07	59.6367	281.134	126.081	466.852	
3.535e+07	79.2326	481.85	235.057	796.139	
3.54e+07	151.681	421.216	184.823	757.721	
3.545e+07	212.549	343.48	105.54	661.568	
3.55e+07	176.185	265.132	71.8828	513.199	
3.555e+07	280.2	161.107	126.094	567.401	
3.56e+07	203.308	228.301	188.889	620.498	
3.565e+07	118.469	309.882	178.211	606.563	
3.57e+07	113.27	335.483	151.383	600.136	
3.575e+07	56.2891	341.923	183.32	581.532	
3.58e+07	82.9067	396.852	319.588	799.347	
3.585e+07	98.2425	459.004	252.838	810.085	
3.59e+07	168.205	797.051	279.325	1244.58	
3.595e+07	140.79	1104.09	181.459	1426.34	
3.6e+07	116.763	1049.34	296.222	1462.32	
3.605e+07	102.149	886.769	186.574	1175.49	
3.61e+07	147.728	591.527	182.35	921.604	
3.615e+07	169.954	688.347	226.106	1084.41	
3.62e+07	201.543	396.825	296.49	894.858	
3.625e+07	322.212	413.381	278.246	1013.84	
3.63e+07	263.736	187.739	269.752	721.227	
3.635e+07	437.357	205.649	284.421	927.427	
3.64e+07	491.94	253.312	339.716	1084.97	
3.645e+07	606.713	233.008	456.142	1295.86	
3.65e+07	465.713	225.319	486.19	1177.22	
3.655e+07	480.259	230.31	365.213	1075.78	
3.66e+07	571.089	307.216	244.535	1122.84	
3.665e+07	635.468	294.356	443.97	1373.79	
3.67e+07	826.469	159.128	512.16	1497.76	
3.675e+07	834.23	122.746	356.033	1313.01	
3.68e+07	1003.88	101.566	304.476	1409.92	
3.685e+07	925.849	152.323	241.704	1319.88	
3.69e+07	722.851	124.888	193.3	1041.04	
3.695e+07	508.882	307.716	355.983	1172.58	
3.7e+07	520.654	228.867	378.961	1128.48	
3.705e+07	464.189	135.229	420.843	1020.26	
3.71e+07	534.943	141.34	452.027	1128.31	
3.715e+07	389.303	378.583	653.643	1421.53	
3.72e+07	531.076	688.177	257.802	1477.06	
3.725e+07	647.636	510.618	254.827	1413.08	
3.73e+07	856.253	353.02	286.963	1496.24	
3.735e+07	786.497	386.05	382.403	1554.95	
3.74e+07	869.319	343.817	350.834	1563.97	
3.745e+07	1164.53	243.418	182.508	1590.46	
3.75e+07	960.77	159.988	104.506	1225.26	
3.755e+07	747.129	144.335	146.111	1037.58	
3.76e+07	605.958	194.12	65.7243	865.802	
3.765e+07	362.351	155.182	89.4452	606.978	
3.77e+07	320.357	148.69	84.0927	553.14	
3.775e+07	198.219	249.939	122.815	570.973	
3.78e+07	129.942	357.92	123.439	611.301	
3.785e+07	98.5419	395.158	171.13	664.829	
3.79e+07	137.614	503.08	169.155	809.849	
3.795e+07	93.3735	496.095	227.033	816.502	
3.8e+07	49.8468	995.983	171.877	1217.71	
3.805e+07	55.7689	746.026	273.982	1075.78	
3.81e+07	49.8469	495.336	235.201	780.384	
3.815e+07	49.5697	484.34	158.879	692.789	
3.82e+07	92.9596	727.313	131.754	952.027	
3.825e+07	136.773	1029.26	64.0011	1230.04	
3.83e+07	94.4647	821.069	94.5272	1010.06	
3.835e+07	80.7157	885.776	128.432	1094.92	
3.84e+07	124.731	751.563	108.925	985.219	
3.845e+07	149.037	323.33	230.621	702.988	
3.85e+07	107.543	519.852	224.656	852.051	
3.855e+07	48.5622	445.584	303.213	797.358	
3.86e+07	70.1142	400.259	293.374	763.747	
3.865e+07	81.5887	415.058	362.73	859.377	
3.87e+07	50.6237	486.502	221.272	758.398	
3.875e+07	86.3864	275.507	375.349	737.243	
3.88e+07	103.668	185.876	419.567	709.111	
3.885e+07	77.8864	80.1542	437.378	595.419	
3.89e+07	233.418	186.567	259.479	679.464	
3.895e+07	172.867	178.503	207.985	559.355	
3.9e+07	168.889	253.671	115.256	537.816	
3.905e+07	76.1173	152.109	85.418	313.645	
3.91e+07	122.917	116.261	199.607	438.785	
3.915e+07	204.761	80.038	202.501	487.3	
3.92e+07	370.861	121.551	192.682	685.095	
3.925e+07	470.541	85.5808	296.258	852.379	
3.93e+07	205.527	140.562	202.792	548.881	
3.935e+07	185.262	139.319	231.052	555.633	
3.94e+07	173.187	65.5273	143.612	382.326	
3.945e+07	222.445	175.942	98.8451	497.232	
3.95e+07	177.419	252.968	108.179	538.566	
3.955e+07	147.969	215.127	87.6691	450.765	
3.96e+07	313.743	225.566	143.276	682.586	
3.965e+07	220.7	194.56	128.263	543.523	
3.97e+07	207.087	396.082	165.826	768.995	
3.975e+07	122.217	244.224	198.585	565.027	
3.98e+07	193.598	197.091	217.608	608.298	
3.985e+07	155.803	346.931	199.236	701.969	
3.99e+07	153.036	179.172	164.462	496.67	
3.995e+07	154.412	118.777	96.3905	369.579	
4e+07	197.968	98.9788	93.8118	390.758	
4.005e+07	205.729	218.67	96.8297	521.228	
4.01e+07	125.492	155.002	150.186	430.68	
4.015e+07	208.394	226.67	161.049	596.113	
4.02e+07	205.994	335.721	109.486	651.201	
4.025e+07	341.665	188.49	86.7833	616.939	
4.03e+07	342.623	105.227	100.279	548.129	
4.035e+07	328.13	126.41	114.897	569.438	
4.04e+07	243.657	88.4073	170.512	502.576	
4.045e+07	180.185	79.3561	201.676	461.217	
4.05e+07	143.738	139.44	330.796	613.975	
4.055e+07	210.824	128.621	175.396	514.841	
4.06e+07	338.526	88.254	78.4018	505.182	
4.065e+07	254.183	96.6792	185.994	536.856	
4.07e+07	203.088	48.1364	270.552	521.776	
4.075e+07	187.292	149.632	292.157	629.081	
4.08e+07	123.87	125.433	273.668	522.971	
4.085e+07	207.555	139.773	287.387	634.716	
4.09e+07	122.341	209.99	487.966	820.296	
4.095e+07	169.885	169.194	465.658	804.737	
4.1e+07	136.88	249.052	165.129	551.061	
4.105e+07	76.9935	253.71	299.319	630.022	
4.11e+07	60.9918	384.692	250.489	696.172	
4.115e+07	73.5205	560.098	250.814	884.433	
4.12e+07	66.1833	355.015	223.159	644.357	
4.125e+07	80.7808	574.502	232.263	887.546	
4.13e+07	110.68	708.489	252.514	1071.68	
4.135e+07	100.129	465.236	334.162	899.528	
4.14e+07	116.334	410.014	241.763	768.111	
4.145e+07	194.934	371.569	247.662	814.166	
4.15e+07	138.584	293.62	392.996	825.2	
4.155e+07	125.538	434.469	219.103	779.11	
4.16e+07	61.0267	414.537	321.685	797.248	
4.165e+07	92.7805	443.199	340.901	876.88	
4.17e+07	113.615	384.289	493.923	991.826	
4.175e+07	86.494	320.898	631.623	1039.02	
4.18e+07	128.485	523.116	363.938	1015.54	
4.185e+07	169.787	655.86	452.11	1277.76	
4.19e+07	201.573	676.552	500.272	1378.4	
4.195e+07	73.4772	467.908	418.477	959.863	
4.2e+07	105.119	428.061	618.175	1151.35	
4.205e+07	91.0209	670.306	523.93	1285.26	
4.21e+07	133.757	656.546	462.215	1252.52	
4.215e+07	192.752	849.345	533.201	1575.3	
4.22e+07	169.398	945.515	425.093	1540.01	
4.225e+07	140.578	678.869	290.643	1110.09	
4.23e+07	186.619	777.619	298.561	1262.8	
4.235e+07	95.502	867.883	320.741	1284.13	
4.24e+07	264.529	865.371	321.687	1451.59	
4.245e+07	249.445	1011.59	461.237	1722.27	
4.25e+07	208.873	749.568	434.995	1393.44	
4.255e+07	231.785	731.705	493.811	1457.3	
4.26e+07	108.909	987.067	406.076	1502.05	
4.265e+07	161.793	1159.93	326.754	1648.48	
4.27e+07	160.189	1162.92	192.629	1515.74	
4.275e+07	113.663	851.911	99.0287	1064.6	
4.28e+07	85.6689	984.729	259.281	1329.68	
4.285e+07	55.13	1143.02	241.663	1439.81	
4.29e+07	91.2233	892.574	182.359	1166.16	
4.295e+07	177.372	858.776	195.642	1231.79	
4.3e+07	115.8	682.226	226.284	1024.31	
4.305e+07	149.918	532.092	260.81	942.82	
4.31e+07	57.5446	526.033	185.938	769.516	
4.315e+07	82.6831	733.01	146.008	961.7	
4.32e+07	107.933	1096.49	280.813	1485.24	
4.325e+07	29.5167	1422.14	267.446	1719.1	
4.33e+07	70.2656	1214.72	285.716	1570.71	
4.335e+07	38.2807	1187.16	428.729	1654.17	
4.34e+07	98.0273	1339.25	186.963	1624.24	
4.345e+07	128.014	824.852	196.579	1149.44	
4.35e+07	133.206	639.637	121.487	894.33	
4.355e+07	137.634	464.859	249.624	852.117	
4.36e+07	90.6047	401.165	244.197	735.967	
4.365e+07	104.786	330.767	122.135	557.688	
4.37e+07	116.608	238.863	358.982	714.453	
4.375e+07	121.812	276.31	578.288	976.411	
4.38e+07	135.572	349.968	641.909	1127.45	
4.385e+07	36.4647	499.591	460.147	996.202	
4.39e+07	148.38	577.23	292.476	1018.09	
4.395e+07	168.959	719.443	328.957	1217.36	
4.4e+07	208.552	734.408	464.774	1407.73	
4.405e+07	180.028	703.584	476.613	1360.23	
4.41e+07	265.362	639.663	326.299	1231.32	
4.415e+07	323.488	594.486	376.486	1294.46	
4.42e+07	228.417	486.753	282.778	997.948	
4.425e+07	227.188	533.322	190.219	950.729	
4.43e+07	381.494	802.278	71.466	1255.24	
4.435e+07	387.049	781.977	70.4812	1239.51	
4.44e+07	649.38	501.541	96.7289	1247.65	
4.445e+07	479.626	608.436	110.022	1198.08	
4.45e+07	382.871	577.904	79.2208	1040	
4.455e+07	496.793	504.695	84.3139	1085.8	
4.46e+07	239.307	662.966	154.638	1056.91	
4.465e+07	410.844	605.281	175.468	1191.59	
4.47e+07	441.114	561.169	111.832	1114.12	
4.475e+07	401.512	451.036	154.462	1007.01	
4.48e+07	577.152	352.522	212.76	1142.43	
4.485e+07	356.287	117.307	182.159	655.753	
4.49e+07	402.901	120.835	322.256	845.992	
4.495e+07	533.491	76.1822	147.062	756.736	
4.5e+07	560.969	187.771	120.799	869.539	
4.505e+07	487.859	259.329	122.267	869.455	
4.51e+07	619.396	164.342	142.388	926.127	
4.515e+07	497.731	166.397	219.577	883.704	
4.52e+07	740.22	130.888	317.849	1188.96	
4.525e+07	448.294	109.539	118.163	675.996	
4.53e+07	646.933	100.482	192.983	940.399	
4.535e+07	311.767	121.163	218.322	651.252	
4.54e+07	369.143	135.54	235.221	739.904	
4.545e+07	194.358	91.5087	189.703	475.57	
4.55e+07	252.646	50.6857	328.321	631.652	
4.555e+07	193.256	80.1927	407.779	681.227	
4.56e+07	474.519	110.074	544.837	1129.43	
4.565e+07	491.228	176.629	488.751	1156.61	
4.57e+07	284.263	94.8518	305.572	684.688	
4.575e+07	440.243	64.8558	188.231	693.33	
4.58e+07	270.992	87.602	141.263	499.857	
4.585e+07	252.48	118.683	184.704	555.867	
4.59e+07	308.239	175.967	321.054	805.261	
4.595e+07	175.232	111.305	396.097	682.633	
4.6e+07	61.2989	108.61	301.236	471.145	
4.605e+07	110.303	62.7087	472.862	645.873	
4.61e+07	53.3571	89.3567	398.952	541.666	
4.615e+07	74.6067	136.781	451.269	662.657	
4.62e+07	180.182	135.892	372.263	688.337	
4.625e+07	43.9277	188.374	382.71	615.012	
4.63e+07	97.5344	315.244	451.273	864.051	
4.635e+07	75.8718	271.629	586.306	933.806	
4.64e+07	162.722	349.384	554.415	1066.52	
4.645e+07	144.9	506.523	572.676	1224.1	
4.65e+07	141.942	487.147	684.359	1313.45	
4.655e+07	159.612	457.536	731.036	1348.18	
4.66e+07	241.477	531.632	349.47	1122.58	
4.665e+07	294.45	427.833	308.914	1031.2	
4.67e+07	296.022	512.653	439.887	1248.56	
4.675e+07	362.581	293.025	492.807	1148.41	
4.68e+07	341.439	613.601	399.801	1354.84	
4.685e+07	329.89	487.516	236.874	1054.28	
4.69e+07	171.59	561.821	272.088	1005.5	
4.695e+07	144.286	516.881	231.106	892.273	
4.7e+07	148.517	155.029	249.254	552.799	
4.705e+07	152.119	129.37	267.902	549.391	
4.71e+07	85.9316	118.11	453.03	657.072	
4.715e+07	117.137	53.3131	567.486	737.936	
4.72e+07	227.892	54.5539	515.401	797.848	
4.725e+07	291.909	56.1579	420.809	768.876	
4.73e+07	208.092	151.293	696.249	1055.63	
4.735e+07	139.444	158.868	727.486	1025.8	
4.74e+07	161.103	100.817	838.159	1100.08	
4.745e+07	128.908	65.1243	831.404	1025.44	
4.75e+07	143.367	96.8041	1102.33	1342.5	
4.755e+07	128.029	107.526	869.75	1105.31	
4.76e+07	207.837	107.401	816.245	1131.48	
4.765e+07	97.702	122.063	539.291	759.056	
4.77e+07	120.362	185.448	648.796	954.605	
4.775e+07	165.619	180.213	590.343	936.175	
4.78e+07	205.408	198.333	419.154	822.895	
4.785e+07	113.786	210.561	588.34	912.687	
4.79e+07	141.514	164.95	510.622	817.086	
4.795e+07	282.311	142.617	429.423	854.351	
4.8e+07	235.683	354.755	221.351	811.789	
4.805e+07	237.968	418.366	392.382	1048.72	
4.81e+07	399.838	307.325	390.953	1098.12	
4.815e+07	463.783	252.627	469.823	1186.23	
4.82e+07	332.84	422.745	449.033	1204.62	
4.825e+07	445.836	610.602	334.006	1390.44	
4.83e+07	434.703	644.705	204.249	1283.66	
4.835e+07	606.719	623.546	152.682	1382.95	
4.84e+07	791.691	610.094	99.0346	1500.82	
4.845e+07	762.825	242.799	134.079	1139.7	
4.85e+07	659.91	208.608	178.758	1047.28	
4.855e+07	1072.75	130.506	273.346	1476.6	
4.86e+07	1168.53	272.933	197.59	1639.06	
4.865e+07	1401.38	235.261	148.877	1785.51	
4.87e+07	1262.06	427.823	185.62	1875.51	
4.875e+07	1519.47	525.783	105.414	2150.67	
4.88e+07	1220.12	364.767	121.961	1706.85	
4.885e+07	1222.67	303.145	356.262	1882.08	
4.89e+07	1113.22	373.805	210.222	1697.25	
4.895e+07	840.222	582.593	88.3167	1511.13	
4.9e+07	998.829	489.07	254.005	1741.9	
4.905e+07	1230.57	417.627	264.44	1912.64	
4.91e+07	1421.57	226.274	201.395	1849.23	
4.915e+07	1451.12	248.515	246.519	1946.16	
4.92e+07	1418.71	240.581	120.761	1780.05	
4.925e+07	1181.9	421.702	127.88	1731.48	
4.93e+07	1008.28	345.908	171.123	1525.31	
4.935e+07	1136.12	348.622	215.552	1700.29	
4.94e+07	730.803	267.93	274.269	1273	
4.945e+07	654.243	282.296	113.546	1050.08	
4.95e+07	508.707	508.503	106.496	1123.71	
4.955e+07	569.241	458.156	94.6673	1122.06	
4.96e+07	636.109	555.916	130.974	1323	
4.965e+07	681.934	328.388	101.11	1111.43	
4.97e+07	1052.63	450.641	47.1726	1550.44	
4.975e+07	1073.27	542.347	59.5706	1675.18	
4.98e+07	1208.49	642.841	43.3689	1894.7	
4.985e+07	740.334	538.216	103.107	1381.66	
4.99e+07	605.637	630.61	140.281	1376.53	
4.995e+07	896.069	650.668	186.482	1733.22	
5e+07	864.908	739.457	124.622	1728.99	
5.005e+07	778.336	611.37	161.843	1551.55	
5.01e+07	529.156	688.491	157.473	1375.12	
5.015e+07	631.227	600.342	141.627	1373.2	
5.02e+07	464.079	525.345	93.5022	1082.93	
5.025e+07	455.501	450.52	135.09	1041.11	
5.03e+07	648.582	443.274	117.937	1209.79	
5.035e+07	751.826	416.129	132.357	1300.31	
5.04e+07	835.369	308.333	206.57	1350.27	
5.045e+07	773.406	222.544	169.206	1165.16	
5.05e+07	586.874	61.8824	217.233	865.99	
5.055e+07	754.987	96.4856	235.55	1087.02	
5.06e+07	684.219	171.851	237.135	1093.21	
5.065e+07	607.003	392.818	328.158	1327.98	
5.07e+07	543.737	312.869	211.625	1068.23	
5.075e+07	458.132	415.736	138.867	1012.73	
5.08e+07	444.655	380.401	68.0733	893.129	
5.085e+07	430.503	358.686	207.001	996.19	
5.09e+07	369.601	495.822	234.553	1099.98	
5.095e+07	467.256	564.633	122.469	1154.36	
5.1e+07	651.583	288.966	87.936	1028.48	
5.105e+07	638.035	261.561	119.853	1019.45	
5.11e+07	560.825	239.307	121.396	921.528	
5.115e+07	687.789	228.49	134.577	1050.86	
5.12e+07	583.424	286.865	194.196	1064.48	
5.125e+07	384.717	472.765	255.192	1112.67	
5.13e+07	317.572	483.844	250.438	1051.85	
5.135e+07	188.199	638.518	354.851	1181.57	
5.14e+07	129.339	475.009	433.076	1037.42	
5.145e+07	136.695	322.955	603.709	1063.36	
5.15e+07	147.757	255.425	595.27	998.451	
5.155e+07	158.279	124.767	598.241	881.287	
5.16e+07	126.478	196.82	466.047	789.345	
5.165e+07	214.936	187.437	673.572	1075.95	
5.17e+07	215.546	113.116	700.934	1029.6	
5.175e+07	283.678	99.4431	777.95	1161.07	
5.18e+07	387.071	139.496	647.479	1174.05	
5.185e+07	222.031	105.563	605.158	932.752	
5.19e+07	202.04	116.369	474.747	793.155	
5.195e+07	146.327	97.0671	506.544	749.938	
5.2e+07	239.802	99.9121	472.697	812.411	
5.205e+07	375.156	87.0408	564.435	1026.63	
5.21e+07	345.566	124.014	559.622	1029.2	
5.215e+07	288.736	52.8793	461.217	802.832	
5.22e+07	234.488	67.752	454.44	756.679	
5.225e+07	247.902	92.6283	348.874	689.405	
5.23e+07	280.297	51.6131	443.692	775.602	
5.235e+07	402.757	149.179	599.04	1150.98	
5.24e+07	338.513	310.049	500.614	1149.18	
5.245e+07	166.667	214.121	345.214	726.003	
5.25e+07	354.642	239.652	487.481	1081.78	
5.255e+07	278.793	178.927	499.355	957.076	
5.26e+07	264.236	234.704	603.132	1102.07	
5.265e+07	153.835	441.383	510.574	1105.79	
5.27e+07	113.221	354.471	377.073	844.765	
5.275e+07	99.9156	251.549	326.944	678.408	
5.28e+07	65.8208	113.151	276.656	455.628	
5.285e+07	140.33	100.874	412.013	653.216	
5.29e+07	98.8291	82.1952	148.256	329.28	
5.295e+07	172.646	146.984	218.826	538.456	
5.3e+07	70.0241	207.513	324.574	602.112	
5.305e+07	55.5721	329.976	302.803	688.351	
5.31e+07	56.0709	429.119	274.415	759.605	
5.315e+07	82.3086	372.736	149.497	604.541	
5.32e+07	164.22	317.53	85.1167	566.866	
5.325e+07	182.04	374.059	105.208	661.306	
5.33e+07	110.191	374.293	89.8316	574.315	
5.335e+07	189.39	325.227	190.949	705.566	
5.34e+07	210.87	344.572	135.901	691.343	
5.345e+07	258.827	498.928	78.8564	836.611	
5.35e+07	223.076	423.107	113.36	759.543	
5.355e+07	217.749	609.642	105.971	933.362	
5.36e+07	239.103	507.642	192.029	938.773	
5.365e+07	346.075	339.096	245.28	930.451	
5.37e+07	271.219	360.845	68.5905	700.655	
5.375e+07	127.079	316.138	159.687	602.903	
5.38e+07	125.44	359.231	135.499	620.17	
5.385e+07	70.6393	330.572	124.615	525.827	
5.39e+07	250.666	486.244	123.775	860.685	
5.395e+07	227.998	420.316	98.0786	746.393	
5.4e+07	141.887	383.696	110.062	635.646	
5.405e+07	241.078	610.727	102.773	954.579	
5.41e+07	311.759	502.292	80.4867	894.538	
5.415e+07	456.126	590.408	39.7233	1086.26	
5.42e+07	335.316	855.344	75.4831	1266.14	
5.425e+07	337.696	1061.49	81.3112	1480.5	
5.43e+07	247.939	1127.34	138.218	1513.49	
5.435e+07	251.133	1006.66	171.605	1429.39	
5.44e+07	406.59	736.196	182.457	1325.24	
5.445e+07	450.154	762.71	107.27	1320.13	
5.45e+07	567.091	729.208	152.892	1449.19	
5.455e+07	405.781	721.192	86.7097	1213.68	
5.46e+07	433.403	566.113	65.6625	1065.18	
5.465e+07	330.726	518.232	127.088	976.045	
5.47e+07	274.943	651.013	195.382	1121.34	
5.475e+07	225.976	744.596	188.302	1158.87	
5.48e+07	203.434	726.869	187.105	1117.41	
5.485e+07	225.783	522.097	314.383	1062.26	
5.49e+07	450.265	604.959	432.702	1487.93	
5.495e+07	666.018	650.74	248.03	1564.79	
5.5e+07	653.484	420.731	247.394	1321.61	
5.505e+07	514.423	407.734	185.832	1107.99	
5.51e+07	412.914	320.043	231.707	964.664	
5.515e+07	366.342	357.346	249.602	973.291	
5.52e+07	204.404	255.771	150.756	610.931	
5.525e+07	177.4	214.065	181.66	573.125	
5.53e+07	256.41	159.641	61.458	477.509	
5.535e+07	152.281	205.244	84.4518	441.976	
5.54e+07	352.452	123.138	92.0418	567.632	
5.545e+07	155.871	102.697	135.642	394.21	
5.55e+07	252.254	176.844	174.622	603.72	
5.555e+07	133.443	173.262	197.116	503.821	
5.56e+07	182.799	70.6937	209.866	463.359	
5.565e+07	148.782	167.879	226.017	542.678	
5.57e+07	148.465	201.73	217.274	567.47	
5.575e+07	280.618	86.1408	295.029	661.787	
5.58e+07	205.683	182.106	194.522	582.311	
5.585e+07	147.656	288.636	275.039	711.331	
5.59e+07	310.996	269.005	341.615	921.617	
5.595e+07	143.543	253.298	310.67	707.512	
5.6e+07	166.646	432.633	228.859	828.139	
5.605e+07	202.616	350.916	429.523	983.055	
5.61e+07	265.841	498.853	372.572	1137.27	
5.615e+07	242.485	503.074	352.269	1097.83	
5.62e+07	171.897	675.827	279.883	1127.61	
5.625e+07	239.992	500.274	315.023	1055.29	
5.63e+07	309.165	635.794	309.284	1254.24	
5.635e+07	151.178	584.617	453.832	1189.63	
5.64e+07	243.59	572.739	158.373	974.702	
5.645e+07	286.065	558.927	81.998	926.99	
5.65e+07	369.667	337.555	118.952	826.174	
5.655e+07	330.283	244.111	185.663	760.058	
5.66e+07	359.042	159.27	134.872	653.184	
5.665e+07	500.531	72.218	119.465	692.214	
5.67e+07	659.172	107.966	74.0812	841.219	
5.675e+07	611.253	131.065	92.8673	835.185	
5.68e+07	673.542	105.036	140.948	919.526	
5.685e+07	670.749	131.751	126.656	929.155	
5.69e+07	663.028	145.086	130.479	938.593	
5.695e+07	712.219	144.22	101.567	958.007	
5.7e+07	916.267	150.577	110.364	1177.21	
5.705e+07	907.617	146.567	161.179	1215.36	
5.71e+07	710.569	163.229	119.177	992.974	
5.715e+07	622.46	71.1964	232.004	925.66	
5.72e+07	716.745	134.736	244.47	1095.95	
5.725e+07	1061.11	162.964	351.126	1575.2	
5.73e+07	1088.49	216.236	319.887	1624.61	
5.735e+07	708.685	381.324	321.655	1411.66	
5.74e+07	637.663	384.524	315.927	1338.11	
5.745e+07	668.314	291.471	246.912	1206.7	
5.75e+07	619.888	283.293	280.7	1183.88	
5.755e+07	699.273	292.718	372.326	1364.32	
5.76e+07	713.636	219.259	487.654	1420.55	
5.765e+07	669.316	218.952	563.791	1452.06	
5.77e+07	877.843	137.491	301.893	1317.23	
5.775e+07	918.219	142.716	180.208	1241.14	
5.78e+07	818.934	157.035	338.299	1314.27	
5.785e+07	774.129	176.014	281.797	1231.94	
5.79e+07	439.813	115.491	257.003	812.306	
5.795e+07	492.03	137.978	453.536	1083.54	
5.8e+07	645.43	121.999	444.603	1212.03	
5.805e+07	691.201	124.609	375.009	1190.82	
5.81e+07	688.781	165.981	446.968	1301.73	
5.815e+07	841.438	145.41	244.681	1231.53	
5.82e+07	971.422	56.3312	203.423	1231.18	
5.825e+07	1241.72	126.293	384.863	1752.88	
5.83e+07	981.376	202.148	353.214	1536.74	
5.835e+07	687.648	110.552	343.456	1141.66	
5.84e+07	430.271	218.029	306.161	954.462	
5.845e+07	427.984	248.392	295.661	972.037	
5.85e+07	484.854	81.7415	274.106	840.702	
5.855e+07	512.639	140.709	250.843	904.192	
5.86e+07	477.463	116.996	422.332	1016.79	
5.865e+07	578.292	118.586	534.262	1231.14	
5.87e+07	535.019	132.97	577.549	1245.54	
5.875e+07	508.823	232.749	448.346	1189.92	
5.88e+07	492.76	281.922	218.306	992.988	
5.885e+07	188.019	238.211	279.665	705.896	
5.89e+07	194.162	322.47	341.723	858.355	
5.895e+07	161.658	303.199	264.163	729.021	
5.9e+07	259.56	267.716	246.211	773.487	
5.905e+07	292.362	292.522	418.697	1003.58	
5.91e+07	394.573	350.532	241.143	986.248	
5.915e+07	558.636	437.631	330.308	1326.58	
5.92e+07	410.537	405.429	512.436	1328.4	
5.925e+07	530.879	210.158	498.683	1239.72	
5.93e+07	414.639	213.962	578.323	1206.92	
5.935e+07	556.417	155.414	830.637	1542.47	
5.94e+07	598.469	203.922	682.492	1484.88	
5.945e+07	609.349	268.218	558.557	1436.12	
5.95e+07	517.062	260.645	520.344	1298.05	
5.955e+07	789.16	151.831	377.055	1318.05	
5.96e+07	605.322	124.183	307.517	1037.02	
5.965e+07	450.641	79.3891	336.663	866.693	
5.97e+07	250.728	109.573	307.301	667.603	
5.975e+07	197.021	139.174	317.303	653.498	
5.98e+07	158.753	95.7744	251.277	505.805	
5.985e+07	119.925	125.307	195.617	440.849	
5.99e+07	154.273	101.791	152.034	408.099	
5.995e+07	145.023	106.712	106.686	358.421	
6e+07	288.814	199.996	93.4193	582.23	
6.005e+07	460.193	180.054	37.7505	677.997	
6.01e+07	563.41	270.695	146.441	980.546	
6.015e+07	604.33	318.385	102.541	1025.26	
6.02e+07	750.483	349.706	55.9297	1156.12	
6.025e+07	1124.53	660.526	83.9998	1869.05	
6.03e+07	1120.96	642.208	102.168	1865.33	
6.035e+07	1147.43	559.32	231.967	1938.72	
6.04e+07	963.595	521.326	328.152	1813.07	
6.045e+07	1024.05	685.967	155.977	1865.99	
6.05e+07	1505.44	1108.7	219.024	2833.17	
6.055e+07	1445.53	750.835	190.531	2386.9	
6.06e+07	1312.96	861.245	103.828	2278.03	
6.065e+07	1576.38	815.749	112.333	2504.46	
6.07e+07	1471.1	1157.52	113.151	2741.77	
6.075e+07	1121.69	894.036	83.7935	2099.52	
6.08e+07	994.807	938.429	68.1576	2001.39	
6.085e+07	729.846	615.731	67.2212	1412.8	
6.09e+07	802.36	529.137	133.914	1465.41	
6.095e+07	535.353	530.505	100.401	1166.26	
6.1e+07	528.338	480.088	151.629	1160.05	
6.105e+07	322.44	480.598	80.266	883.304	
6.11e+07	199.202	579.999	130.317	909.518	
6.115e+07	229.671	849.482	128.981	1208.13	
6.12e+07	221.248	891.357	131.635	1244.24	
6.125e+07	202.665	647.016	99.0891	948.77	
6.13e+07	223.405	530.084	239.133	992.622	
6.135e+07	121.728	696.942	197.5	1016.17	
6.14e+07	131.797	716.646	311.386	1159.83	
6.145e+07	233.924	400.906	131.095	765.926	
6.15e+07	287.114	266.569	137.562	691.245	
6.155e+07	396.055	340.573	101.012	837.641	
6.16e+07	397.438	250.449	101.463	749.35	
6.165e+07	390.55	363.376	184.15	938.076	
6.17e+07	263.737	425.634	81.8122	771.183	
6.175e+07	243.578	326.045	122.616	692.239	
6.18e+07	154.184	399.501	264.443	818.128	
6.185e+07	238.015	495.421	266.018	999.454	
6.19e+07	276.602	463.283	279.443	1019.33	
6.195e+07	349.833	552.279	246.95	1149.06	
6.2e+07	408.561	868.06	241.476	1518.1	
6.205e+07	440.914	999.367	91.9125	1532.19	
6.21e+07	430.585	1213.09	70.312	1713.99	
6.215e+07	277.687	1333.06	125.114	1735.86	
6.22e+07	230.999	1074.87	250.59	1556.46	
6.225e+07	171.603	779.585	304.688	1255.88	
6.23e+07	246.295	662.201	297.871	1206.37	
6.235e+07	109.23	514.873	573.459	1197.56	
6.24e+07	120.311	429.05	612.7	1162.06	
6.245e+07	53.8358	548.729	602.636	1205.2	
6.25e+07	46.8926	683.951	623.908	1354.75	
6.255e+07	74.6203	635.578	472.557	1182.75	
6.26e+07	223.384	635.824	325.537	1184.74	
6.265e+07	171.217	775.976	323.642	1270.84	
6.27e+07	145.13	740.846	289.49	1175.47	
6.275e+07	127.451	660.463	175.966	963.88	
6.28e+07	228.692	577.595	370.637	1176.92	
6.285e+07	66.0665	420.183	230.806	717.055	
6.29e+07	164.89	353.684	261.992	780.566	
6.295e+07	83.3089	611.147	394.083	1088.54	
6.3e+07	137.044	688.498	607.103	1432.65	
6.305e+07	65.1089	860.229	720.998	1646.34	
6.31e+07	95.4556	791.519	997.934	1884.91	
6.315e+07	58.5756	1002.61	881.037	1942.22	
6.32e+07	67.7309	1130.59	697.518	1895.83	
6.325e+07	145.558	926.677	724.523	1796.76	
6.33e+07	173.484	1066.44	533.285	1773.21	
6.335e+07	203.532	847.386	370.475	1421.39	
6.34e+07	156.685	739.093	504.084	1399.86	
6.345e+07	278.695	650.77	286.23	1215.7	
6.35e+07	272.017	558.897	245.053	1075.97	
6.355e+07	197.538	692.599	391.91	1282.05	
6.36e+07	238.862	968.554	261.204	1468.62	
6.365e+07	138.57	1181.4	365.992	1685.96	
6.37e+07	99.1798	1135.92	361.121	1596.22	
6.375e+07	136.55	938.05	305.124	1379.72	
6.38e+07	378.538	736.216	302.856	1417.61	
6.385e+07	366.664	522.647	224.289	1113.6	
6.39e+07	231.815	499.831	206.032	937.679	
6.395e+07	157.273	526.694	299.944	983.911	
6.4e+07	206.758	668.859	274.283	1149.9	
6.405e+07	219.674	814.892	204.855	1239.42	
6.41e+07	427.547	728.41	379.813	1535.77	
6.415e+07	636.569	938.06	344.317	1918.95	
6.42e+07	540.755	964.796	432.539	1938.09	
6.425e+07	635.065	903.934	313.481	1852.48	
6.43e+07	660.176	747.902	233.977	1642.05	
6.435e+07	519.634	937.069	169.078	1625.78	
6.44e+07	493.03	859.721	81.1031	1433.85	
6.445e+07	394.478	484.396	93.1497	972.024	
6.45e+07	388.642	494.723	124.408	1007.77	
6.455e+07	406.175	471.756	51.5273	929.458	
6.46e+07	330.466	463.905	64.4058	858.778	
6.465e+07	298.008	392.993	159.513	850.514	
6.47e+07	397.9	487.415	296.17	1181.49	
6.475e+07	500.571	625.494	199.508	1325.57	
6.48e+07	452.97	675.02	176.759	1304.75	
6.485e+07	505.669	499.361	252.166	1257.19	
6.49e+07	184.683	356.637	300.08	841.4	
6.495e+07	218.185	428.005	403.074	1049.26	
6.5e+07	176.243	408.536	309.829	894.608	
6.505e+07	193.018	372.879	253.59	819.487	
6.51e+07	173.968	395.297	178.072	747.338	
6.515e+07	283.592	615.15	77.0544	975.796	
6.52e+07	222.049	438.298	168.72	829.067	
6.525e+07	281.971	488.366	119.697	890.034	
6.53e+07	731.689	480.222	91.8164	1303.73	
6.535e+07	447.913	470.967	74.3493	993.229	
6.54e+07	339.728	518.672	96.1051	954.505	
6.545e+07	500.214	654.543	78.3495	1233.11	
6.55e+07	427.523	454.322	151.585	1033.43	
6.555e+07	298.273	620.98	226.839	1146.09	
6.56e+07	256.473	1197.55	214.505	1668.53	
6.565e+07	390.512	1129.48	133.636	1653.63	
6.57e+07	288.901	888.712	242.394	1420.01	
6.575e+07	253.184	786.194	218.008	1257.39	
6.58e+07	243.597	816.775	156.439	1216.81	
6.585e+07	213.506	617.599	234.369	1065.47	
6.59e+07	206.102	586.256	210.086	1002.44	
6.595e+07	182.748	466.521	139.155	788.425	
6.6e+07	108.897	315.149	114.589	538.634	
6.605e+07	101.588	500.559	75.1452	677.291	
6.61e+07	157.376	644.501	36.7256	838.603	
6.615e+07	61.782	700.92	119.176	881.878	
6.62e+07	166.381	626.039	162.394	954.815	
6.625e+07	197.911	456.295	158.254	812.46	
6.63e+07	187.386	510.682	352.875	1050.94	
6.635e+07	171.571	410.244	160.478	742.293	
6.64e+07	156.833	363.308	254.559	774.699	
6.645e+07	196.716	318.7	470.877	986.292	
6.65e+07	243.021	288.902	426.967	958.891	
6.655e+07	377.042	463.017	521.396	1361.46	
6.66e+07	540.758	669.456	662.094	1872.31	
6.665e+07	429.094	438.104	757.487	1624.69	
6.67e+07	459.696	450.498	705.252	1615.45	
6.675e+07	429.969	566.212	571.995	1568.18	
6.68e+07	478.814	465.863	647.473	1592.15	
6.685e+07	387.392	625.374	828.639	1841.4	
6.69e+07	429.203	662.031	1178.97	2270.21	
6.695e+07	519.225	609.254	1244.35	2372.83	
6.7e+07	284.848	519.362	1345.44	2149.65	
6.705e+07	528.687	518.666	1015.42	2062.77	
6.71e+07	483.992	521.955	1307.49	2313.44	
6.715e+07	662.684	370.777	1070.74	2104.2	
6.72e+07	639.276	371.184	868.189	1878.65	
6.725e+07	583.133	164.19	867.406	1614.73	
6.73e+07	576.611	100.267	632.866	1309.74	
6.735e+07	779.396	91.1833	717.346	1587.92	
6.74e+07	863.495	81.1145	700.157	1644.77	
6.745e+07	544.801	142.72	545.229	1232.75	
6.75e+07	288.906	94.5033	708.062	1091.47	
6.755e+07	432.462	63.3735	734.127	1229.96	
6.76e+07	555.811	106.966	513.382	1176.16	
6.765e+07	634.836	218.529	542.052	1395.42	
6.77e+07	830.089	171.224	593.877	1595.19	
6.775e+07	942.207	121.755	532.685	1596.65	
6.78e+07	699.847	142.965	870.072	1712.88	
6.785e+07	525.249	94.6322	873.598	1493.48	
6.79e+07	498.62	61.6149	486.497	1046.73	
6.795e+07	702.814	80.43	520.158	1303.4	
6.8e+07	530.005	118.058	562.008	1210.07	
6.805e+07	631.138	130.083	483.975	1245.2	
6.81e+07	689.395	158.742	416.553	1264.69	
6.815e+07	861.227	114.647	268.793	1244.67	
6.82e+07	858.466	91.5276	249.419	1199.41	
6.825e+07	693.893	57.682	263.619	1015.19	
6.83e+07	595.951	86.8201	502.941	1185.71	
6.835e+07	672.104	237.765	473.087	1382.96	
6.84e+07	657.507	109.92	763.869	1531.3	
6.845e+07	656.956	172.104	781.941	1611	
6.85e+07	488.375	105.814	816.341	1410.53	
6.855e+07	217.509	233.196	863.652	1314.36	
6.86e+07	79.9139	301.614	865.6	1247.13	
6.865e+07	43.1993	356.207	848.236	1247.64	
6.87e+07	54.7713	447.199	550.599	1052.57	
6.875e+07	38.072	345.779	649.936	1033.79	
6.88e+07	78.5476	341.768	491.118	911.434	
6.885e+07	85.6348	269.768	622.042	977.445	
6.89e+07	81.206	145.499	520.449	747.154	
6.895e+07	148.695	136.957	420.213	705.865	
6.9e+07	121.153	160.689	205.528	487.369	
6.905e+07	88.0489	209.788	239.1	536.936	
6.91e+07	114.761	179.917	386.089	680.767	
6.915e+07	101.273	222.672	559.15	883.095	
6.92e+07	239.784	256.118	503.778	999.68	
6.925e+07	198.365	443.031	544.272	1185.67	
6.93e+07	137.491	321.959	348.949	808.399	
6.935e+07	272.975	415.34	288.803	977.119	
6.94e+07	155.578	394.462	280.393	830.433	
6.945e+07	100.634	434.151	397.686	932.471	
6.95e+07	261.88	733.009	346.139	1341.03	
6.955e+07	240.932	646.502	316.867	1204.3	
6.96e+07	206.396	556.043	419.357	1181.8	
6.965e+07	152.077	520.954	429.403	1102.43	
6.97e+07	235.754	473.116	615.683	1324.55	
6.975e+07	201.246	393.803	397.019	992.069	
6.98e+07	132.614	365.976	625.587	1124.18	
6.985e+07	194.326	275.476	649.186	1118.99	
6.99e+07	161.417	294.627	531.84	987.884	
6.995e+07	135.249	239.099	431.286	805.634	
7e+07	231.708	285.504	652.283	1169.5	
7.005e+07	81.3847	342.031	315.467	738.883	
7.01e+07	174.719	301.251	134.427	610.397	
7.015e+07	277.51	522.121	156.717	956.348	
7.02e+07	204.627	330.764	157.289	692.68	
7.025e+07	326.033	482.546	159.957	968.537	
7.03e+07	394.213	350.502	227.552	972.267	
7.035e+07	182.587	282.988	280.736	746.31	
7.04e+07	216.42	382.633	199.624	798.677	
7.045e+07	182.558	287.91	235.03	705.497	
7.05e+07	192.67	316.976	159.524	669.17	
7.055e+07	139.119	333.156	149.666	621.94	
7.06e+07	136.387	357.503	174.866	668.756	
7.065e+07	189.813	338.322	131.136	659.271	
7.07e+07	203.59	271.332	169.528	644.451	
7.075e+07	211.153	163.062	88.9432	463.159	
7.08e+07	319.262	197.416	214.954	731.632	
7.085e+07	271.656	95.8228	217.322	584.8	
7.09e+07	195.421	133.61	244.242	573.272	
7.095e+07	381.062	247.499	198.074	826.635	
7.1e+07	381.737	149.535	141.673	672.945	
7.105e+07	371.343	59.3292	223.75	654.422	
7.11e+07	220.272	121.449	207.507	549.229	
7.115e+07	358.439	86.642	173.055	618.135	
7.12e+07	387.239	105.113	260.742	753.095	
7.125e+07	470.91	129.173	145.881	745.963	
7.13e+07	449.41	189.374	287.264	926.048	
7.135e+07	634.979	228.674	197.497	1061.15	
7.14e+07	689.956	206.386	341.126	1237.47	
7.145e+07	621.969	327.114	154.308	1103.39	
7.15e+07	572.83	410.023	180.232	1163.08	
7.155e+07	659.314	191.899	343.467	1194.68	
7.16e+07	629.661	86.3475	396.593	1112.6	
7.165e+07	1271.93	74.7389	329.359	1676.03	
7.17e+07	1167.53	216.523	124.196	1508.25	
7.175e+07	985.697	353.51	122.957	1462.16	
7.18e+07	1240.14	285.275	112.679	1638.09	
7.185e+07	1014.51	229.307	35.7655	1279.58	
7.19e+07	888.762	247.321	98.8766	1234.96	
7.195e+07	825.912	327.813	116.776	1270.5	
7.2e+07	675.151	542.296	228.911	1446.36	
7.205e+07	422.66	347.417	269.496	1039.57	
7.21e+07	524.485	414.345	360.331	1299.16	
7.215e+07	399.556	257.305	558.122	1214.98	
7.22e+07	445.316	190.821	779.014	1415.15	
7.225e+07	532.336	137.766	426.172	1096.27	
7.23e+07	472.231	185.772	700.536	1358.54	
7.235e+07	260.53	252.841	478.539	991.91	
7.24e+07	180.034	538.98	359.534	1078.55	
7.245e+07	210.941	349.341	440.765	1001.05	
7.25e+07	158.65	226.802	316.855	702.307	
7.255e+07	118.668	423.844	308.86	851.373	
7.26e+07	175.181	529.676	349.996	1054.85	
7.265e+07	119.426	603.68	328.456	1051.56	
7.27e+07	218.323	543.056	297.915	1059.29	
7.275e+07	170.481	302.177	438.336	910.994	
7.28e+07	167.363	383.509	570.77	1121.64	
7.285e+07	162.552	509.754	608.97	1281.28	
7.29e+07	146.162	666.883	634.085	1447.13	
7.295e+07	120.435	575.748	417.463	1113.65	
7.3e+07	99.378	816.429	530.702	1446.51	
7.305e+07	136.396	1182.06	326.16	1644.61	
7.31e+07	112.356	937.971	195.798	1246.13	
7.315e+07	146.312	1234.8	197.883	1579	
7.32e+07	165.794	803.463	236.844	1206.1	
7.325e+07	130.605	902.091	286.316	1319.01	
7.33e+07	276.566	797.354	305.551	1379.47	
7.335e+07	129.654	1007.12	269.754	1406.53	
7.34e+07	103.281	1403.8	306.519	1813.6	
7.345e+07	118.49	1233.26	287.527	1639.28	
7.35e+07	63.12	1341.33	263.179	1667.63	
7.355e+07	139.394	1311.18	240.099	1690.67	
7.36e+07	85.9	1138.9	210.849	1435.65	
7.365e+07	221.883	1363.25	186.434	1771.57	
7.37e+07	141.771	1423.82	209.21	1774.8	
7.375e+07	153.714	1411.55	88.8151	1654.08	
7.38e+07	98.8189	1425.98	73.7478	1598.55	
7.385e+07	403.179	1243.52	126.434	1773.14	
7.39e+07	398.917	917.696	88.4859	1405.1	
7.395e+07	254.656	880.5	82.7226	1217.88	
7.4e+07	152.136	627.834	68.6335	848.603	
7.405e+07	111.291	435.629	210.885	757.804	
7.41e+07	117.605	404.141	162.516	684.262	
7.415e+07	111.725	285.338	104.695	501.757	
7.42e+07	94.2299	313.483	79.0222	486.735	
7.425e+07	98.4533	456.131	125.33	679.915	
7.43e+07	197.728	265.37	174.817	637.915	
7.435e+07	243.585	398.79	330.702	973.077	
7.44e+07	326.551	376.055	186.137	888.742	
7.445e+07	446.229	507.285	272.173	1225.69	
7.45e+07	279.339	423.375	133.188	835.902	
7.455e+07	196.22	227.197	151.173	574.59	
7.46e+07	397.616	306.267	121.95	825.833	
7.465e+07	170.001	315.574	281.426	767.001	
7.47e+07	152.472	316.002	372.288	840.762	
7.475e+07	116.753	222.64	550.089	889.482	
7.48e+07	94.5752	256.82	552.232	903.627	
7.485e+07	137.207	183.491	642.77	963.467	
7.49e+07	215.51	105.853	628.054	949.418	
7.495e+07	74.5243	202.261	552.109	828.894	
7.5e+07	193.95	215.707	413.674	823.33	
7.505e+07	176.73	109	321.093	606.822	
7.51e+07	153.82	288.095	682.403	1124.32	
7.515e+07	243.684	344.863	614.776	1203.32	
7.52e+07	204.904	311.753	980.662	1497.32	
7.525e+07	220.847	566.445	648.936	1436.23	
7.53e+07	168.427	714.037	334.844	1217.31	
7.535e+07	242.538	596.19	323.685	1162.41	
7.54e+07	284.826	593.535	577.728	1456.09	
7.545e+07	303.281	572.148	548.866	1424.3	
7.55e+07	222.935	438.057	272.495	933.487	
7.555e+07	141.276	619.738	232.892	993.906	
7.56e+07	80.9437	553.821	170.191	804.956	
7.565e+07	69.1344	524.199	160.534	753.867	
7.57e+07	119.176	376.461	167.754	663.392	
7.575e+07	67.8356	467.894	219.19	754.92	
7.58e+07	29.7717	459.619	354.755	844.146	
7.585e+07	159.239	411.223	351.246	921.709	
7.59e+07	154.664	414.402	433.016	1002.08	
7.595e+07	115.797	352.162	449.472	917.43	
7.6e+07	233.653	254.572	645.166	1133.39	
7.605e+07	271.299	306.913	462.11	1040.32	
7.61e+07	212.756	374.562	403.725	991.044	
7.615e+07	153.781	229.305	280.789	663.874	
7.62e+07	185.686	214.9	199.932	600.518	
7.625e+07	184.971	94.23	107.12	386.322	
7.63e+07	174.16	170.915	117.313	462.388	
7.635e+07	91.138	225.063	86.8832	403.084	
7.64e+07	61.3609	221.009	186.193	468.562	
7.645e+07	60.3589	448.15	225.268	733.777	
7.65e+07	66.5173	387.802	117.469	571.788	
7.655e+07	110.461	573.976	178.634	863.07	
7.66e+07	113.521	375.949	125.193	614.662	
7.665e+07	221.913	332.908	203.116	757.938	
7.67e+07	117.053	156.42	168.66	442.133	
7.675e+07	170.619	83.7463	155.809	410.175	
7.68e+07	73.5	114.167	237.162	424.829	
7.685e+07	135.37	67.7206	377.702	580.792	
7.69e+07	164.413	130.9	739.368	1034.68	
7.695e+07	197.959	239.713	501.372	939.045	
7.7e+07	177.435	175.657	242.425	595.517	
7.705e+07	188.727	266.093	361.896	816.716	
7.71e+07	199.912	173.896	468.42	842.228	
7.715e+07	90.1788	289.143	339.391	718.712	
7.72e+07	191.687	320.917	325.19	837.794	
7.725e+07	171.669	323.475	344.48	839.624	
7.73e+07	197.778	371.197	376.917	945.892	
7.735e+07	126.691	385.869	442.427	954.987	
7.74e+07	176.887	492.988	446.775	1116.65	
7.745e+07	229.978	290.995	329.937	850.91	
7.75e+07	244.407	271.478	223.01	738.895	
7.755e+07	247.195	330.256	164.544	741.995	
7.76e+07	304.988	136.252	118.807	560.048	
7.765e+07	126.183	133.957	153.88	414.021	
7.77e+07	247.741	307.489	63.0428	618.274	
7.775e+07	176.029	557.09	56.102	789.221	
7.78e+07	128.165	639.709	109.235	877.109	
7.785e+07	127.295	550.475	122.251	800.021	
7.79e+07	70.3553	698.981	121.083	890.419	
7.795e+07	65.4847	835.826	190.877	1092.19	
7.8e+07	92.1467	878.675	252.564	1223.39	
7.805e+07	41.054	861.751	247.747	1150.55	
7.81e+07	64.2761	609.893	353.502	1027.67	
7.815e+07	227.118	391.597	586.471	1205.19	
7.82e+07	94.3158	439.932	491.471	1025.72	
7.825e+07	81.0019	384.648	517.506	983.155	
7.83e+07	113.705	386.706	595.262	1095.67	
7.835e+07	108.131	568.216	451.83	1128.18	
7.84e+07	167.985	573.526	402.601	1144.11	
7.845e+07	117.842	394.26	381.891	893.993	
7.85e+07	56.8255	368.79	315.412	741.028	
7.855e+07	142.697	491.15	384.833	1018.68	
7.86e+07	145.001	349.627	425.09	919.718	
7.865e+07	226.393	201.999	442.897	871.289	
7.87e+07	326.511	322.056	398.409	1046.98	
7.875e+07	455.905	415.405	225.88	1097.19	
7.88e+07	508.429	332.888	300.303	1141.62	
7.885e+07	516.078	390.578	490.317	1396.97	
7.89e+07	457.149	254.748	441.19	1153.09	
7.895e+07	401.736	353.738	639.926	1395.4	
7.9e+07	437.894	337.076	699.218	1474.19	
7.905e+07	651.561	245.248	595.582	1492.39	
7.91e+07	658.571	316.706	689.699	1664.98	
7.915e+07	469.876	263.274	519.127	1252.28	
7.92e+07	351.434	107.528	675.512	1134.47	
7.925e+07	243.551	161.439	515.593	920.583	
7.93e+07	149.322	250.363	435.603	835.288	
7.935e+07	326.406	380.522	585.269	1292.2	
7.94e+07	184.835	296.436	418.033	899.304	
7.945e+07	174.712	302.38	451.047	928.14	
7.95e+07	246.468	269.896	545.117	1061.48	
7.955e+07	253.563	292.178	425.859	971.6	
7.96e+07	297.71	364.083	398.759	1060.55	
7.965e+07	230.419	423.962	414.451	1068.83	
7.97e+07	385.262	396.753	346.388	1128.4	
7.975e+07	556.518	562.518	358.645	1477.68	
7.98e+07	296.376	630.562	131.239	1058.18	
7.985e+07	109.218	535.914	133.796	778.928	
7.99e+07	313.525	630.029	202.29	1145.84	
7.995e+07	407.079	355.106	159.672	921.856	
8e+07	523.959	136.706	132.248	792.914	
8.005e+07	535.744	135.83	327.605	999.179	
8.01e+07	443.63	112.106	393.322	949.058	
8.015e+07	607.256	265.934	525.002	1398.19	
8.02e+07	583.376	529.443	380.814	1493.63	
8.025e+07	463.317	456.749	427.696	1347.76	
8.03e+07	272.77	475.526	405.069	1153.37	
8.035e+07	266.167	635.123	247.129	1148.42	
8.04e+07	321.936	701.144	216.316	1239.4	
8.045e+07	419.086	511.322	254.27	1184.68	
8.05e+07	379.089	404.83	285.218	1069.14	
8.055e+07	464.395	638.787	375.707	1478.89	
8.06e+07	371.856	786.393	188.213	1346.46	
8.065e+07	445.015	718.164	237.854	1401.03	
8.07e+07	315.26	739.123	214.258	1268.64	
8.075e+07	420.816	916.153	294.203	1631.17	
8.08e+07	386.286	914.204	149.99	1450.48	
8.085e+07	369.655	830.528	174.64	1374.82	
8.09e+07	409.528	900.192	169.79	1479.51	
8.095e+07	395.456	874.083	212.738	1482.28	
8.1e+07	342.656	785.352	251.106	1379.11	
8.105e+07	300.909	844.762	611.315	1756.99	
8.11e+07	329.721	429.484	447.027	1206.23	
8.115e+07	301.829	198.546	370.444	870.818	
8.12e+07	316.319	195.885	199.783	711.987	
8.125e+07	303.299	206.582	245.432	755.313	
8.13e+07	419.228	227.626	194.881	841.735	
8.135e+07	502.224	275.787	246.738	1024.75	
8.14e+07	587.341	222.35	239.836	1049.53	
8.145e+07	426.456	397.503	266.63	1090.59	
8.15e+07	444.454	403.608	105.097	953.159	
8.155e+07	473.545	215.589	164.079	853.213	
8.16e+07	553.162	194.703	163.521	911.387	
8.165e+07	615.75	183.136	217.917	1016.8	
8.17e+07	743.376	158.354	420.404	1322.13	
8.175e+07	711.237	138.183	211.14	1060.56	
8.18e+07	635.439	194.222	179.895	1009.56	
8.185e+07	553.087	215.541	172.713	941.34	
8.19e+07	591.045	188.62	156.965	936.629	
8.195e+07	603.21	139.987	150.849	894.047	
8.2e+07	691.079	286.528	163.412	1141.02	
8.205e+07	661.569	226.145	223.761	1111.47	
8.21e+07	459.469	171.657	267.166	898.293	
8.215e+07	287.695	136.857	346.063	770.615	
8.22e+07	400.261	80.7887	347.698	828.748	
8.225e+07	469.872	135.035	220.832	825.739	
8.23e+07	438.089	96.25	289.289	823.629	
8.235e+07	541.569	111.657	299.889	953.114	
8.24e+07	656.875	59.0526	248.516	964.444	
8.245e+07	660.585	95.2608	181.185	937.031	
8.25e+07	515.777	120.526	347.038	983.34	
8.255e+07	686.954	139.823	268.177	1094.95	
8.26e+07	681.354	169.501	203.491	1054.35	
8.265e+07	864.756	77.2646	302.49	1244.51	
8.27e+07	755.385	174.737	439.44	1369.56	
8.275e+07	647.037	201.999	609.953	1458.99	
8.28e+07	494.174	162.991	377.649	1034.81	
8.285e+07	518.477	222.599	275.305	1016.38	
8.29e+07	432.702	96.6032	328.827	858.132	
8.295e+07	474.376	86.5885	256.062	817.027	
8.3e+07	414.461	156.793	395.829	967.082	
8.305e+07	344.451	241.463	386.946	972.86	
8.31e+07	327.061	272.942	348.431	948.434	
8.315e+07	469.525	171.262	380.738	1021.52	
8.32e+07	385.469	142.473	289.804	817.746	
8.325e+07	390.833	226.929	559.287	1177.05	
8.33e+07	227.4	155.694	680.795	1063.89	
8.335e+07	303.218	240.91	647.909	1192.04	
8.34e+07	152.43	202.018	655.27	1009.72	
8.345e+07	276.266	263.721	766.956	1306.94	
8.35e+07	444.472	118.638	821.277	1384.39	
8.355e+07	435.661	155.155	647.882	1238.7	
8.36e+07	408.28	295.125	558.925	1262.33	
8.365e+07	373.942	238.296	534.653	1146.89	
8.37e+07	477.191	203.614	587.903	1268.71	
8.375e+07	533.995	154.338	739.492	1427.83	
8.38e+07	291.776	139.389	948.797	1379.96	
8.385e+07	182.789	66.4497	840.096	1089.34	
8.39e+07	234.434	87.4491	627.299	949.182	
8.395e+07	280.999	67.9201	445.696	794.615	
8.4e+07	236.824	132.193	588.175	957.192	
8.405e+07	208.044	109.325	564.428	881.797	
8.41e+07	316.082	183.715	584.191	1083.99	
8.415e+07	251.361	354.055	378.12	983.536	
8.42e+07	182.403	192.832	278.091	653.326	
8.425e+07	135.455	216.814	481.25	833.519	
8.43e+07	219.266	203.916	482.122	905.305	
8.435e+07	100.662	334.982	471.873	907.517	
8.44e+07	210.307	333.479	625.076	1168.86	
8.445e+07	369.193	455.749	608.805	1433.75	
8.45e+07	363.009	322.949	578.636	1264.59	
8.455e+07	225.63	407.216	383.064	1015.91	
8.46e+07	160.44	449.899	312.193	922.532	
8.465e+07	346.952	640.732	363.804	1351.49	
8.47e+07	384.242	499.299	355.793	1239.33	
8.475e+07	230.106	464.851	292.153	987.11	
8.48e+07	354.002	365.464	565.623	1285.09	
8.485e+07	274.195	579.533	321.876	1175.6	
8.49e+07	334.553	536.855	305.684	1177.09	
8.495e+07	240.897	499.683	437.307	1177.89	
8.5e+07	210.143	378.029	358.544	946.716	
8.505e+07	321.386	600.521	656.241	1578.15	
8.51e+07	269.483	460.775	606.377	1336.64	
8.515e+07	241.585	409.249	547.255	1198.09	
8.52e+07	165.336	452.304	497.69	1115.33	
8.525e+07	197.646	415.141	319.243	932.03	
8.53e+07	388.157	527.358	254.916	1170.43	
8.535e+07	217.058	343.115	246.655	806.828	
8.54e+07	214.453	156.687	204.339	575.48	
8.545e+07	175.783	220.304	151.641	547.728	
8.55e+07	126.521	192.65	299.549	618.72	
8.555e+07	102.922	186.183	186.319	475.424	
8.56e+07	140.726	255.99	176.436	573.152	
8.565e+07	124.156	186.695	149.146	459.998	
8.57e+07	170.729	203.183	142.639	516.552	
8.575e+07	187.418	326.43	243.78	757.628	
8.58e+07	172.291	199.599	199.159	571.048	
8.585e+07	254.235	294.03	299.541	847.806	
8.59e+07	163.921	295.196	404.95	864.067	
8.595e+07	129.867	141.851	375.834	647.552	
8.6e+07	134.256	157.486	248.019	539.761	
8.605e+07	129.65	356.926	361.945	848.521	
8.61e+07	74.7278	356.348	524.381	955.457	
8.615e+07	147.323	255.025	616.23	1018.58	
8.62e+07	209.392	217.762	575.623	1002.78	
8.625e+07	191.203	307.344	795.954	1294.5	
8.63e+07	190.034	398.088	374.435	962.557	
8.635e+07	75.1327	358.972	424.878	858.983	
8.64e+07	78.2031	328.91	533.814	940.927	
8.645e+07	83.7824	333.063	541.635	958.481	
8.65e+07	68.9477	337.129	664.223	1070.3	
8.655e+07	55.9344	456.748	1029.87	1542.55	
8.66e+07	52.3964	302.601	925.786	1280.78	
8.665e+07	126.329	258.58	941.044	1325.95	
8.67e+07	69.4245	357.185	1064.59	1491.2	
8.675e+07	54.8097	264.118	1168.13	1487.05	
8.68e+07	62.8078	264.448	1074.01	1401.26	
8.685e+07	169.183	345.287	1058.4	1572.87	
8.69e+07	158.571	293.883	854.306	1306.76	
8.695e+07	219.894	509.34	731.077	1460.31	
8.7e+07	200.922	432.025	683.527	1316.47	
8.705e+07	83.5833	497.363	997.803	1578.75	
8.71e+07	68.3673	510.281	1312.95	1891.6	
8.715e+07	146.146	605.033	1082.42	1833.6	
8.72e+07	147.338	1005.69	1076.67	2229.7	
8.725e+07	178.977	1015.21	1432.09	2626.28	
8.73e+07	160.092	726.689	1700.85	2587.64	
8.735e+07	207.834	849.906	1776.12	2833.86	
8.74e+07	161.75	818.166	1764.55	2744.47	
8.745e+07	249.549	618.757	1876.11	2744.42	
8.75e+07	155.305	404.456	1830.3	2390.06	
8.755e+07	210.162	491.514	1358.47	2060.15	
8.76e+07	35.8295	123.234	1136.93	1295.99	
8.765e+07	109.446	165.554	1290.93	1565.93	
8.77e+07	76.8964	134.896	1329.9	1541.69	
8.775e+07	77.5422	74.8665	1028.25	1180.65	
8.78e+07	34.3091	80.1691	983.147	1097.63	
8.785e+07	90.7653	68.2723	921.888	1080.93	
8.79e+07	85.6172	63.1864	1019.78	1168.58	
8.795e+07	96.2758	151.615	1512.52	1760.41	
8.8e+07	113.99	297.243	1613.66	2024.89	
8.805e+07	83.4166	393.341	1593.94	2070.7	
8.81e+07	78.7513	655.069	1523.21	2257.03	
8.815e+07	71.5884	721.872	1595.49	2388.95	
8.82e+07	51.5696	551.824	1948.99	2552.39	
8.825e+07	108.129	494.659	1930.01	2532.79	
8.83e+07	70.6075	263.736	1682.49	2016.84	
8.835e+07	116.853	291.581	1966.17	2374.61	
8.84e+07	138.07	257.018	1568.79	1963.88	
8.845e+07	291.483	217.199	1301.56	1810.24	
8.85e+07	215.895	319.559	1374.79	1910.24	
8.855e+07	255.22	574.787	1344.04	2174.04	
8.86e+07	275.485	343.048	1481.03	2099.56	
8.865e+07	306.875	225.882	1151.87	1684.63	
8.87e+07	480.141	428.825	1099.88	2008.85	
8.875e+07	418.187	347.403	1032.54	1798.13	
8.88e+07	268.403	295.051	1290.05	1853.5	
8.885e+07	234.503	271.889	1387.88	1894.27	
8.89e+07	189.314	251.44	1502.27	1943.03	
8.895e+07	207.399	251.216	1471.18	1929.79	
8.9e+07	239.841	317.823	1238.92	1796.58	
8.905e+07	223.753	394.393	1168.28	1786.43	
8.91e+07	144.587	425.116	1218.45	1788.16	
8.915e+07	131.206	250.789	1019.81	1401.81	
8.92e+07	63.1273	241.429	1032.04	1336.59	
8.925e+07	61.9912	222.806	731.377	1016.17	
8.93e+07	49.1322	100.866	950.825	1100.82	
8.935e+07	55.9121	103.343	987.374	1146.63	
8.94e+07	104.633	81.5775	1060.92	1247.13	
8.945e+07	108.646	62.1956	1026.17	1197.01	
8.95e+07	74.2167	92.0831	790.663	956.963	
8.955e+07	109.614	77.6659	794.269	981.55	
8.96e+07	126.15	65.5233	737.535	929.208	
8.965e+07	212.776	34.9722	791.56	1039.31	
8.97e+07	106.531	136.982	1055.28	1298.79	
8.975e+07	166.336	100.737	987.474	1254.55	
8.98e+07	197.183	51.446	769.586	1018.21	
8.985e+07	242.816	44.4927	684.866	972.175	
8.99e+07	181.251	68.5295	947.006	1196.79	
8.995e+07	113.318	61.5805	856.573	1031.47	
9e+07	203.603	52.6175	591.135	847.355	
9.005e+07	114.845	87.9727	484.458	687.276	
9.01e+07	174.77	124.83	326.462	626.062	
9.015e+07	164.388	80.9897	427.893	673.271	
9.02e+07	100.554	79.0985	611.244	790.896	
9.025e+07	108.609	99.2681	422.525	630.403	
9.03e+07	262.098	79.6722	524.417	866.187	
9.035e+07	221.201	122.567	329.821	673.589	
9.04e+07	211.515	113.329	289.411	614.255	
9.045e+07	183.423	156.066	219.47	558.959	
9.05e+07	169.607	219.19	294.927	683.725	
9.055e+07	160.902	156.115	363.522	680.539	
9.06e+07	200.727	200.487	223.733	624.947	
9.065e+07	140.881	322.148	282.306	745.335	
9.07e+07	229.471	195.481	286.004	710.956	
9.075e+07	220.552	152.638	332.334	705.524	
9.08e+07	173.159	82.8513	360.277	616.287	
9.085e+07	317.39	119.507	637.069	1073.97	
9.09e+07	334.001	190.846	895.281	1420.13	
9.095e+07	359.153	278.184	648.133	1285.47	
9.1e+07	376.99	197.506	940.233	1514.73	
9.105e+07	325.923	237.389	878.182	1441.49	
9.11e+07	327.69	291.27	520.857	1139.82	
9.115e+07	353.315	178.64	717.088	1249.04	
9.12e+07	280.818	225.267	848.95	1355.04	
9.125e+07	518.229	179.024	853.645	1550.9	
9.13e+07	452.438	199.981	735.002	1387.42	
9.135e+07	574.303	301.614	848.19	1724.11	
9.14e+07	354.629	337.617	795.453	1487.7	
9.145e+07	384.066	349.308	505.422	1238.8	
9.15e+07	472.337	220.571	737.899	1430.81	
9.155e+07	280.659	211.964	710.689	1203.31	
9.16e+07	287.494	202.778	1064.4	1554.67	
9.165e+07	299.029	412.931	888.432	1600.39	
9.17e+07	448.257	374.088	765.956	1588.3	
9.175e+07	338.989	489.583	747.861	1576.43	
9.18e+07	342.903	463.83	451.561	1258.29	
9.185e+07	320.283	123.147	496.001	939.431	
9.19e+07	502.752	146.371	726.138	1375.26	
9.195e+07	423.177	114.922	823.357	1361.46	
9.2e+07	214.301	160.088	798.115	1172.5	
9.205e+07	223.539	339.996	754.655	1318.19	
9.21e+07	259.883	157.211	701.166	1118.26	
9.215e+07	110.345	95.6945	383.586	589.625	
9.22e+07	166.96	142.659	292.73	602.35	
9.225e+07	193.967	323.805	263.136	780.908	
9.23e+07	180.713	435.629	211.81	828.152	
9.235e+07	79.5136	456.273	201.483	737.269	
9.24e+07	90.3059	391.098	277.651	759.055	
9.245e+07	247.535	542.87	447.334	1237.74	
9.25e+07	147.649	684.661	513.29	1345.6	
9.255e+07	123.98	615.337	549.795	1289.11	
9.26e+07	98.4886	598.573	572.996	1270.06	
9.265e+07	94.2718	543.956	489.498	1127.73	
9.27e+07	94.4339	844.767	686.826	1626.03	
9.275e+07	65.9908	569.617	662.866	1298.47	
9.28e+07	99.8636	412.75	627.586	1140.2	
9.285e+07	149.863	412.436	568.099	1130.4	
9.29e+07	195.703	375.653	538.788	1110.14	
9.295e+07	164.16	156.85	412.747	733.757	
9.3e+07	186.289	90.8856	518.11	795.284	
9.305e+07	249.52	46.4169	588.77	884.707	
9.31e+07	194.587	68.89	520.49	783.968	
9.315e+07	120.445	146.129	457.166	723.739	
9.32e+07	367.056	225.676	577.176	1169.91	
9.325e+07	216.154	193.564	456.552	866.27	
9.33e+07	231	178.723	534.695	944.418	
9.335e+07	116.065	274.649	712.741	1103.46	
9.34e+07	163.892	331.271	569.92	1065.08	
9.345e+07	152.63	311.532	453.634	917.796	
9.35e+07	224.06	223.097	474.827	921.984	
9.355e+07	215.742	282.988	355.265	853.995	
9.36e+07	299.156	227.38	304.499	831.035	
9.365e+07	183.367	269.539	299.742	752.647	
9.37e+07	228.384	317.622	269.375	815.381	
9.375e+07	233.623	320.415	235.101	789.139	
9.38e+07	251.297	310.881	378.055	940.233	
9.385e+07	199.242	168.461	318.71	686.413	
9.39e+07	161.81	171.493	244.909	578.212	
9.395e+07	207.341	115.51	193.928	516.779	
9.4e+07	262.236	105.475	192.711	560.422	
9.405e+07	196.818	173.666	300.082	670.566	
9.41e+07	233.323	184.428	379.874	797.625	
9.415e+07	128.416	187.005	342.206	657.627	
9.42e+07	82.1365	166.896	366.795	615.827	
9.425e+07	155.463	217.256	239.122	611.841	
9.43e+07	216.994	191.683	245.353	654.03	
9.435e+07	179.273	204.468	167.979	551.72	
9.44e+07	210.323	216.61	237.797	664.73	
9.445e+07	100.719	145.329	169.756	415.803	
9.45e+07	95.6913	309.188	188.891	593.771	
9.455e+07	71.244	253.895	239.879	565.018	
9.46e+07	66.8336	298.418	197.224	562.476	
9.465e+07	88.0212	372.873	226.877	687.77	
9.47e+07	66.3773	402.212	250.876	719.465	
9.475e+07	97.0853	206.683	289.121	592.89	
9.48e+07	95.2371	379.045	388.474	862.756	
9.485e+07	206.676	304.917	445.889	957.482	
9.49e+07	253.865	232.875	668.414	1155.15	
9.495e+07	200.392	169.925	829.757	1200.07	
9.5e+07	282.619	204.299	1056.98	1543.9	
9.505e+07	369.662	225.09	942.207	1536.96	
9.51e+07	354.449	163.303	1173.69	1691.44	
9.515e+07	445.929	150.099	1094.9	1690.93	
9.52e+07	390.355	279.165	1139.77	1809.29	
9.525e+07	333.24	250.701	874.089	1458.03	
9.53e+07	287.823	354.08	729.21	1371.11	
9.535e+07	306.836	378.656	668.254	1353.75	
9.54e+07	192.535	183.352	910.01	1285.9	
9.545e+07	281.523	195.677	698.619	1175.82	
9.55e+07	569.571	284.441	794.093	1648.11	
9.555e+07	659.084	251.55	1004.21	1914.84	
9.56e+07	497.451	149.697	950.216	1597.37	
9.565e+07	454.339	110.67	979.356	1544.37	
9.57e+07	495.05	81.1718	1546.11	2122.33	
9.575e+07	479.943	129.201	1218.59	1827.73	
9.58e+07	360.197	97.2763	917.674	1375.15	
9.585e+07	240.017	158.06	810.45	1208.53	
9.59e+07	284.463	143.897	614.468	1042.83	
9.595e+07	177.075	148.016	661.219	986.31	
9.6e+07	471.613	97.2789	485.782	1054.67	
9.605e+07	274.192	83.8808	551.902	909.975	
9.61e+07	269.101	148.989	570.135	988.225	
9.615e+07	234.144	264.898	433.416	932.459	
9.62e+07	322.794	289.077	397.957	1009.83	
9.625e+07	294.399	180.777	217.949	693.125	
9.63e+07	282.757	243.236	391.152	917.145	
9.635e+07	164.06	273.656	395.785	833.502	
9.64e+07	144.393	403.697	293.633	841.723	
9.645e+07	224.623	354.741	310.269	889.633	
9.65e+07	291.624	788.247	272.886	1352.76	
9.655e+07	236.71	808.45	102.448	1147.61	
9.66e+07	194.999	541.083	154.935	891.018	
9.665e+07	117.884	494.984	140.73	753.597	
9.67e+07	128.898	440.078	176.435	745.411	
9.675e+07	132.78	353.821	320.183	806.784	
9.68e+07	211.51	469.77	349.899	1031.18	
9.685e+07	160.346	421.244	426.969	1008.56	
9.69e+07	230.35	326.364	500.366	1057.08	
9.695e+07	375.333	356.536	411.09	1142.96	
9.7e+07	390.782	384.727	453.245	1228.75	
9.705e+07	351.985	315.326	409.965	1077.28	
9.71e+07	144.812	629.373	241.803	1015.99	
9.715e+07	227.592	779.407	336.923	1343.92	
9.72e+07	242.17	801.083	303.993	1347.25	
9.725e+07	341.763	796.19	461.073	1599.03	
9.73e+07	442.64	880.698	240.539	1563.88	
9.735e+07	241.844	604.458	242.799	1089.1	
9.74e+07	171.597	620.42	121.277	913.293	
9.745e+07	251.874	655.147	232.63	1139.65	
9.75e+07	120.938	513.794	263.482	898.214	
9.755e+07	99.26	531.025	335.146	965.431	
9.76e+07	92.18	519.997	231.987	844.163	
9.765e+07	62.8226	499.228	283.295	845.346	
9.77e+07	97.142	556.489	271.676	925.308	
9.775e+07	217.435	482.329	167.133	866.897	
9.78e+07	232.593	467.581	306.106	1006.28	
9.785e+07	216.052	409.999	430.127	1056.18	
9.79e+07	320.922	661.342	549.655	1531.92	
9.795e+07	346.532	438.668	298.525	1083.72	
9.8e+07	418.799	403.053	455.446	1277.3	
9.805e+07	347.997	383.35	733.394	1464.74	
9.81e+07	212.46	404.041	495.833	1112.33	
9.815e+07	257.028	518.959	506.404	1282.39	
9.82e+07	180.748	243.851	327.333	751.933	
9.825e+07	135.487	274.085	605.97	1015.54	
9.83e+07	164.374	315.113	600.642	1080.13	
9.835e+07	115.462	250.206	540.808	906.476	
9.84e+07	176.023	442.129	480.152	1098.3	
9.845e+07	215.151	476.571	345.403	1037.12	
9.85e+07	270.191	253.494	376.022	899.707	
9.855e+07	468.023	201.251	253.655	922.93	
9.86e+07	334.432	373.881	116.363	824.677	
9.865e+07	302.11	141.043	210.783	653.936	
9.87e+07	239.987	209.645	261.846	711.477	
9.875e+07	234.97	231.192	359.863	826.025	
9.88e+07	224.84	125.509	466.478	816.827	
9.885e+07	202.377	273.3	460.752	936.43	
9.89e+07	259.26	253.183	409.541	921.984	
9.895e+07	340.178	207.803	417.623	965.605	
9.9e+07	237.052	445.546	654.91	1337.51	
9.905e+07	220.059	404.842	405.563	1030.46	
9.91e+07	168.603	318.247	417.341	904.191	
9.915e+07	245.709	171.77	347.427	764.907	
9.92e+07	238.065	250.256	382.92	871.241	
9.925e+07	384.821	376.094	377.98	1138.9	
9.93e+07	508.359	299.6	350.73	1158.69	
9.935e+07	522.677	328.803	354.387	1205.87	
9.94e+07	470.315	300.652	292.578	1063.54	
9.945e+07	522.529	271.894	479.001	1273.42	
9.95e+07	389.643	456.546	426.352	1272.54	
9.955e+07	319.048	406.114	389.594	1114.76	
9.96e+07	495.687	325.884	321.465	1143.04	
9.965e+07	533.402	264.82	269.856	1068.08	
9.97e+07	526.419	170.741	281.79	978.95	
9.975e+07	472.439	147.286	369.932	989.658	
9.98e+07	289.626	431.555	330.919	1052.1	
9.985e+07	309.446	195.388	186.113	690.947	
9.99e+07	304.098	213.048	229.001	746.148	
9.995e+07	147.578	217.443	285.978	650.999	
1e+08	151.135	320.713	466.092	937.94	
