# 
# registered features: 
# 
# FeatureMoleculesIO
# 	Number of monomers: 10
# 	max connectivity: 7
# FeatureBox
# FeatureBondset<FastBondset>
# FeatureLattice<bool>
# FeatureExcludedVolumeSc<FeatureLattice<bool> >
# 
# not registered features: 
# 
# #!version
# 
# Created by AnalyzerRadiusOfGyration
# file contains time series of average Rg_squared (Rg2) over all analyzed groups
# format: mcs	 Rg2X	 Rg2Y	 Rg2Z	 Rg2Total

100000	3.45	8.09	7.81	19.35	
150000	0.84	14.84	4.84	20.52	
200000	2.96	0.29	13.36	16.61	
250000	1.64	1.84	15.64	19.12	
300000	5.44	15.29	0.56	21.29	
350000	3.64	4.04	5.65	13.33	
400000	6.84	8.21	6.05	21.1	
450000	3.21	6.04	6.84	16.09	
500000	6.36	4.6	7.24	18.2	
550000	5.24	3.69	7.61	16.54	
600000	7.8	4.16	2.25	14.21	
650000	5.8	12.64	4.44	22.88	
700000	11.24	4.24	1.81	17.29	
750000	2.49	8.01	9.69	20.19	
800000	12.4	2.76	2.2	17.36	
850000	3.4	9.76	5.49	18.65	
900000	3.8	7.24	3.49	14.53	
950000	6.8	4.04	3.01	13.85	
1e+06	4.16	16.01	0.61	20.78	
1.05e+06	13.56	2.4	3.64	19.6	
1.1e+06	6.09	2.16	5.84	14.09	
1.15e+06	2.45	1.64	7.69	11.78	
1.2e+06	5.29	6.64	6.41	18.34	
1.25e+06	1.2	0.25	22.89	24.34	
1.3e+06	6.89	1.05	7.81	15.75	
1.35e+06	1.16	3.69	6.85	11.7	
1.4e+06	1.69	20.09	2.56	24.34	
1.45e+06	3.56	4.09	3.21	10.86	
1.5e+06	2.09	2.44	8.85	13.38	
1.55e+06	10.04	2.36	5.49	17.89	
1.6e+06	2	1.81	21.96	25.77	
1.65e+06	10.56	2.81	1.01	14.38	
1.7e+06	4.44	5.64	2.76	12.84	
1.75e+06	21.96	5.01	0.96	27.93	
1.8e+06	3.8	4.8	3.61	12.21	
1.85e+06	2.65	2.56	11.96	17.17	
1.9e+06	9.25	1.89	14.81	25.95	
1.95e+06	3.16	5.29	3.41	11.86	
2e+06	4.81	13.96	2.64	21.41	
2.05e+06	17.29	2.29	7.01	26.59	
2.1e+06	5.09	4.44	4.41	13.94	
2.15e+06	1.81	4.24	8.36	14.41	
2.2e+06	3.61	2.25	5.36	11.22	
2.25e+06	8.01	6.36	3.89	18.26	
2.3e+06	5.01	6.24	1.69	12.94	
2.35e+06	3.45	5.25	6.49	15.19	
2.4e+06	7.61	2.61	2.04	12.26	
2.45e+06	9.09	6.05	7.41	22.55	
2.5e+06	7.21	11.45	23.36	42.02	
2.55e+06	2.56	7.2	12.69	22.45	
2.6e+06	3.49	3.2	14.29	20.98	
2.65e+06	4.44	3.04	5.24	12.72	
2.7e+06	4.09	12.21	4.16	20.46	
2.75e+06	3.56	7.24	1.84	12.64	
2.8e+06	2.8	2.29	9.56	14.65	
2.85e+06	4.16	9.49	6.24	19.89	
2.9e+06	1.36	7.56	4.84	13.76	
2.95e+06	5.09	4.45	19.76	29.3	
3e+06	3.24	6.64	4.69	14.57	
3.05e+06	10.64	18.69	0.56	29.89	
3.1e+06	2.09	6.81	1.21	10.11	
3.15e+06	7.61	3.01	6.16	16.78	
3.2e+06	3.85	1.81	7.89	13.55	
3.25e+06	5.29	2.56	9.69	17.54	
3.3e+06	1.36	5.44	6.76	13.56	
3.35e+06	8.84	1.89	13.29	24.02	
3.4e+06	4.69	7.29	5.36	17.34	
3.45e+06	15.96	1.41	2.16	19.53	
3.5e+06	13.6	2.16	2.29	18.05	
3.55e+06	2.29	8.29	1.44	12.02	
3.6e+06	1.29	2.76	13.84	17.89	
3.65e+06	2.4	13.04	6.04	21.48	
3.7e+06	5.04	4.89	3.09	13.02	
3.75e+06	2.16	8.6	4.49	15.25	
3.8e+06	12.24	1.85	2.41	16.5	
3.85e+06	2.2	3.41	4.01	9.62	
3.9e+06	22.4	8.64	0.89	31.93	
3.95e+06	7.85	4.81	12.45	25.11	
4e+06	4.41	6.25	6	16.66	
4.05e+06	3.09	1.64	5.49	10.22	
4.1e+06	1.96	5.36	15.41	22.73	
4.15e+06	14.41	12.84	6.09	33.34	
4.2e+06	7.69	16.69	2.09	26.47	
4.25e+06	4.65	4.49	19.56	28.7	
4.3e+06	13.56	2.6	5.25	21.41	
4.35e+06	5.05	5.81	2	12.86	
4.4e+06	1.16	7.84	4.44	13.44	
4.45e+06	4.84	3.29	1.85	9.98	
4.5e+06	2.21	1.96	13.84	18.01	
4.55e+06	3.01	5.16	6.24	14.41	
4.6e+06	3.25	3.29	22.76	29.3	
4.65e+06	10.01	10.89	1.49	22.39	
4.7e+06	20.81	2.24	1.36	24.41	
4.75e+06	1.29	20.41	1.45	23.15	
4.8e+06	0.61	5.76	22.24	28.61	
4.85e+06	3.96	1.2	6.65	11.81	
4.9e+06	1.61	5.44	4.21	11.26	
4.95e+06	3.09	3.16	5.09	11.34	
5e+06	20.84	1.16	2.01	24.01	
5.05e+06	3.04	17.05	1.6	21.69	
5.1e+06	3.24	6.84	4.25	14.33	
5.15e+06	1.09	9.64	15.4	26.13	
5.2e+06	6.76	0.84	3.85	11.45	
5.25e+06	12.01	1.29	6.41	19.71	
5.3e+06	4.29	4.45	4.29	13.03	
5.35e+06	1.2	6.84	1.29	9.33	
5.4e+06	2.69	1.16	9.36	13.21	
5.45e+06	9.61	4.45	3.41	17.47	
5.5e+06	5.21	8.04	2.21	15.46	
5.55e+06	6.09	2.64	13.21	21.94	
5.6e+06	4.21	16.6	9.36	30.17	
5.65e+06	13.16	2	8.76	23.92	
5.7e+06	8.25	2.76	2.16	13.17	
5.75e+06	4.96	1.16	5.21	11.33	
5.8e+06	12.96	5.84	6.09	24.89	
5.85e+06	7.56	1.16	4.56	13.28	
5.9e+06	1.61	8.36	3.41	13.38	
5.95e+06	0.96	6.01	3.29	10.26	
6e+06	6.96	8.64	2.04	17.64	
6.05e+06	3.36	13.84	10.41	27.61	
6.1e+06	21.16	1.16	1.89	24.21	
6.15e+06	2.04	3.29	2.61	7.94	
6.2e+06	5.89	7.09	4.05	17.03	
6.25e+06	4.04	1.56	9.76	15.36	
6.3e+06	3.21	3.29	10.01	16.51	
6.35e+06	2.21	2.21	3.21	7.63	
6.4e+06	11.85	2.41	1.6	15.86	
6.45e+06	1.84	8.41	2.01	12.26	
6.5e+06	3.24	13.65	6.04	22.93	
6.55e+06	5.89	8.25	1.64	15.78	
6.6e+06	4.84	1	11.61	17.45	
6.65e+06	7.89	4.65	1.8	14.34	
6.7e+06	1.81	3.65	5.44	10.9	
6.75e+06	7.25	4.24	1.61	13.1	
6.8e+06	5.09	7.01	1.45	13.55	
6.85e+06	1.56	8	2.85	12.41	
6.9e+06	1.04	6.36	5.25	12.65	
6.95e+06	2	8.05	10.44	20.49	
7e+06	3.44	9.41	1.76	14.61	
7.05e+06	8.85	1.64	9.81	20.3	
7.1e+06	11.09	4	7.01	22.1	
7.15e+06	3.81	4.2	2.01	10.02	
7.2e+06	8.6	4.01	3.29	15.9	
7.25e+06	4.45	2.09	10	16.54	
7.3e+06	3.96	1.8	12.89	18.65	
7.35e+06	2.96	6.96	5.84	15.76	
7.4e+06	5.09	2.65	8.81	16.55	
7.45e+06	1.24	3.8	7.21	12.25	
7.5e+06	1.41	13.2	5.64	20.25	
7.55e+06	4.64	11.09	3.2	18.93	
7.6e+06	4.8	2.56	6.4	13.76	
7.65e+06	2.44	1.41	6.2	10.05	
7.7e+06	1.61	11.49	2.64	15.74	
7.75e+06	17.09	1.29	1.44	19.82	
7.8e+06	11.44	5.01	3.49	19.94	
7.85e+06	3.01	1.44	4.25	8.7	
7.9e+06	5.4	4.29	11.36	21.05	
7.95e+06	2.05	4.05	2.69	8.79	
8e+06	21.64	8.04	1.61	31.29	
8.05e+06	2.69	3.76	3	9.45	
8.1e+06	2.04	2.6	4.6	9.24	
8.15e+06	3.2	8.44	3.09	14.73	
8.2e+06	2.64	2.09	10.24	14.97	
8.25e+06	10.29	4.36	2.21	16.86	
8.3e+06	4.56	4.6	5.09	14.25	
8.35e+06	2.56	2.84	2.96	8.36	
8.4e+06	2.6	2.16	5.36	10.12	
8.45e+06	1	4.01	4.76	9.77	
8.5e+06	6.69	1.61	3.69	11.99	
8.55e+06	11.76	2.65	3.64	18.05	
8.6e+06	1.29	2.36	11.56	15.21	
8.65e+06	4.89	7.09	12.04	24.02	
8.7e+06	13.64	1.04	3.29	17.97	
8.75e+06	2.24	3.64	1.56	7.44	
8.8e+06	16.45	1.16	8.96	26.57	
8.85e+06	6.84	0.89	4.01	11.74	
8.9e+06	1.96	4.16	4.76	10.88	
8.95e+06	12.04	0.64	8.24	20.92	
9e+06	20.69	1.56	3.89	26.14	
9.05e+06	13.36	13.01	0.96	27.33	
9.1e+06	10.49	0.89	4.09	15.47	
9.15e+06	9.56	2.69	3.69	15.94	
9.2e+06	3.16	1.44	8.01	12.61	
9.25e+06	7.36	1.89	2.09	11.34	
9.3e+06	4.05	10.49	0.89	15.43	
9.35e+06	3.76	3.04	6.16	12.96	
9.4e+06	3.69	8.24	5.21	17.14	
9.45e+06	4.09	1.04	34.56	39.69	
9.5e+06	2.29	15.81	1.41	19.51	
9.55e+06	2.01	2.21	6.49	10.71	
9.6e+06	9.01	4.09	2.01	15.11	
9.65e+06	0.69	5.69	5.64	12.02	
9.7e+06	3.29	10.96	2.4	16.65	
9.75e+06	27.4	3.44	5.24	36.08	
9.8e+06	11.09	5.8	3.61	20.5	
9.85e+06	5.36	13.16	2.81	21.33	
9.9e+06	8.01	5.24	0.81	14.06	
9.95e+06	2.21	4.84	14.16	21.21	
1e+07	12.61	0.69	9.09	22.39	
1.005e+07	10.16	3.21	12.25	25.62	
1.01e+07	1.56	3.2	4.84	9.6	
1.015e+07	1.4	8.24	7.09	16.73	
1.02e+07	6.56	5.45	1.25	13.26	
1.025e+07	3.85	4.36	1.29	9.5	
1.03e+07	10.65	3.89	5.65	20.19	
1.035e+07	2.61	8.16	1.44	12.21	
1.04e+07	21.4	3.6	4.16	29.16	
1.045e+07	7.41	3.69	2.44	13.54	
1.05e+07	3.21	2.64	4.21	10.06	
1.055e+07	8.25	2.4	2.96	13.61	
1.06e+07	2.44	2.01	10.69	15.14	
1.065e+07	3.16	15.44	1.61	20.21	
1.07e+07	1.4	3.36	6.81	11.57	
1.075e+07	6.41	3.21	1.64	11.26	
1.08e+07	5.56	12.04	1.49	19.09	
1.085e+07	3.45	8.05	1.96	13.46	
1.09e+07	5	8.21	3.89	17.1	
1.095e+07	2.41	2.4	15.05	19.86	
1.1e+07	9.25	3.41	3.21	15.87	
1.105e+07	7.96	8.81	2.04	18.81	
1.11e+07	10.21	5.64	1.89	17.74	
1.115e+07	7.41	8.2	2.45	18.06	
1.12e+07	0.89	5.01	9.56	15.46	
1.125e+07	2.41	5.64	3.24	11.29	
1.13e+07	6.36	20.61	1.84	28.81	
1.135e+07	14.76	5.84	0.84	21.44	
1.14e+07	2.76	8.61	4.29	15.66	
1.145e+07	11.45	11.04	1.85	24.34	
1.15e+07	3.89	7.21	4.96	16.06	
1.155e+07	3.24	5.65	3.05	11.94	
1.16e+07	2.01	7.56	13.45	23.02	
1.165e+07	11	1.21	5.85	18.06	
1.17e+07	5.49	2	6.29	13.78	
1.175e+07	9.09	7.25	3.24	19.58	
1.18e+07	8.16	4.24	1.16	13.56	
1.185e+07	2.2	1.16	11.04	14.4	
1.19e+07	10.36	1	8.61	19.97	
1.195e+07	0.81	11.29	2.96	15.06	
1.2e+07	2.65	12.01	1.81	16.47	
1.205e+07	0.69	7	6.85	14.54	
1.21e+07	2.44	9.56	0.96	12.96	
1.215e+07	4.4	6.36	2.49	13.25	
1.22e+07	0.84	11.76	2.4	15	
1.225e+07	7.21	2.41	2.21	11.83	
1.23e+07	11.49	18.41	5.96	35.86	
1.235e+07	4.04	2.64	8.61	15.29	
1.24e+07	1.45	3.89	13.4	18.74	
1.245e+07	8.56	6.89	10.41	25.86	
1.25e+07	8.49	9.85	1.61	19.95	
1.255e+07	4.85	3.96	2.45	11.26	
1.26e+07	4.4	1.64	8.21	14.25	
1.265e+07	2.96	2.8	2.69	8.45	
1.27e+07	3.29	6.65	7.25	17.19	
1.275e+07	14.56	1.65	2.16	18.37	
1.28e+07	1.24	13.41	3.64	18.29	
1.285e+07	1.41	5.64	9.76	16.81	
1.29e+07	2.61	10.21	5.21	18.03	
1.295e+07	1.56	7.25	3.29	12.1	
1.3e+07	5.96	1.69	6.84	14.49	
1.305e+07	3.81	16.56	4.81	25.18	
1.31e+07	16.41	1.16	2.76	20.33	
1.315e+07	2.25	0.69	6.36	9.3	
1.32e+07	10.85	4.01	1.65	16.51	
1.325e+07	7.01	5.16	4.44	16.61	
1.33e+07	4.25	2.96	3	10.21	
1.335e+07	9.25	5.41	11.09	25.75	
1.34e+07	8.09	7.61	9.24	24.94	
1.345e+07	3.64	10.01	1.76	15.41	
1.35e+07	3.09	2.41	3.76	9.26	
1.355e+07	1.89	11.61	3.6	17.1	
1.36e+07	9.84	5.56	0.76	16.16	
1.365e+07	5.96	7.25	10.61	23.82	
1.37e+07	9.61	2.04	1.96	13.61	
1.375e+07	4.41	9.36	2.89	16.66	
1.38e+07	0.56	1.24	6.61	8.41	
1.385e+07	5.69	12.84	1.01	19.54	
1.39e+07	5.45	5.89	5.96	17.3	
1.395e+07	3.2	7.36	4.2	14.76	
1.4e+07	3.81	1.25	3.29	8.35	
1.405e+07	12.24	1.76	1.81	15.81	
1.41e+07	1.69	5.01	2.41	9.11	
1.415e+07	2.81	2.81	1.44	7.06	
1.42e+07	7.69	2.64	2.89	13.22	
1.425e+07	4.61	11.49	18.25	34.35	
1.43e+07	2.84	11.41	6.89	21.14	
1.435e+07	2.44	3.04	6.09	11.57	
1.44e+07	9.24	4.16	2.21	15.61	
1.445e+07	8.41	13.24	2.24	23.89	
1.45e+07	1.44	4.69	3.04	9.17	
1.455e+07	3.24	12.36	6.85	22.45	
1.46e+07	3.24	6.21	12.2	21.65	
1.465e+07	15.69	10.61	1.85	28.15	
1.47e+07	2.81	18.21	1.41	22.43	
1.475e+07	4.85	4.81	5.64	15.3	
1.48e+07	10.84	2.21	4.01	17.06	
1.485e+07	6.65	1.81	1.81	10.27	
1.49e+07	3.09	4.81	12.69	20.59	
1.495e+07	1.44	4.61	3.56	9.61	
1.5e+07	6.44	1.76	10.01	18.21	
1.505e+07	7.09	0.89	5.24	13.22	
1.51e+07	2.25	6.89	5.21	14.35	
1.515e+07	4.61	4.69	3.04	12.34	
1.52e+07	1.25	5.04	2.69	8.98	
1.525e+07	12.36	1.29	6.81	20.46	
1.53e+07	7.89	21.76	2.09	31.74	
1.535e+07	5.04	6.29	10.64	21.97	
1.54e+07	5.44	6.04	7.84	19.32	
1.545e+07	1.24	1.8	15.16	18.2	
1.55e+07	1.65	1.49	11.8	14.94	
1.555e+07	6.96	2.6	2.41	11.97	
1.56e+07	3.56	4.65	4.61	12.82	
1.565e+07	5.16	1.01	5.16	11.33	
1.57e+07	4.85	14.8	10.45	30.1	
1.575e+07	2.64	4.76	6.4	13.8	
1.58e+07	1.8	7.04	4.01	12.85	
1.585e+07	5.04	2.49	1.61	9.14	
1.59e+07	4.76	8.24	3.04	16.04	
1.595e+07	6.96	0.76	10.64	18.36	
1.6e+07	22.44	6.49	2.41	31.34	
1.605e+07	5.8	2.61	4.41	12.82	
1.61e+07	2.41	9.41	6.61	18.43	
1.615e+07	3.89	1.69	2.76	8.34	
1.62e+07	5.96	4.69	12.36	23.01	
1.625e+07	4.04	2.61	4.21	10.86	
1.63e+07	1.89	4.84	18.04	24.77	
1.635e+07	2.89	0.81	17.65	21.35	
1.64e+07	1.01	3.04	9.04	13.09	
1.645e+07	3.41	2.65	2.09	8.15	
1.65e+07	3.65	2.41	6.29	12.35	
1.655e+07	0.84	13.81	1.81	16.46	
1.66e+07	6.49	4.09	6.04	16.62	
1.665e+07	8.04	5.21	1.76	15.01	
1.67e+07	2.41	1.2	15.89	19.5	
1.675e+07	8.41	3.05	4.21	15.67	
1.68e+07	2.64	12.01	1.84	16.49	
1.685e+07	6.49	14.81	1.44	22.74	
1.69e+07	4.64	2.56	10.05	17.25	
1.695e+07	2.2	3.36	12.21	17.77	
1.7e+07	4.41	9.24	15.76	29.41	
1.705e+07	5.36	12.6	1.05	19.01	
1.71e+07	3.49	1.09	10.64	15.22	
1.715e+07	2.81	1.21	5.16	9.18	
1.72e+07	8.16	7.8	1.49	17.45	
1.725e+07	1.24	3.09	5.01	9.34	
1.73e+07	2.16	13.61	3.41	19.18	
1.735e+07	2.29	5.44	8.69	16.42	
1.74e+07	2.4	5.24	3.64	11.28	
1.745e+07	6.69	2.21	5.89	14.79	
1.75e+07	2.84	5.29	1.49	9.62	
1.755e+07	4.04	3.85	2.21	10.1	
1.76e+07	2.04	5.8	6.56	14.4	
1.765e+07	3.64	3.21	3.04	9.89	
1.77e+07	13.49	2.16	1.29	16.94	
1.775e+07	1.6	10.25	10.09	21.94	
1.78e+07	11.24	4.16	9.24	24.64	
1.785e+07	7.96	6.96	3.05	17.97	
1.79e+07	1.29	9.69	2.76	13.74	
1.795e+07	4.41	20.24	2.24	26.89	
1.8e+07	2.85	2.64	9.81	15.3	
1.805e+07	10.96	1.49	2.29	14.74	
1.81e+07	6.09	3.04	6.24	15.37	
1.815e+07	1.61	4.36	5.36	11.33	
1.82e+07	3.49	2.41	2.84	8.74	
1.825e+07	2.76	2.76	9.96	15.48	
1.83e+07	6.36	2.89	1.76	11.01	
1.835e+07	5.21	14.04	3.96	23.21	
1.84e+07	11.24	5.44	3.49	20.17	
1.845e+07	16.89	2.81	9.76	29.46	
1.85e+07	2.09	3.05	6.85	11.99	
1.855e+07	6.45	1.65	5.84	13.94	
1.86e+07	1.44	13.41	4.44	19.29	
1.865e+07	10.36	1.44	5.81	17.61	
1.87e+07	2.21	6.89	1.36	10.46	
1.875e+07	2.44	14.96	3.64	21.04	
1.88e+07	3.05	8.01	3.89	14.95	
1.885e+07	13.85	4.29	1.04	19.18	
1.89e+07	1.81	3.45	2.24	7.5	
1.895e+07	6.09	1.01	8.21	15.31	
1.9e+07	5.69	0.96	10	16.65	
1.905e+07	3.49	16.96	3.69	24.14	
1.91e+07	2.16	6.09	2.29	10.54	
1.915e+07	6.44	3.36	2.2	12	
1.92e+07	2.56	2.96	6.64	12.16	
1.925e+07	7.44	5.84	8.36	21.64	
1.93e+07	1.81	0.96	16.84	19.61	
1.935e+07	4.64	2	2.64	9.28	
1.94e+07	6.56	0.56	6.89	14.01	
1.945e+07	11.04	1.69	7.2	19.93	
1.95e+07	1.84	11.61	5	18.45	
1.955e+07	2.01	5.76	7.45	15.22	
1.96e+07	2.36	3.85	8.44	14.65	
1.965e+07	2.4	10.49	2.44	15.33	
1.97e+07	9.01	4.76	6.69	20.46	
1.975e+07	2.09	16.8	1.64	20.53	
1.98e+07	2.21	8.69	8.44	19.34	
1.985e+07	2.76	10.8	6.69	20.25	
1.99e+07	6.69	6.01	4.01	16.71	
1.995e+07	2.44	2.61	5.96	11.01	
2e+07	2.64	3.04	2.64	8.32	
2.005e+07	3.2	6.16	6.64	16	
2.01e+07	1.64	17.76	2.96	22.36	
2.015e+07	7.29	3.45	4.45	15.19	
2.02e+07	2.41	20.16	4.85	27.42	
2.025e+07	16.01	4.41	3.44	23.86	
2.03e+07	6.64	4.01	15.65	26.3	
2.035e+07	3.56	4.65	3.56	11.77	
2.04e+07	10.61	7.41	9.01	27.03	
2.045e+07	3.69	3.89	6.84	14.42	
2.05e+07	0.69	7.24	7.21	15.14	
2.055e+07	1.36	10.16	1.21	12.73	
2.06e+07	9.81	18.56	5.44	33.81	
2.065e+07	5.24	1.24	5.89	12.37	
2.07e+07	3.89	18.84	1.56	24.29	
2.075e+07	5.89	11.84	0.49	18.22	
2.08e+07	2.41	21.96	1.41	25.78	
2.085e+07	15.01	1.56	0.84	17.41	
2.09e+07	3.69	9.4	4.44	17.53	
2.095e+07	1.61	3.01	25.89	30.51	
2.1e+07	3.24	4.84	4.24	12.32	
2.105e+07	4.16	2.85	3.56	10.57	
2.11e+07	1.61	1.44	12.01	15.06	
2.115e+07	6.21	2.05	2.04	10.3	
2.12e+07	1.49	2.85	10.49	14.83	
2.125e+07	3.64	4.44	3.45	11.53	
2.13e+07	7.09	7.76	2.44	17.29	
2.135e+07	3.96	2.96	5.81	12.73	
2.14e+07	1.44	17.24	1.81	20.49	
2.145e+07	10.04	5.01	10.76	25.81	
2.15e+07	4.49	7.24	4.8	16.53	
2.155e+07	5.84	14.25	0.61	20.7	
2.16e+07	9.44	1.96	4.84	16.24	
2.165e+07	6.4	3.96	7.81	18.17	
2.17e+07	2.01	7.2	4.65	13.86	
2.175e+07	1.96	6.89	3.56	12.41	
2.18e+07	5.04	4.01	6.16	15.21	
2.185e+07	3.01	6.41	10.44	19.86	
2.19e+07	6.01	15.64	6.81	28.46	
2.195e+07	8.4	1.36	1.84	11.6	
2.2e+07	7.21	0.84	14.29	22.34	
2.205e+07	13.65	3.01	3.76	20.42	
2.21e+07	1.41	3.24	9.61	14.26	
2.215e+07	4.05	3.49	7.69	15.23	
2.22e+07	30.05	1.2	2.81	34.06	
2.225e+07	2.4	2.81	2.85	8.06	
2.23e+07	9.96	2.05	3.09	15.1	
2.235e+07	5.64	1.49	10.21	17.34	
2.24e+07	1.65	3.4	3.04	8.09	
2.245e+07	2.2	19.89	1.81	23.9	
2.25e+07	5.49	1.64	7.01	14.14	
2.255e+07	5.25	1.16	14.04	20.45	
2.26e+07	1.64	21.45	3.61	26.7	
2.265e+07	19.56	5.8	1	26.36	
2.27e+07	11.4	0.56	5.44	17.4	
2.275e+07	0.76	5.21	13.25	19.22	
2.28e+07	5.89	1.76	2.81	10.46	
2.285e+07	12.64	0.76	7.84	21.24	
2.29e+07	5.01	5.81	2.89	13.71	
2.295e+07	3.69	3.16	7	13.85	
2.3e+07	3.41	5.56	4.21	13.18	
2.305e+07	5.04	9.81	2.6	17.45	
2.31e+07	3.56	4.01	3.41	10.98	
2.315e+07	3.2	3.04	24.85	31.09	
2.32e+07	4.76	10.25	5.36	20.37	
2.325e+07	5	10.49	3.49	18.98	
2.33e+07	17.04	2.21	6.41	25.66	
2.335e+07	11.56	2.21	21.04	34.81	
2.34e+07	1.09	6.24	3.04	10.37	
2.345e+07	9.05	1.69	3.85	14.59	
2.35e+07	2.61	6.41	1.64	10.66	
2.355e+07	15.6	2.76	12.96	31.32	
2.36e+07	4.65	10.85	3.56	19.06	
2.365e+07	13.76	4.29	4.29	22.34	
2.37e+07	3.05	2.44	5.8	11.29	
2.375e+07	3.56	1.69	3.81	9.06	
2.38e+07	8.24	5.81	2.01	16.06	
2.385e+07	15.89	0.81	3.21	19.91	
2.39e+07	2.49	13.4	3.96	19.85	
2.395e+07	2.16	7.01	2.69	11.86	
2.4e+07	2.24	1.89	15.01	19.14	
2.405e+07	2.01	1.64	5.49	9.14	
2.41e+07	8.05	1.89	7.21	17.15	
2.415e+07	3.16	7.64	0.96	11.76	
2.42e+07	8.24	3.09	1.2	12.53	
2.425e+07	10.69	0.84	5.45	16.98	
2.43e+07	6.96	3.56	3.04	13.56	
2.435e+07	8.21	3.41	4	15.62	
2.44e+07	3.56	15.44	1.89	20.89	
2.445e+07	11	1.16	7.01	19.17	
2.45e+07	8.01	2.2	2.16	12.37	
2.455e+07	6.01	4.49	2.84	13.34	
2.46e+07	3.09	6.44	0.81	10.34	
2.465e+07	7.24	2.04	4.96	14.24	
2.47e+07	6.76	6.64	3.45	16.85	
2.475e+07	3.76	2.64	2.96	9.36	
2.48e+07	2.4	2.64	4.56	9.6	
2.485e+07	2.69	5.24	5.04	12.97	
2.49e+07	1.84	11.8	3.36	17	
2.495e+07	11.44	1.09	4.01	16.54	
2.5e+07	11.6	5.84	16.41	33.85	
2.505e+07	4.44	3.44	4.21	12.09	
2.51e+07	3.84	6.69	2.49	13.02	
2.515e+07	3.69	2.61	10.96	17.26	
2.52e+07	9.56	2.76	12.6	24.92	
2.525e+07	2.69	16.56	3.25	22.5	
2.53e+07	2.76	9.09	4.6	16.45	
2.535e+07	3.29	0.69	6.36	10.34	
2.54e+07	12.44	5	6.45	23.89	
2.545e+07	12.04	7.04	1.09	20.17	
2.55e+07	1.4	5.09	17.09	23.58	
2.555e+07	3.2	3.56	10.64	17.4	
2.56e+07	1.89	2.49	5.16	9.54	
2.565e+07	4.2	2.21	7.81	14.22	
2.57e+07	7.21	14.21	0.56	21.98	
2.575e+07	2.04	6.41	9.84	18.29	
2.58e+07	7.01	1.2	9.56	17.77	
2.585e+07	5.41	4.69	1.69	11.79	
2.59e+07	2.84	9.16	1.84	13.84	
2.595e+07	13.36	6.45	1.44	21.25	
2.6e+07	2.09	7.65	1.64	11.38	
2.605e+07	5.61	1.16	4.21	10.98	
2.61e+07	13.84	4.61	2.49	20.94	
2.615e+07	3.65	11.89	2.6	18.14	
2.62e+07	14.01	3.61	6.76	24.38	
2.625e+07	5.16	2.76	2.29	10.21	
2.63e+07	6.44	5.49	2.29	14.22	
2.635e+07	8.44	1.49	13.89	23.82	
2.64e+07	1.16	5	2.89	9.05	
2.645e+07	7.61	5.04	1.69	14.34	
2.65e+07	13.24	2.01	2.41	17.66	
2.655e+07	1.45	6.21	1.44	9.1	
2.66e+07	3.16	3.89	6.05	13.1	
2.665e+07	17.29	1.16	1.65	20.1	
2.67e+07	4.16	2.09	1.56	7.81	
2.675e+07	5.25	15.96	2.56	23.77	
2.68e+07	2.56	2.89	2.09	7.54	
2.685e+07	7.04	5.84	3.69	16.57	
2.69e+07	5.65	1.21	2.64	9.5	
2.695e+07	16.44	2.64	2.85	21.93	
2.7e+07	8.09	3.36	6.16	17.61	
2.705e+07	2.25	2.01	5.4	9.66	
2.71e+07	3.69	11.2	2.85	17.74	
2.715e+07	12.41	2.8	11.2	26.41	
2.72e+07	6.01	1.56	2.16	9.73	
2.725e+07	11.21	0.8	6.21	18.22	
2.73e+07	13.84	1.09	7.85	22.78	
2.735e+07	10.29	1.84	1.96	14.09	
2.74e+07	7.36	1.8	2.6	11.76	
2.745e+07	13.69	2.85	1.84	18.38	
2.75e+07	4.04	2.84	7.65	14.53	
2.755e+07	1.56	4.76	3.56	9.88	
2.76e+07	1.05	5.56	6.44	13.05	
2.765e+07	2.64	6.85	4.16	13.65	
2.77e+07	4.21	2.64	8.25	15.1	
2.775e+07	9	10.65	2.96	22.61	
2.78e+07	3.04	2.81	1.56	7.41	
2.785e+07	22.2	2.76	3.29	28.25	
2.79e+07	7.6	1.65	1.21	10.46	
2.795e+07	7.44	3.01	11.81	22.26	
2.8e+07	2.89	15.44	4.16	22.49	
2.805e+07	5.2	2.89	9.04	17.13	
2.81e+07	3.89	6.01	2.76	12.66	
2.815e+07	1.24	9.36	12.41	23.01	
2.82e+07	3.64	1.6	8.81	14.05	
2.825e+07	6.04	4.21	6.89	17.14	
2.83e+07	18.25	2.21	1.84	22.3	
2.835e+07	2.65	1	7.49	11.14	
2.84e+07	2.76	1.41	2.61	6.78	
2.845e+07	10.45	5.69	2	18.14	
2.85e+07	10.85	1.01	4.29	16.15	
2.855e+07	10.24	16.64	2.29	29.17	
2.86e+07	24.2	2.84	10.21	37.25	
2.865e+07	7.56	5.85	2.85	16.26	
2.87e+07	1.49	2.29	8.84	12.62	
2.875e+07	2.24	5.25	5.96	13.45	
2.88e+07	10.56	10.89	4.21	25.66	
2.885e+07	10.49	6.61	4.24	21.34	
2.89e+07	17.89	0.81	5.61	24.31	
2.895e+07	8.8	6.61	5.24	20.65	
2.9e+07	3.64	2.36	16.61	22.61	
2.905e+07	9.76	5.25	5.41	20.42	
2.91e+07	1.61	8.44	4.56	14.61	
2.915e+07	10	7.05	1.64	18.69	
2.92e+07	4.85	6.4	5.45	16.7	
2.925e+07	2.56	7.24	3.24	13.04	
2.93e+07	1.84	2.61	4.69	9.14	
2.935e+07	3.16	6.44	4.89	14.49	
2.94e+07	3.84	1.96	4	9.8	
2.945e+07	1.84	7.65	4.65	14.14	
2.95e+07	2.21	7.96	2.89	13.06	
2.955e+07	7.09	3.16	6.41	16.66	
2.96e+07	5.61	2.96	6.65	15.22	
2.965e+07	5.41	1.49	3.49	10.39	
2.97e+07	7.24	2.05	7.41	16.7	
2.975e+07	3.44	4.2	6.04	13.68	
2.98e+07	2.05	2.29	5.49	9.83	
2.985e+07	7.41	3.05	5.61	16.07	
2.99e+07	4.36	8.4	3.44	16.2	
2.995e+07	5.21	4	2.49	11.7	
3e+07	2.24	8.01	2.69	12.94	
3.005e+07	2	7.44	2.44	11.88	
3.01e+07	13	8.21	2.89	24.1	
3.015e+07	5.01	3.41	14.6	23.02	
3.02e+07	7.89	3.41	5.4	16.7	
3.025e+07	18.49	1.01	4.64	24.14	
3.03e+07	7.8	8.01	8.84	24.65	
3.035e+07	0.81	10.56	10.09	21.46	
3.04e+07	3.8	12.29	9.85	25.94	
3.045e+07	14.8	1.45	1.89	18.14	
3.05e+07	5.4	8.65	2.45	16.5	
3.055e+07	6.89	11.76	2.44	21.09	
3.06e+07	10.21	1.96	4.36	16.53	
3.065e+07	9.04	0.69	6.25	15.98	
3.07e+07	2.21	8.36	1.89	12.46	
3.075e+07	14.76	3.24	3.44	21.44	
3.08e+07	3.21	3.56	1.36	8.13	
3.085e+07	1.16	21.36	3.29	25.81	
3.09e+07	8.85	1.76	14.56	25.17	
3.095e+07	4.81	9.24	3.36	17.41	
3.1e+07	2.44	3.25	1.49	7.18	
3.105e+07	7.69	11.8	1.04	20.53	
3.11e+07	5.81	2.76	9.04	17.61	
3.115e+07	2.41	5.64	1.44	9.49	
3.12e+07	11.24	6.76	0.96	18.96	
3.125e+07	3.76	14.64	3.25	21.65	
3.13e+07	18.29	5.89	1.4	25.58	
3.135e+07	6.21	7.41	2.05	15.67	
3.14e+07	12.44	0.6	2.56	15.6	
3.145e+07	3.29	2.84	6.56	12.69	
3.15e+07	11.56	1.85	6.21	19.62	
3.155e+07	3.96	2.41	6.41	12.78	
3.16e+07	2.2	9.09	2.2	13.49	
3.165e+07	2.36	2.44	7.8	12.6	
3.17e+07	4.05	4.44	8.81	17.3	
3.175e+07	8.6	2.41	3.56	14.57	
3.18e+07	11.01	3.05	8	22.06	
3.185e+07	4.2	1.44	2.41	8.05	
3.19e+07	3.44	4.44	7.85	15.73	
3.195e+07	1.84	10.8	7.2	19.84	
3.2e+07	1.49	3.4	2.89	7.78	
3.205e+07	5.69	4.96	1.09	11.74	
3.21e+07	10.8	7.61	14.2	32.61	
3.215e+07	11.09	15.29	5.04	31.42	
3.22e+07	11.96	1.81	2.64	16.41	
3.225e+07	5.21	9.89	1.36	16.46	
3.23e+07	3.61	4.4	2.96	10.97	
3.235e+07	0.49	6.49	7.96	14.94	
3.24e+07	3	5.6	7.01	15.61	
3.245e+07	2.56	1.29	7.76	11.61	
3.25e+07	0.96	4.85	7.16	12.97	
3.255e+07	2.01	2.96	5.04	10.01	
3.26e+07	7.84	3	2.21	13.05	
3.265e+07	11.56	13.01	4.04	28.61	
3.27e+07	3.24	8.56	9.84	21.64	
3.275e+07	3.09	4.89	13.04	21.02	
3.28e+07	5.29	1.56	14.01	20.86	
3.285e+07	11.49	4.69	4.89	21.07	
3.29e+07	0.81	3.16	8.09	12.06	
3.295e+07	3.29	6.21	1.44	10.94	
3.3e+07	3.2	1.8	19.29	24.29	
3.305e+07	1.84	3.84	4.4	10.08	
3.31e+07	8.24	5.29	1.29	14.82	
3.315e+07	2.16	5.04	6.21	13.41	
3.32e+07	1.49	2.04	10.49	14.02	
3.325e+07	5.81	3.85	4.89	14.55	
3.33e+07	17.64	2.69	10.01	30.34	
3.335e+07	2.29	12.24	4.21	18.74	
3.34e+07	2.36	2.56	34.16	39.08	
3.345e+07	5.76	16.61	1.84	24.21	
3.35e+07	11.09	9.81	3.6	24.5	
3.355e+07	15.56	1.76	5.36	22.68	
3.36e+07	4.29	3.16	12.25	19.7	
3.365e+07	1.76	9.36	3.01	14.13	
3.37e+07	2.45	1.49	12.84	16.78	
3.375e+07	2.21	5.84	5.01	13.06	
3.38e+07	1.8	9.84	9.04	20.68	
3.385e+07	3.36	6.01	2.96	12.33	
3.39e+07	10.16	2.49	4.36	17.01	
3.395e+07	3.04	10.84	2.8	16.68	
3.4e+07	11.16	1.41	3.8	16.37	
3.405e+07	4.04	5.04	1.25	10.33	
3.41e+07	8.84	3.84	1.45	14.13	
3.415e+07	7.61	1.76	5.89	15.26	
3.42e+07	3.24	12.81	6.69	22.74	
3.425e+07	25.41	0.96	1.8	28.17	
3.43e+07	2.36	10.24	5.61	18.21	
3.435e+07	8.96	4.16	2.16	15.28	
3.44e+07	14.16	3.01	2.69	19.86	
3.445e+07	15.24	1.05	3.04	19.33	
3.45e+07	10.24	1.44	2.81	14.49	
3.455e+07	10.81	2.05	10.76	23.62	
3.46e+07	10.16	5.64	1.36	17.16	
3.465e+07	1.64	4.04	10.41	16.09	
3.47e+07	9.29	19.09	2.69	31.07	
3.475e+07	4.96	12.61	6.49	24.06	
3.48e+07	7.49	4.69	4.04	16.22	
3.485e+07	8.76	3.61	2.41	14.78	
3.49e+07	10.41	9.56	2.16	22.13	
3.495e+07	11.49	1.89	1	14.38	
3.5e+07	3.36	3.6	8.36	15.32	
3.505e+07	5.64	7.25	2.89	15.78	
3.51e+07	2.4	5.81	4.64	12.85	
3.515e+07	6.64	6.81	4.56	18.01	
3.52e+07	1.84	6.49	4.29	12.62	
3.525e+07	9.41	8.49	1.45	19.35	
3.53e+07	4.24	6.05	9.89	20.18	
3.535e+07	5.29	3.96	1.56	10.81	
3.54e+07	7.89	12.16	1.04	21.09	
3.545e+07	5.36	7.29	3.65	16.3	
3.55e+07	1.89	16.84	4.96	23.69	
3.555e+07	3.24	3.29	4.61	11.14	
3.56e+07	5.41	5.25	3.69	14.35	
3.565e+07	10.56	2.64	2.21	15.41	
3.57e+07	3.09	2.76	9.16	15.01	
3.575e+07	3.61	6.01	0.69	10.31	
3.58e+07	2.09	0.81	8.21	11.11	
3.585e+07	2.89	15.21	0.76	18.86	
3.59e+07	2.21	7.36	0.96	10.53	
3.595e+07	12.81	3.65	9.89	26.35	
3.6e+07	3.45	0.69	26.85	30.99	
3.605e+07	4.36	2.41	23.24	30.01	
3.61e+07	4.21	3.2	1.96	9.37	
3.615e+07	3.89	2.24	1.45	7.58	
3.62e+07	4.36	4.61	10.29	19.26	
3.625e+07	11.2	1.85	9.04	22.09	
3.63e+07	1.69	4.44	9.61	15.74	
3.635e+07	17.05	2.45	0.45	19.95	
3.64e+07	2.16	9.45	1.61	13.22	
3.645e+07	9.69	3.81	1.69	15.19	
3.65e+07	18.21	4.76	0.96	23.93	
3.655e+07	3.64	5.65	6.89	16.18	
3.66e+07	7.24	5.56	1.61	14.41	
3.665e+07	3.61	7.64	5.45	16.7	
3.67e+07	1.69	7.29	8.49	17.47	
3.675e+07	11.36	2.49	3.4	17.25	
3.68e+07	3.36	1.49	3.29	8.14	
3.685e+07	5.29	4.29	13.24	22.82	
3.69e+07	3.24	1.44	3.56	8.24	
3.695e+07	4.25	2.09	9.89	16.23	
3.7e+07	1.2	12.64	4.21	18.05	
3.705e+07	7.29	4.84	3.29	15.42	
3.71e+07	6.41	1.84	1.89	10.14	
3.715e+07	1.44	2.89	3.76	8.09	
3.72e+07	2.04	4.76	4.81	11.61	
3.725e+07	14.84	5.89	0.84	21.57	
3.73e+07	0.29	20.69	6.09	27.07	
3.735e+07	3.44	7.01	15.05	25.5	
3.74e+07	1.16	6.85	2.56	10.57	
3.745e+07	3.44	6.61	10.64	20.69	
3.75e+07	7.84	4.09	4.01	15.94	
3.755e+07	6.84	1.49	1.76	10.09	
3.76e+07	2.84	8.56	1.61	13.01	
3.765e+07	1.8	7.24	4.24	13.28	
3.77e+07	12.24	1.96	2.45	16.65	
3.775e+07	11.56	3.4	11.24	26.2	
3.78e+07	5.56	10.09	2.21	17.86	
3.785e+07	5.6	11	8.09	24.69	
3.79e+07	6.84	5.81	5.4	18.05	
3.795e+07	9.61	6.16	4.56	20.33	
3.8e+07	3.04	5.36	2.69	11.09	
3.805e+07	2.81	11.29	4.16	18.26	
3.81e+07	16.04	0.76	3.44	20.24	
3.815e+07	8.76	12.21	0.76	21.73	
3.82e+07	8.25	6.85	4.6	19.7	
3.825e+07	7.24	13.36	1.04	21.64	
3.83e+07	6.56	1.41	9.16	17.13	
3.835e+07	1.49	4.21	2.64	8.34	
3.84e+07	7.44	3.61	6.56	17.61	
3.845e+07	6.04	8.24	3.16	17.44	
3.85e+07	3.76	2.24	2.24	8.24	
3.855e+07	1.09	6.05	2.56	9.7	
3.86e+07	6.69	2.44	8.21	17.34	
3.865e+07	7.41	10.21	2.4	20.02	
3.87e+07	8	6.16	2.16	16.32	
3.875e+07	2	4.45	7.29	13.74	
3.88e+07	3.76	3.09	5.21	12.06	
3.885e+07	3.81	1.49	3.56	8.86	
3.89e+07	0.89	36.56	4.36	41.81	
3.895e+07	17.84	0.96	5.81	24.61	
3.9e+07	10.44	4	2.25	16.69	
3.905e+07	7.25	9.16	4.21	20.62	
3.91e+07	15.49	3.69	15.84	35.02	
3.915e+07	1.16	4.41	3.25	8.82	
3.92e+07	4.09	2.69	3.69	10.47	
3.925e+07	3.41	4	12.69	20.1	
3.93e+07	8.84	2.49	4.29	15.62	
3.935e+07	1.2	9.4	11.41	22.01	
3.94e+07	2.36	3.09	14.69	20.14	
3.945e+07	14.09	2.85	6.45	23.39	
3.95e+07	2.64	3.96	10.4	17	
3.955e+07	1.4	4.41	3.89	9.7	
3.96e+07	5.24	1.44	2.96	9.64	
3.965e+07	3.81	8.81	7.56	20.18	
3.97e+07	11.61	2.49	1.49	15.59	
3.975e+07	2.01	1.49	8.21	11.71	
3.98e+07	0.96	21.85	3.09	25.9	
3.985e+07	0.96	5.6	5.05	11.61	
3.99e+07	2.24	6.44	8.65	17.33	
3.995e+07	6.64	2.36	1.29	10.29	
4e+07	2.81	9.25	3.09	15.15	
4.005e+07	4.49	2.29	2.56	9.34	
4.01e+07	12.45	2.44	5.36	20.25	
4.015e+07	1.45	1.96	6.05	9.46	
4.02e+07	4.45	3.84	8.6	16.89	
4.025e+07	4.16	2.24	12.6	19	
4.03e+07	8.69	2.44	2.16	13.29	
4.035e+07	2.64	8.41	2.41	13.46	
4.04e+07	5.81	1.96	3.21	10.98	
4.045e+07	1.24	13.61	2.56	17.41	
4.05e+07	6.61	2	5.04	13.65	
4.055e+07	2.64	19.8	3.76	26.2	
4.06e+07	10.24	1.49	2.04	13.77	
4.065e+07	4.36	1.96	5.85	12.17	
4.07e+07	6.09	2.69	5.36	14.14	
4.075e+07	1.09	8.01	7.24	16.34	
4.08e+07	1.16	2.04	9.61	12.81	
4.085e+07	2.21	9.24	15.64	27.09	
4.09e+07	4.76	1.64	14.69	21.09	
4.095e+07	3.09	7.6	9.6	20.29	
4.1e+07	4.81	3.29	8.76	16.86	
4.105e+07	2.84	7.36	1.65	11.85	
4.11e+07	8.36	6.2	3.69	18.25	
4.115e+07	14.64	1.56	12.56	28.76	
4.12e+07	9.01	3.69	3.56	16.26	
4.125e+07	20.36	1.89	0.76	23.01	
4.13e+07	5.36	13.04	1	19.4	
4.135e+07	4.56	6.61	7.89	19.06	
4.14e+07	8.41	2.21	3.09	13.71	
4.145e+07	7.16	1	6.61	14.77	
4.15e+07	3.24	2.8	5.04	11.08	
4.155e+07	6.81	3.49	6.96	17.26	
4.16e+07	10.29	3.6	2.89	16.78	
4.165e+07	6.24	3.69	3.81	13.74	
4.17e+07	7.76	1.21	6.24	15.21	
4.175e+07	2.44	4.2	2.61	9.25	
4.18e+07	3.41	6.8	0.69	10.9	
4.185e+07	2.04	6.65	2.05	10.74	
4.19e+07	7.89	4.41	3.29	15.59	
4.195e+07	2.45	7.16	2.44	12.05	
4.2e+07	11.16	5.16	1.69	18.01	
4.205e+07	1.65	1.64	12.2	15.49	
4.21e+07	2.89	1.65	18.61	23.15	
4.215e+07	7.69	1.05	10.8	19.54	
4.22e+07	1.6	3	6.21	10.81	
4.225e+07	2.69	1.21	5.4	9.3	
4.23e+07	0.89	14.41	4.85	20.15	
4.235e+07	8.41	0.96	7.81	17.18	
4.24e+07	5.24	3.56	5	13.8	
4.245e+07	2.56	4.36	15.36	22.28	
4.25e+07	1.01	10.41	1.84	13.26	
4.255e+07	3.36	2.56	3.8	9.72	
4.26e+07	3.21	3.6	8.09	14.9	
4.265e+07	7.29	4.69	5.96	17.94	
4.27e+07	4.45	1.09	6.89	12.43	
4.275e+07	1.44	4.76	8.61	14.81	
4.28e+07	9.01	1.21	1.56	11.78	
4.285e+07	6.36	2.36	2.09	10.81	
4.29e+07	7.85	21.01	1.89	30.75	
4.295e+07	3.04	2.44	2.81	8.29	
4.3e+07	8.04	1.96	1.76	11.76	
4.305e+07	3.25	15.21	1.6	20.06	
4.31e+07	5.96	2.69	2.76	11.41	
4.315e+07	3.41	2.81	5.36	11.58	
4.32e+07	2.6	3.41	11.8	17.81	
4.325e+07	0.89	25.61	2.09	28.59	
4.33e+07	9.8	1.49	1.56	12.85	
4.335e+07	9.25	4.04	6.21	19.5	
4.34e+07	10	4.69	5.85	20.54	
4.345e+07	10.64	1.2	9.36	21.2	
4.35e+07	7.64	8.05	0.81	16.5	
4.355e+07	1.61	17.45	1.61	20.67	
4.36e+07	2.8	3.81	24.01	30.62	
4.365e+07	4.61	2.8	1.76	9.17	
4.37e+07	8.29	5.69	4.25	18.23	
4.375e+07	1.96	4.44	4.49	10.89	
4.38e+07	6.01	9.04	1.05	16.1	
4.385e+07	5.76	1.49	3.41	10.66	
4.39e+07	3.89	2.16	21.84	27.89	
4.395e+07	17.29	7.01	1.61	25.91	
4.4e+07	2.89	2.41	7.65	12.95	
4.405e+07	6.29	21.04	1.29	28.62	
4.41e+07	2.2	3.49	15.04	20.73	
4.415e+07	3.84	1.65	14.85	20.34	
4.42e+07	9.09	2.16	6.69	17.94	
4.425e+07	3.21	3.29	4.61	11.11	
4.43e+07	5.45	2.29	12.21	19.95	
4.435e+07	2.76	4.49	9.01	16.26	
4.44e+07	1.49	12.16	2.84	16.49	
4.445e+07	2.41	5.56	8.04	16.01	
4.45e+07	6.01	2.89	3.44	12.34	
4.455e+07	1.04	7.44	3.49	11.97	
4.46e+07	1.41	5.49	1.84	8.74	
4.465e+07	4.36	3.41	11.61	19.38	
4.47e+07	9.29	1.01	12.76	23.06	
4.475e+07	4.45	4.56	2.09	11.1	
4.48e+07	2.76	3.65	5.2	11.61	
4.485e+07	3.69	4.21	13.89	21.79	
4.49e+07	11.36	2.49	0.84	14.69	
4.495e+07	4.04	18.2	0.81	23.05	
4.5e+07	8.76	12.56	2.21	23.53	
4.505e+07	5.24	6.41	7	18.65	
4.51e+07	1.6	7.29	8.84	17.73	
4.515e+07	2.09	2.04	3.76	7.89	
4.52e+07	4.24	6.36	2.65	13.25	
4.525e+07	1.05	1.64	5.89	8.58	
4.53e+07	3.56	2.89	7.24	13.69	
4.535e+07	12.09	2.65	2.2	16.94	
4.54e+07	17	2.36	2.09	21.45	
4.545e+07	1.96	1.24	14.16	17.36	
4.55e+07	4.21	5.89	4.21	14.31	
4.555e+07	3.21	3.89	22.4	29.5	
4.56e+07	11.41	2.16	2.49	16.06	
4.565e+07	1.04	9.4	3.2	13.64	
4.57e+07	5.64	6.56	7.05	19.25	
4.575e+07	3.41	4.76	1.64	9.81	
4.58e+07	16.2	5.64	2.6	24.44	
4.585e+07	2.41	2.29	2.76	7.46	
4.59e+07	4.56	11.49	1.21	17.26	
4.595e+07	5.89	3.36	5.01	14.26	
4.6e+07	4.84	2.2	3.41	10.45	
4.605e+07	1.16	2.24	5.16	8.56	
4.61e+07	6.56	5.89	1.65	14.1	
4.615e+07	7.41	5.49	3.16	16.06	
4.62e+07	4.56	1.89	4.09	10.54	
4.625e+07	11.09	6.69	1.21	18.99	
4.63e+07	3.36	3.21	8.29	14.86	
4.635e+07	5.76	2.96	2.24	10.96	
4.64e+07	1.8	30	4.89	36.69	
4.645e+07	10.49	2.76	4.8	18.05	
4.65e+07	7.65	3.16	5.56	16.37	
4.655e+07	19.01	4.16	4.89	28.06	
4.66e+07	2.16	6.76	3.56	12.48	
4.665e+07	1.64	4.65	7.44	13.73	
4.67e+07	15.36	2.24	2.85	20.45	
4.675e+07	3.6	5.61	15.45	24.66	
4.68e+07	1.44	15.84	7.64	24.92	
4.685e+07	10.2	1.49	3.44	15.13	
4.69e+07	10.6	1.25	7.49	19.34	
4.695e+07	3.05	7.84	5.89	16.78	
4.7e+07	5.49	7.89	1.76	15.14	
4.705e+07	3.64	3.4	18.64	25.68	
4.71e+07	7.64	6.81	9.89	24.34	
4.715e+07	3.09	4.49	5.21	12.79	
4.72e+07	13.8	2.36	2.56	18.72	
4.725e+07	13.69	0.69	10.56	24.94	
4.73e+07	5.56	9.29	3.09	17.94	
4.735e+07	4.56	0.96	6.36	11.88	
4.74e+07	9.64	5.56	5.84	21.04	
4.745e+07	0.96	13.76	17.16	31.88	
4.75e+07	13.76	16.09	2.44	32.29	
4.755e+07	4.76	4.64	9.61	19.01	
4.76e+07	3.09	3.09	5.61	11.79	
4.765e+07	1.56	7.44	2.21	11.21	
4.77e+07	4.76	5.76	5.89	16.41	
4.775e+07	9.64	10.84	1.89	22.37	
4.78e+07	3.01	6.89	5.04	14.94	
4.785e+07	9.01	7.96	7.41	24.38	
4.79e+07	3.89	3.49	16.16	23.54	
4.795e+07	1.61	2.09	2.64	6.34	
4.8e+07	1.61	2.56	11.29	15.46	
4.805e+07	9.24	10.16	3.24	22.64	
4.81e+07	7	6.24	1.2	14.44	
4.815e+07	5.64	6.25	24.8	36.69	
4.82e+07	1.69	5.64	9.85	17.18	
4.825e+07	6.56	1.76	2.84	11.16	
4.83e+07	8.2	5.04	2.44	15.68	
4.835e+07	4.2	8.4	9.85	22.45	
4.84e+07	4.29	9.25	1.21	14.75	
4.845e+07	3.89	4.84	1.44	10.17	
4.85e+07	5.69	2.89	9.29	17.87	
4.855e+07	2.89	1.25	4.8	8.94	
4.86e+07	7.4	2.29	10.4	20.09	
4.865e+07	1.84	15.41	11.41	28.66	
4.87e+07	1.04	12.61	2.69	16.34	
4.875e+07	5.01	4.01	3.2	12.22	
4.88e+07	16.85	2.56	4.01	23.42	
4.885e+07	12.01	3	5.01	20.02	
4.89e+07	14.89	4.89	1.2	20.98	
4.895e+07	1.76	3.16	12.01	16.93	
4.9e+07	1.49	7.65	3.01	12.15	
4.905e+07	3.69	3.69	4.24	11.62	
4.91e+07	3.64	7.41	0.8	11.85	
4.915e+07	3.69	3.81	2.65	10.15	
4.92e+07	10.64	0.89	6.2	17.73	
4.925e+07	7.8	1.2	6.76	15.76	
4.93e+07	4.29	3.64	5.21	13.14	
4.935e+07	17.76	3.41	1.01	22.18	
4.94e+07	4.25	11.24	1.2	16.69	
4.945e+07	18	1.76	1.84	21.6	
4.95e+07	3.09	7.16	3.04	13.29	
4.955e+07	1.25	6.4	12.01	19.66	
4.96e+07	3.81	0.64	5	9.45	
4.965e+07	1.64	13.65	8.61	23.9	
4.97e+07	3.45	9.36	0.84	13.65	
4.975e+07	15.45	1.89	2.04	19.38	
4.98e+07	5.45	11.6	7.69	24.74	
4.985e+07	3.84	11.01	4.44	19.29	
4.99e+07	4.09	4	2.81	10.9	
4.995e+07	2.09	3.6	1.84	7.53	
5e+07	1.29	11.49	10.24	23.02	
5.005e+07	2.04	3.76	4.09	9.89	
5.01e+07	7.09	1.81	3.8	12.7	
5.015e+07	0.96	10.41	2.64	14.01	
5.02e+07	2.36	1.84	11.21	15.41	
5.025e+07	3.09	12	1.44	16.53	
5.03e+07	5.49	7.05	5.64	18.18	
5.035e+07	6.24	1.45	7.16	14.85	
5.04e+07	1.36	9.01	17.49	27.86	
5.045e+07	1.09	1.89	13.36	16.34	
5.05e+07	4.41	5.76	3.76	13.93	
5.055e+07	2.65	6.09	3.16	11.9	
5.06e+07	8.61	2.65	4.04	15.3	
5.065e+07	6.4	4.36	3.96	14.72	
5.07e+07	6.25	8.89	1.85	16.99	
5.075e+07	2.01	13.29	7.84	23.14	
5.08e+07	1.49	14.56	3.21	19.26	
5.085e+07	10.64	5.49	2.8	18.93	
5.09e+07	4.09	4.01	9.85	17.95	
5.095e+07	17.16	3.76	8.56	29.48	
5.1e+07	6.56	3.85	6.44	16.85	
5.105e+07	2.21	2.21	3.89	8.31	
5.11e+07	6.6	2.16	8.64	17.4	
5.115e+07	14.56	1.41	2.65	18.62	
5.12e+07	0.69	9.56	4.29	14.54	
5.125e+07	11.04	5.69	0.8	17.53	
5.13e+07	1.64	6.6	7.96	16.2	
5.135e+07	10.84	2.09	8.04	20.97	
5.14e+07	0.84	15.56	1.65	18.05	
5.145e+07	1.24	4.29	3.84	9.37	
5.15e+07	4.41	3.24	1.89	9.54	
5.155e+07	14.4	3.76	7.8	25.96	
5.16e+07	8.81	1.44	10.36	20.61	
5.165e+07	4.89	4.05	12.81	21.75	
5.17e+07	4.69	3.81	1.56	10.06	
5.175e+07	4.29	2.64	16.44	23.37	
5.18e+07	4.01	3.05	6.81	13.87	
5.185e+07	9.85	1.76	15.2	26.81	
5.19e+07	5.29	3.69	9.61	18.59	
5.195e+07	0.8	8.64	1.85	11.29	
5.2e+07	19.81	11.21	2.44	33.46	
5.205e+07	4.65	4.24	9.61	18.5	
5.21e+07	2.2	3.61	9.24	15.05	
5.215e+07	1.69	4.16	5.65	11.5	
5.22e+07	0.89	0.76	9.85	11.5	
5.225e+07	3.49	2.89	7	13.38	
5.23e+07	1.96	1.4	16.44	19.8	
5.235e+07	3.64	4.16	2.81	10.61	
5.24e+07	6.16	2.16	1.76	10.08	
5.245e+07	2.49	5.61	10.76	18.86	
5.25e+07	10	4.56	4.24	18.8	
5.255e+07	4.29	1.8	8.96	15.05	
5.26e+07	3.56	3.01	9	15.57	
5.265e+07	8.01	1.49	5.2	14.7	
5.27e+07	7.56	5.85	1.69	15.1	
5.275e+07	1.96	14.21	4.04	20.21	
5.28e+07	4.04	3.49	5.36	12.89	
5.285e+07	3.04	1.2	9.01	13.25	
5.29e+07	5.09	4.85	7.76	17.7	
5.295e+07	11.16	1.16	7.56	19.88	
5.3e+07	4.6	1.64	7.65	13.89	
5.305e+07	2.6	10.85	1.56	15.01	
5.31e+07	3.4	1.29	10.01	14.7	
5.315e+07	6.24	11.2	2.09	19.53	
5.32e+07	2.16	9.56	9.2	20.92	
5.325e+07	17.09	2.69	3.24	23.02	
5.33e+07	2.25	1.16	12.81	16.22	
5.335e+07	13.45	2.56	2.25	18.26	
5.34e+07	16.69	7.56	3.24	27.49	
5.345e+07	3.8	5.89	4.36	14.05	
5.35e+07	3.96	3.01	3.24	10.21	
5.355e+07	1.65	3.61	18.65	23.91	
5.36e+07	11.64	3.16	8.65	23.45	
5.365e+07	6.64	3.24	2.56	12.44	
5.37e+07	1.05	14.29	17.24	32.58	
5.375e+07	1.21	2.49	4.84	8.54	
5.38e+07	8.2	11.41	5.21	24.82	
5.385e+07	3.36	1.61	6.09	11.06	
5.39e+07	3.56	3.76	14.85	22.17	
5.395e+07	3.81	3.84	13.69	21.34	
5.4e+07	5.44	3.01	7.21	15.66	
5.405e+07	2.04	6.41	9.69	18.14	
5.41e+07	2.41	23.56	14.64	40.61	
5.415e+07	8.56	4.76	13.76	27.08	
5.42e+07	10.89	3.96	1.36	16.21	
5.425e+07	1	1.96	9.21	12.17	
5.43e+07	6.69	12.24	2.76	21.69	
5.435e+07	3.16	10.81	1.76	15.73	
5.44e+07	4.09	2.21	10.45	16.75	
5.445e+07	1.84	3.84	4.96	10.64	
5.45e+07	2.49	4.29	10.96	17.74	
5.455e+07	6.85	1.96	1.36	10.17	
5.46e+07	1.6	13.41	15.76	30.77	
5.465e+07	9.81	1.84	7.64	19.29	
5.47e+07	1.05	3.64	5.45	10.14	
5.475e+07	15.45	3.04	8	26.49	
5.48e+07	3.2	4.09	5.56	12.85	
5.485e+07	9.21	3.81	1.01	14.03	
5.49e+07	14.49	1	1.49	16.98	
5.495e+07	17.05	2.04	2.45	21.54	
5.5e+07	3.4	2.04	22.96	28.4	
5.505e+07	3.61	2.89	3.36	9.86	
5.51e+07	1.44	1.64	9.64	12.72	
5.515e+07	16.36	1.96	7.29	25.61	
5.52e+07	5.6	5.04	2	12.64	
5.525e+07	3.49	1.76	1.85	7.1	
5.53e+07	7.8	2.4	1.44	11.64	
5.535e+07	11.76	8.41	3.41	23.58	
5.54e+07	15.16	7.56	5.21	27.93	
5.545e+07	3.69	8.41	4.24	16.34	
5.55e+07	7.25	1.69	7.64	16.58	
5.555e+07	28.45	3.24	2.16	33.85	
5.56e+07	3.01	2.16	5.69	10.86	
5.565e+07	1.25	2.56	6.85	10.66	
5.57e+07	4.2	4.81	1.89	10.9	
5.575e+07	24.01	1.8	1.45	27.26	
5.58e+07	15	3.36	7.09	25.45	
5.585e+07	2.36	1.29	7.49	11.14	
5.59e+07	1.69	9.44	1.84	12.97	
5.595e+07	8.61	4.44	2.61	15.66	
5.6e+07	6.36	2.25	2.61	11.22	
5.605e+07	7.85	2.24	18.76	28.85	
5.61e+07	7.56	6.09	1.69	15.34	
5.615e+07	3	4.69	7.69	15.38	
5.62e+07	2.05	3.16	3.25	8.46	
5.625e+07	1.21	1.44	20.04	22.69	
5.63e+07	1.89	25.6	3.69	31.18	
5.635e+07	10.61	1.89	2.01	14.51	
5.64e+07	12.04	6.96	1.16	20.16	
5.645e+07	1.85	9	2.45	13.3	
5.65e+07	7.6	9.85	3.09	20.54	
5.655e+07	2.84	12.24	1.44	16.52	
5.66e+07	1.36	14.04	1.81	17.21	
5.665e+07	7.89	4.56	1.24	13.69	
5.67e+07	7.01	1.69	1.84	10.54	
5.675e+07	0.96	11.24	3.56	15.76	
5.68e+07	14.64	5.64	1.56	21.84	
5.685e+07	2.69	9.6	4.64	16.93	
5.69e+07	2.64	7.84	2	12.48	
5.695e+07	3.01	1.85	4.8	9.66	
5.7e+07	3.65	1.64	4.05	9.34	
5.705e+07	3.41	1.49	9.49	14.39	
5.71e+07	3.41	14.01	5.21	22.63	
5.715e+07	2.01	10.56	1	13.57	
5.72e+07	8.56	5.36	0.65	14.57	
5.725e+07	5.29	4.16	10.44	19.89	
5.73e+07	2.76	10.44	8.56	21.76	
5.735e+07	5.64	5.49	2.8	13.93	
5.74e+07	8.21	7.01	1.21	16.43	
5.745e+07	0.81	4.44	4.96	10.21	
5.75e+07	11.16	7.04	5	23.2	
5.755e+07	13.21	6.24	0.64	20.09	
5.76e+07	5.04	2.69	7.45	15.18	
5.765e+07	1.16	1.76	10.41	13.33	
5.77e+07	8.21	13.44	2.4	24.05	
5.775e+07	1.76	0.85	13.24	15.85	
5.78e+07	3.2	7.96	10.16	21.32	
5.785e+07	7.44	5.96	7.29	20.69	
5.79e+07	3.69	1.8	3.29	8.78	
5.795e+07	2.81	11.45	2.41	16.67	
5.8e+07	3.16	6.25	2.81	12.22	
5.805e+07	1.8	10.8	4.64	17.24	
5.81e+07	1.04	1.81	9.81	12.66	
5.815e+07	11.49	1.25	3.21	15.95	
5.82e+07	2.2	1.89	18.61	22.7	
5.825e+07	5.16	4.6	1.89	11.65	
5.83e+07	7.96	3.09	4.84	15.89	
5.835e+07	2.84	9.41	9.89	22.14	
5.84e+07	2.16	5.4	3.05	10.61	
5.845e+07	3.36	2.96	4.49	10.81	
5.85e+07	7.05	3.04	6.96	17.05	
5.855e+07	1.49	3.8	14.64	19.93	
5.86e+07	9.44	5.16	3.09	17.69	
5.865e+07	2.09	2.64	5.09	9.82	
5.87e+07	2.05	9.24	8.89	20.18	
5.875e+07	1.8	1.16	19.61	22.57	
5.88e+07	1.24	1.61	9.01	11.86	
5.885e+07	3.69	10	5.76	19.45	
5.89e+07	9	6.04	17.01	32.05	
5.895e+07	4.24	13.64	2.44	20.32	
5.9e+07	3.01	15.8	5.21	24.02	
5.905e+07	5.8	1.81	5.61	13.22	
5.91e+07	2.56	4.16	9.16	15.88	
5.915e+07	7.61	6.25	6.01	19.87	
5.92e+07	3.85	2.64	14.69	21.18	
5.925e+07	8.69	5.61	2.41	16.71	
5.93e+07	4.29	2.49	9.69	16.47	
5.935e+07	13.89	17.81	3.64	35.34	
5.94e+07	3.84	2.69	1.44	7.97	
5.945e+07	7.84	10.64	2.96	21.44	
5.95e+07	4.6	1.89	4.24	10.73	
5.955e+07	2.4	3.04	4.69	10.13	
5.96e+07	2.25	8.09	10.44	20.78	
5.965e+07	4.64	3.84	7.56	16.04	
5.97e+07	9.61	3.65	7.76	21.02	
5.975e+07	3.41	5.44	10.4	19.25	
5.98e+07	5.21	3.8	3.76	12.77	
5.985e+07	3.61	1.24	11.25	16.1	
5.99e+07	2.24	1.69	6.21	10.14	
5.995e+07	11.84	1.05	1.81	14.7	
6e+07	1.29	7.6	18.16	27.05	
6.005e+07	8.16	7.44	2.61	18.21	
6.01e+07	5.44	11.6	3.05	20.09	
6.015e+07	2.41	6.65	11.2	20.26	
6.02e+07	6.76	14.45	2.49	23.7	
6.025e+07	6.01	2.61	3.89	12.51	
6.03e+07	3.09	2.81	3	8.9	
6.035e+07	2.89	7.49	1.84	12.22	
6.04e+07	1.96	3.64	3.44	9.04	
6.045e+07	9.76	4.89	2.85	17.5	
6.05e+07	6.16	6.05	7.44	19.65	
6.055e+07	3	4.44	3.89	11.33	
6.06e+07	15.09	8.41	4.96	28.46	
6.065e+07	2.76	2.36	1.69	6.81	
6.07e+07	5.44	2.64	6.05	14.13	
6.075e+07	10.8	0.81	11.2	22.81	
6.08e+07	6.49	3.61	4.89	14.99	
6.085e+07	4	9.84	10.96	24.8	
6.09e+07	2.96	2.96	9.36	15.28	
6.095e+07	4.76	2.8	1.65	9.21	
6.1e+07	1.41	9.65	3.65	14.71	
6.105e+07	6.01	3.29	9.01	18.31	
6.11e+07	7.49	6.64	9.81	23.94	
6.115e+07	12.44	2.69	4.89	20.02	
6.12e+07	2.76	8.16	7.24	18.16	
6.125e+07	5.76	9.29	2.49	17.54	
6.13e+07	3.56	2.85	2.45	8.86	
6.135e+07	1.85	4.49	7.89	14.23	
6.14e+07	3.41	6.84	2.69	12.94	
6.145e+07	3.24	1.44	10.36	15.04	
6.15e+07	5.89	6.25	2.01	14.15	
6.155e+07	16	1.41	3.24	20.65	
6.16e+07	2.96	1.41	6.41	10.78	
6.165e+07	16.29	8.2	1.49	25.98	
6.17e+07	3.41	5.05	3.25	11.71	
6.175e+07	2.64	16.84	5.96	25.44	
6.18e+07	2.65	4.4	3.6	10.65	
6.185e+07	5.01	1.09	13.29	19.39	
6.19e+07	4.24	6.01	10.04	20.29	
6.195e+07	1.4	6.76	11.89	20.05	
6.2e+07	6.25	5.85	1.61	13.71	
6.205e+07	1.45	4.69	5.81	11.95	
6.21e+07	1.65	9.2	7.44	18.29	
6.215e+07	7.49	3.64	2.81	13.94	
6.22e+07	2.09	5.04	2.56	9.69	
6.225e+07	6.81	11.01	3.21	21.03	
6.23e+07	14.04	4.24	2.49	20.77	
6.235e+07	11.56	1.49	3.09	16.14	
6.24e+07	2.24	8.21	7.81	18.26	
6.245e+07	1.56	2.96	5.01	9.53	
6.25e+07	4.09	8.04	4.05	16.18	
6.255e+07	3	8.21	2.16	13.37	
6.26e+07	15.64	1.09	8.36	25.09	
6.265e+07	6.24	20.44	1.36	28.04	
6.27e+07	1.36	5.76	4.24	11.36	
6.275e+07	3.24	4.29	2.24	9.77	
6.28e+07	10.65	2.29	1.49	14.43	
6.285e+07	9.21	3.41	2.89	15.51	
6.29e+07	4.85	4.64	7.44	16.93	
6.295e+07	7.44	2.8	2.76	13	
6.3e+07	2.04	3.56	5.29	10.89	
6.305e+07	4.69	2.41	2.49	9.59	
6.31e+07	2.96	1.65	10.29	14.9	
6.315e+07	6.04	4.25	2.24	12.53	
6.32e+07	2.69	4.4	2.89	9.98	
6.325e+07	2.69	2.56	9.61	14.86	
6.33e+07	1	4.04	6.69	11.73	
6.335e+07	3.65	6.44	4.24	14.33	
6.34e+07	4.6	18.89	1.81	25.3	
6.345e+07	7.69	1.49	2.49	11.67	
6.35e+07	5.01	0.61	15.76	21.38	
6.355e+07	4.44	1.36	9.21	15.01	
6.36e+07	2.36	9.56	7.29	19.21	
6.365e+07	2.01	20.21	13.29	35.51	
6.37e+07	12.09	0.84	1.61	14.54	
6.375e+07	14.01	2.81	0.84	17.66	
6.38e+07	7.64	1.01	4.21	12.86	
6.385e+07	2.96	2.36	6.09	11.41	
6.39e+07	6.24	1.2	3.64	11.08	
6.395e+07	8.36	1.69	3.36	13.41	
6.4e+07	5.61	2.56	5.04	13.21	
6.405e+07	2.96	3.69	7.64	14.29	
6.41e+07	1.25	1.61	24.44	27.3	
6.415e+07	6.04	17.01	1.29	24.34	
6.42e+07	3.04	8.96	2.36	14.36	
6.425e+07	4.29	2.45	12.61	19.35	
6.43e+07	3.21	8.29	13.61	25.11	
6.435e+07	10.29	6.41	6.29	22.99	
6.44e+07	4.56	4.01	1.36	9.93	
6.445e+07	0.61	3.69	6.36	10.66	
6.45e+07	3.56	2.84	1.29	7.69	
6.455e+07	1.21	5.41	18.36	24.98	
6.46e+07	4.36	1.61	18.89	24.86	
6.465e+07	2.6	6.44	8.56	17.6	
6.47e+07	16.6	3.85	1.29	21.74	
6.475e+07	1.61	3.65	9.81	15.07	
6.48e+07	9.2	3.25	2.84	15.29	
6.485e+07	7.85	1.36	8.61	17.82	
6.49e+07	7.01	3.09	3.85	13.95	
6.495e+07	7.65	6.69	1.09	15.43	
6.5e+07	7.96	2.49	7.45	17.9	
6.505e+07	0.8	5.29	21.29	27.38	
6.51e+07	11.69	9.36	2.84	23.89	
6.515e+07	3	8.6	3.21	14.81	
6.52e+07	2.16	3.45	12.24	17.85	
6.525e+07	1.85	3.36	10.21	15.42	
6.53e+07	2.4	3.21	10.25	15.86	
6.535e+07	3.41	5.29	1.64	10.34	
6.54e+07	3.04	2.96	4.61	10.61	
6.545e+07	10.04	2.36	5.56	17.96	
6.55e+07	8.09	1.04	8.01	17.14	
6.555e+07	7.16	1.61	5.96	14.73	
6.56e+07	3.96	2.04	4.41	10.41	
6.565e+07	5.45	7.29	0.89	13.63	
6.57e+07	3.2	12.44	9.76	25.4	
6.575e+07	21.44	5.2	1.81	28.45	
6.58e+07	5.09	1.96	6.61	13.66	
6.585e+07	1.16	2.61	8.04	11.81	
6.59e+07	12.84	3.44	1.49	17.77	
6.595e+07	3.64	1.49	13.76	18.89	
6.6e+07	8.56	1.84	5.16	15.56	
6.605e+07	7.45	2.61	3.01	13.07	
6.61e+07	2.49	2.4	10.56	15.45	
6.615e+07	18.89	5.44	3.09	27.42	
6.62e+07	3.09	1.41	2.76	7.26	
6.625e+07	7.41	1.44	1.29	10.14	
6.63e+07	3.56	2.76	2.4	8.72	
6.635e+07	1.25	5.24	13.36	19.85	
6.64e+07	4.24	4.04	9.09	17.37	
6.645e+07	9.09	4.84	12.09	26.02	
6.65e+07	1.16	2.49	9.96	13.61	
6.655e+07	2.61	7.96	11.8	22.37	
6.66e+07	1.61	2.21	14.49	18.31	
6.665e+07	5.01	13.64	3.84	22.49	
6.67e+07	24.64	12.44	1	38.08	
6.675e+07	1.24	15.24	3.84	20.32	
6.68e+07	14.09	2.41	8.49	24.99	
6.685e+07	2.41	2.85	3.6	8.86	
6.69e+07	2.04	3.36	2.24	7.64	
6.695e+07	8.81	3.81	4.24	16.86	
6.7e+07	3.05	3.36	4.45	10.86	
6.705e+07	1.96	11.96	3.6	17.52	
6.71e+07	1.09	5.44	7.16	13.69	
6.715e+07	2.84	18.96	3.09	24.89	
6.72e+07	3.41	2.61	5.16	11.18	
6.725e+07	3.81	5.61	0.96	10.38	
6.73e+07	2.76	8.44	3.89	15.09	
6.735e+07	4.24	2.64	9.65	16.53	
6.74e+07	2.25	1.89	6.76	10.9	
6.745e+07	5.21	3.25	1.69	10.15	
6.75e+07	10.45	5.24	6.6	22.29	
6.755e+07	4.36	3.81	2	10.17	
6.76e+07	3.21	6.84	6.04	16.09	
6.765e+07	10.8	4.01	8.24	23.05	
6.77e+07	1.96	2.64	6.56	11.16	
6.775e+07	4.49	1.09	11.24	16.82	
6.78e+07	1.24	4.04	10.84	16.12	
6.785e+07	1.04	3.44	3.16	7.64	
6.79e+07	8.16	8.24	4.2	20.6	
6.795e+07	0.81	5	8.21	14.02	
6.8e+07	2.49	10.09	10.76	23.34	
6.805e+07	15.44	5.61	3.24	24.29	
6.81e+07	4.44	2.25	1.76	8.45	
6.815e+07	5.21	11.16	3.56	19.93	
6.82e+07	7.36	2.45	8.6	18.41	
6.825e+07	2.85	5.2	1.45	9.5	
6.83e+07	12.44	6.96	0.89	20.29	
6.835e+07	2.09	3.09	6.84	12.02	
6.84e+07	6.36	3.76	3.01	13.13	
6.845e+07	2.16	12.56	5.44	20.16	
6.85e+07	10.2	4.76	1.64	16.6	
6.855e+07	7.24	16.04	1.49	24.77	
6.86e+07	14.56	1.41	3.25	19.22	
6.865e+07	9.6	9.81	2.36	21.77	
6.87e+07	3.29	5.29	5.64	14.22	
6.875e+07	7.09	15	1.41	23.5	
6.88e+07	10.85	6.45	2.81	20.11	
6.885e+07	4.8	5.09	1.21	11.1	
6.89e+07	1.45	4.69	5.24	11.38	
6.895e+07	3.56	18.01	3.41	24.98	
6.9e+07	19.41	4.36	1.69	25.46	
6.905e+07	6.56	4.96	4.8	16.32	
6.91e+07	3.6	10.21	5	18.81	
6.915e+07	1.64	2.44	3.09	7.17	
6.92e+07	6.6	3.2	1.69	11.49	
6.925e+07	6.64	10.89	2.41	19.94	
6.93e+07	4.25	5.61	10.04	19.9	
6.935e+07	2.81	2.76	9.41	14.98	
6.94e+07	2.41	1.6	13.61	17.62	
6.945e+07	3.69	2.29	12.81	18.79	
6.95e+07	15.69	3.6	1.29	20.58	
6.955e+07	1.85	5.84	2.09	9.78	
6.96e+07	1.44	6.49	2.01	9.94	
6.965e+07	7.64	11.49	0.76	19.89	
6.97e+07	5.4	3.81	5.09	14.3	
6.975e+07	3.85	1.84	10.25	15.94	
6.98e+07	9.96	1.36	19.69	31.01	
6.985e+07	1.69	5.61	4.6	11.9	
6.99e+07	7.45	6.81	0.76	15.02	
6.995e+07	3.89	4.56	7.96	16.41	
7e+07	2.85	4.81	1.64	9.3	
7.005e+07	5.4	5.56	2.05	13.01	
7.01e+07	17.21	3.65	0.8	21.66	
7.015e+07	0.89	13	5.84	19.73	
7.02e+07	4.09	11.41	2.96	18.46	
7.025e+07	3.41	12.21	2.96	18.58	
7.03e+07	2.49	6.25	3.24	11.98	
7.035e+07	3.24	8.4	4.44	16.08	
7.04e+07	9.36	3.01	5.89	18.26	
7.045e+07	6.64	3.41	2	12.05	
7.05e+07	2.2	7.24	1.4	10.84	
7.055e+07	7.61	3.09	1.44	12.14	
7.06e+07	2.64	3.89	3.61	10.14	
7.065e+07	3.8	13.01	3.16	19.97	
7.07e+07	4.56	4.04	7.29	15.89	
7.075e+07	7.45	3.96	2.56	13.97	
7.08e+07	5.89	3.49	4.49	13.87	
7.085e+07	1.29	5.24	5.44	11.97	
7.09e+07	3.76	5.84	5.36	14.96	
7.095e+07	4.96	9.29	3.29	17.54	
7.1e+07	1.49	6.64	7	15.13	
7.105e+07	4.69	5.84	1.61	12.14	
7.11e+07	5.84	2.01	3.64	11.49	
7.115e+07	8.09	1.04	4.41	13.54	
7.12e+07	1.81	5.41	6.69	13.91	
7.125e+07	3.81	5.56	1.24	10.61	
7.13e+07	3.01	1.61	13.56	18.18	
7.135e+07	19.8	4.89	2.36	27.05	
7.14e+07	4.64	1.69	3.69	10.02	
7.145e+07	11.44	6.05	5.45	22.94	
7.15e+07	1.96	4.36	3.76	10.08	
7.155e+07	28.04	5.45	0.81	34.3	
7.16e+07	5.64	2.56	2.05	10.25	
7.165e+07	10.8	10.41	4.04	25.25	
7.17e+07	2.24	25.56	1.81	29.61	
7.175e+07	1.81	13.8	1.96	17.57	
7.18e+07	1.89	3.49	5.09	10.47	
7.185e+07	1.09	3.64	8	12.73	
7.19e+07	4.76	5.61	6.21	16.58	
7.195e+07	8.81	1.65	8.41	18.87	
7.2e+07	7.21	8	1.44	16.65	
7.205e+07	4.64	1.49	1.96	8.09	
7.21e+07	5.49	2.2	8.64	16.33	
7.215e+07	4.96	3.96	11.81	20.73	
7.22e+07	5.56	6.29	4.24	16.09	
7.225e+07	10.69	21.89	0.36	32.94	
7.23e+07	6.65	4.16	7.81	18.62	
7.235e+07	4.25	2.61	2.65	9.51	
7.24e+07	9.64	2.16	8.84	20.64	
7.245e+07	1.36	1.04	8.4	10.8	
7.25e+07	15.85	1	4.89	21.74	
7.255e+07	4.49	2.04	14.25	20.78	
7.26e+07	2	2.89	6.89	11.78	
7.265e+07	5.36	6.85	2.69	14.9	
7.27e+07	15.44	3.81	3.6	22.85	
7.275e+07	16.85	2.84	3	22.69	
7.28e+07	8.81	6.29	0.89	15.99	
7.285e+07	1.44	3.29	3.56	8.29	
7.29e+07	3.81	11.41	8.49	23.71	
7.295e+07	8.41	1.2	15.01	24.62	
7.3e+07	1.16	3.84	8	13	
7.305e+07	1.84	1.56	20.2	23.6	
7.31e+07	6.41	4.84	10.2	21.45	
7.315e+07	3.69	7.76	1.16	12.61	
7.32e+07	10.56	11.2	0.56	22.32	
7.325e+07	3.29	4.61	5.61	13.51	
7.33e+07	5.44	2.04	8.05	15.53	
7.335e+07	2.16	2.25	6.41	10.82	
7.34e+07	5.8	2.29	4.44	12.53	
7.345e+07	1.89	4.84	4.56	11.29	
7.35e+07	0.69	19.41	10.8	30.9	
7.355e+07	3.01	3.49	10.36	16.86	
7.36e+07	22.4	1.25	4.8	28.45	
7.365e+07	3.21	7.41	2.4	13.02	
7.37e+07	4.21	18.25	16.09	38.55	
7.375e+07	4.21	6.81	0.81	11.83	
7.38e+07	11.21	1.89	4.16	17.26	
7.385e+07	0.61	9.01	9.41	19.03	
7.39e+07	11.45	4.85	9.36	25.66	
7.395e+07	9.16	8.36	2.6	20.12	
7.4e+07	2.76	1.25	16.6	20.61	
7.405e+07	4.84	4.21	1.09	10.14	
7.41e+07	2.16	1.69	10.44	14.29	
7.415e+07	3.84	2.64	6.56	13.04	
7.42e+07	4.09	2.56	2.49	9.14	
7.425e+07	0.96	3.85	3.29	8.1	
7.43e+07	1.84	6.16	1.61	9.61	
7.435e+07	2.09	1.56	15.64	19.29	
7.44e+07	2.01	5.61	3.64	11.26	
7.445e+07	2.09	1.49	13.84	17.42	
7.45e+07	14.49	5	2	21.49	
7.455e+07	5.44	3.29	2.2	10.93	
7.46e+07	3.44	1.69	1.69	6.82	
7.465e+07	4.29	2.04	8.16	14.49	
7.47e+07	4.96	3.81	20.01	28.78	
7.475e+07	21.36	2.41	10.21	33.98	
7.48e+07	7.04	2.96	2.76	12.76	
7.485e+07	7	1.21	6.36	14.57	
7.49e+07	2.21	1.61	10.44	14.26	
7.495e+07	8.04	2.01	2.2	12.25	
7.5e+07	4.49	9.49	4.44	18.42	
7.505e+07	3.61	4	0.81	8.42	
7.51e+07	2.21	7.89	5.81	15.91	
7.515e+07	2.61	6.76	2.16	11.53	
7.52e+07	2.96	2.84	3.04	8.84	
7.525e+07	7.24	3.64	4.36	15.24	
7.53e+07	14.24	2.65	2.76	19.65	
7.535e+07	7.76	2.05	9.56	19.37	
7.54e+07	1.89	13.96	1.36	17.21	
7.545e+07	3.05	11.6	11.45	26.1	
7.55e+07	8.49	7.04	0.96	16.49	
7.555e+07	15.29	1.36	6.56	23.21	
7.56e+07	2.09	7.04	1.29	10.42	
7.565e+07	4.84	4.2	6.01	15.05	
7.57e+07	3.36	2.16	3.84	9.36	
7.575e+07	1.64	26.21	6.85	34.7	
7.58e+07	5.56	6.85	2.01	14.42	
7.585e+07	7.29	5.76	1.36	14.41	
7.59e+07	4.2	2.21	6.81	13.22	
7.595e+07	2	12.09	1.29	15.38	
7.6e+07	7.61	4.04	1	12.65	
7.605e+07	2.29	5.09	4.36	11.74	
7.61e+07	9.16	2.09	7.25	18.5	
7.615e+07	7.8	9.01	3.29	20.1	
7.62e+07	1.84	6.21	2.04	10.09	
7.625e+07	5.2	4.6	5.41	15.21	
7.63e+07	4.81	1.56	3.04	9.41	
7.635e+07	3.41	5.16	15.21	23.78	
7.64e+07	5.89	2.04	5.49	13.42	
7.645e+07	7.96	3.84	4.44	16.24	
7.65e+07	15.89	1.81	7.85	25.55	
7.655e+07	3.61	3.89	2.25	9.75	
7.66e+07	2.89	16.96	1.24	21.09	
7.665e+07	6.61	4.29	3.96	14.86	
7.67e+07	1.09	15.49	3.61	20.19	
7.675e+07	4.36	3.04	5.04	12.44	
7.68e+07	3.96	1.24	2.89	8.09	
7.685e+07	4.25	7.21	8.4	19.86	
7.69e+07	2.61	3.6	1.81	8.02	
7.695e+07	16.56	3.16	16.24	35.96	
7.7e+07	6.24	2.45	3.76	12.45	
7.705e+07	2.76	6.25	2.49	11.5	
7.71e+07	2.16	1.41	6.76	10.33	
7.715e+07	2.45	22.05	1.09	25.59	
7.72e+07	14.84	14.61	2.44	31.89	
7.725e+07	0.89	9.85	13.6	24.34	
7.73e+07	4.64	6.41	5.56	16.61	
7.735e+07	1.56	2.29	9.29	13.14	
7.74e+07	5.89	5.16	6.24	17.29	
7.745e+07	10.16	14.21	2.56	26.93	
7.75e+07	1.41	2.29	6.01	9.71	
7.755e+07	3.61	3	8.36	14.97	
7.76e+07	1.05	1.76	19	21.81	
7.765e+07	2.49	16.05	3.36	21.9	
7.77e+07	7.44	3.01	5.24	15.69	
7.775e+07	3.64	2.6	7.76	14	
7.78e+07	4.89	4.04	11.29	20.22	
7.785e+07	5.05	3.29	1.45	9.79	
7.79e+07	7.65	2.45	3.09	13.19	
7.795e+07	1.84	8	21.09	30.93	
7.8e+07	6.29	2.16	3.21	11.66	
7.805e+07	8.45	7.41	5.6	21.46	
7.81e+07	1.09	8.76	3.44	13.29	
7.815e+07	4.16	2.21	4.05	10.42	
7.82e+07	13.01	3.16	2.29	18.46	
7.825e+07	1.76	4.61	12.4	18.77	
7.83e+07	2.21	6.64	4.45	13.3	
7.835e+07	9.16	3.36	5.2	17.72	
7.84e+07	2.61	3.36	11.76	17.73	
7.845e+07	0.81	8.56	17	26.37	
7.85e+07	2.64	7.89	4.09	14.62	
7.855e+07	3.56	4.84	3.01	11.41	
7.86e+07	3.89	3.84	5.21	12.94	
7.865e+07	12	5.09	1.84	18.93	
7.87e+07	18.89	12.69	1.2	32.78	
7.875e+07	3.89	1.61	2.56	8.06	
7.88e+07	4.89	0.56	8.6	14.05	
7.885e+07	2.24	3.44	3.25	8.93	
7.89e+07	5.21	10.96	3.09	19.26	
7.895e+07	9.64	4.56	7.89	22.09	
7.9e+07	8.41	0.81	12.65	21.87	
7.905e+07	9.21	2.96	1.69	13.86	
7.91e+07	2.01	6.21	8.61	16.83	
7.915e+07	7.69	1.36	5.16	14.21	
7.92e+07	2.16	4.04	2.76	8.96	
7.925e+07	1.41	6.01	3.84	11.26	
7.93e+07	4.8	26.2	4.6	35.6	
7.935e+07	2.09	8.89	4.96	15.94	
7.94e+07	4	4.69	3.24	11.93	
7.945e+07	6.36	5.45	1.04	12.85	
7.95e+07	21.49	1.44	1.65	24.58	
7.955e+07	8.44	5.61	8.69	22.74	
7.96e+07	4.49	3.64	8.24	16.37	
7.965e+07	5.81	3.16	5.21	14.18	
7.97e+07	8.6	6.49	1.56	16.65	
7.975e+07	13.61	3.4	3.05	20.06	
7.98e+07	5.49	6.04	10.44	21.97	
7.985e+07	3.96	3.96	2.49	10.41	
7.99e+07	2.21	16.36	1.09	19.66	
7.995e+07	2.29	8.24	1.44	11.97	
8e+07	6.21	5.85	1.76	13.82	
8.005e+07	25	1.49	5.4	31.89	
8.01e+07	0.76	2.2	18.76	21.72	
8.015e+07	1.36	7.61	4.89	13.86	
8.02e+07	1.44	0.81	7.21	9.46	
8.025e+07	1.49	4.81	7.24	13.54	
8.03e+07	4.36	6.24	2.56	13.16	
8.035e+07	6.24	14.01	2.29	22.54	
8.04e+07	4.21	8.76	5.01	17.98	
8.045e+07	3.61	5.01	3.29	11.91	
8.05e+07	2.69	22.76	2.2	27.65	
8.055e+07	11.76	2.36	2.09	16.21	
8.06e+07	9.25	3.81	3.29	16.35	
8.065e+07	20.84	1.09	2.36	24.29	
8.07e+07	1.84	1.65	35.84	39.33	
8.075e+07	14.4	2.4	2.44	19.24	
8.08e+07	5.24	5.09	1.45	11.78	
8.085e+07	1.24	3.89	9.05	14.18	
8.09e+07	0.64	12.21	12.76	25.61	
8.095e+07	6.41	6.76	2.41	15.58	
8.1e+07	1.89	1.81	11.85	15.55	
8.105e+07	6.56	2.21	10.49	19.26	
8.11e+07	2.21	4.04	7.41	13.66	
8.115e+07	5.4	4.29	9.24	18.93	
8.12e+07	1.09	3.01	5.04	9.14	
8.125e+07	7	1.56	4.56	13.12	
8.13e+07	12.81	1.29	2.04	16.14	
8.135e+07	4.21	8.04	11.24	23.49	
8.14e+07	3.96	1.64	9.81	15.41	
8.145e+07	3.24	8.2	5.45	16.89	
8.15e+07	3.64	4.61	17.25	25.5	
8.155e+07	5.16	4.4	1.29	10.85	
8.16e+07	4.09	3.49	7.69	15.27	
8.165e+07	1.64	4.69	7.49	13.82	
8.17e+07	3.16	6.16	3.49	12.81	
8.175e+07	3.36	4.21	4.89	12.46	
8.18e+07	12.04	6.89	1.56	20.49	
8.185e+07	4.56	8.04	2.24	14.84	
8.19e+07	5.16	11.36	6.2	22.72	
8.195e+07	4.96	19.29	0.89	25.14	
8.2e+07	4.04	7.8	0.84	12.68	
8.205e+07	1.6	11.49	4.61	17.7	
8.21e+07	5.76	3.24	2.16	11.16	
8.215e+07	1.01	5.21	8.04	14.26	
8.22e+07	1.6	6.81	9.05	17.46	
8.225e+07	3.04	4.04	9.8	16.88	
8.23e+07	8.69	5.16	4.61	18.46	
8.235e+07	10.41	3.36	5.16	18.93	
8.24e+07	11.4	2.76	1.96	16.12	
8.245e+07	8.89	12.41	7.09	28.39	
8.25e+07	3.69	5.41	16.96	26.06	
8.255e+07	2.36	2.44	3.49	8.29	
8.26e+07	2.64	3.41	11.24	17.29	
8.265e+07	5.41	8.45	1.81	15.67	
8.27e+07	4.16	10.44	1.36	15.96	
8.275e+07	1.84	5.36	2.61	9.81	
8.28e+07	1.21	2.64	7.09	10.94	
8.285e+07	1.44	2.64	12.05	16.13	
8.29e+07	10.21	4.21	2.85	17.27	
8.295e+07	9.69	7.09	4.44	21.22	
8.3e+07	4.04	4.29	20.24	28.57	
8.305e+07	2.25	2.44	3.89	8.58	
8.31e+07	2.56	8.84	14.49	25.89	
8.315e+07	6.36	4.16	1.49	12.01	
8.32e+07	24.81	0.45	3.85	29.11	
8.325e+07	0.44	7.84	12.24	20.52	
8.33e+07	4.44	3.76	8.61	16.81	
8.335e+07	5.61	2.29	4.09	11.99	
8.34e+07	7.56	1.64	7.36	16.56	
8.345e+07	2.05	6.81	15.36	24.22	
8.35e+07	2.25	7.01	4.8	14.06	
8.355e+07	2.24	17.76	4.49	24.49	
8.36e+07	7.09	13.85	0.76	21.7	
8.365e+07	0.69	14.6	1.76	17.05	
8.37e+07	3.44	5.24	5.61	14.29	
8.375e+07	5.01	5.61	4.49	15.11	
8.38e+07	4.16	6.29	4.64	15.09	
8.385e+07	2.76	9.36	1.49	13.61	
8.39e+07	5.65	4.65	6.16	16.46	
8.395e+07	7.36	7.89	2.16	17.41	
8.4e+07	5.96	1.84	4.49	12.29	
8.405e+07	3.09	8	16.04	27.13	
8.41e+07	5.61	4.69	7.44	17.74	
8.415e+07	7.84	2.29	6.21	16.34	
8.42e+07	9.4	4.01	2.85	16.26	
8.425e+07	4.01	4.25	1.56	9.82	
8.43e+07	2.96	3.4	12.76	19.12	
8.435e+07	3.01	1.69	6.25	10.95	
8.44e+07	8.65	4.2	5.6	18.45	
8.445e+07	2.81	2.44	3.41	8.66	
8.45e+07	2.4	5.41	16.64	24.45	
8.455e+07	4.4	7.4	5.64	17.44	
8.46e+07	12.56	0.96	8.09	21.61	
8.465e+07	3.44	11.64	2.69	17.77	
8.47e+07	4.16	2.01	4.41	10.58	
8.475e+07	10.85	12.01	1.04	23.9	
8.48e+07	1.36	3.29	16.64	21.29	
8.485e+07	3.65	8.05	8.21	19.91	
8.49e+07	4.64	4.01	3.16	11.81	
8.495e+07	1.89	2.44	28.41	32.74	
8.5e+07	8.41	1.76	3.16	13.33	
8.505e+07	1.61	12.04	4	17.65	
8.51e+07	6.69	2.29	19.16	28.14	
8.515e+07	4.89	11.6	4.21	20.7	
8.52e+07	1.04	4.41	5.61	11.06	
8.525e+07	4.09	5.85	4.04	13.98	
8.53e+07	5.25	5.09	8.2	18.54	
8.535e+07	3.04	5.64	8.01	16.69	
8.54e+07	2.96	6.69	2.05	11.7	
8.545e+07	2.56	2.8	7.41	12.77	
8.55e+07	3.2	1.8	5.84	10.84	
8.555e+07	6.96	7.29	5.24	19.49	
8.56e+07	15.09	1.24	2	18.33	
8.565e+07	2.2	6.21	7.4	15.81	
8.57e+07	2.2	2.16	14.8	19.16	
8.575e+07	4.16	1.01	6.21	11.38	
8.58e+07	2.69	1.44	7	11.13	
8.585e+07	1.69	9.64	2.69	14.02	
8.59e+07	6.96	5.64	10.21	22.81	
8.595e+07	1.76	13.09	6.04	20.89	
8.6e+07	6.4	6.64	9.49	22.53	
8.605e+07	8.04	2.04	2.44	12.52	
8.61e+07	1.61	14.41	7.61	23.63	
8.615e+07	10.84	1.44	2.69	14.97	
8.62e+07	6.16	1.29	6.61	14.06	
8.625e+07	9.4	5.81	5.44	20.65	
8.63e+07	11.04	9.16	3.36	23.56	
8.635e+07	2.21	16.65	3.2	22.06	
8.64e+07	0.49	1.64	24.61	26.74	
8.645e+07	2.04	3.45	6.84	12.33	
8.65e+07	6.65	3.45	17.44	27.54	
8.655e+07	2.56	5.16	6.29	14.01	
8.66e+07	3.64	13.09	4.64	21.37	
8.665e+07	2.69	5.21	11.56	19.46	
8.67e+07	5.6	5.84	6.24	17.68	
8.675e+07	5.8	1.81	14.69	22.3	
8.68e+07	5.16	6.64	2.16	13.96	
8.685e+07	4.09	9.61	1.04	14.74	
8.69e+07	6.01	10.04	2.44	18.49	
8.695e+07	1.89	5.24	16.65	23.78	
8.7e+07	5.61	2.69	4.49	12.79	
8.705e+07	1.89	12.05	4.24	18.18	
8.71e+07	12.41	1.21	7.69	21.31	
8.715e+07	3.76	26.16	7.81	37.73	
8.72e+07	2.29	6.45	7.76	16.5	
8.725e+07	1.84	10.44	8.04	20.32	
8.73e+07	2.64	7.4	1.61	11.65	
8.735e+07	13.96	0.69	2.05	16.7	
8.74e+07	3.36	5.89	12.09	21.34	
8.745e+07	12.01	1.84	3.2	17.05	
8.75e+07	8.04	2.85	1.81	12.7	
8.755e+07	8.64	6.81	8.36	23.81	
8.76e+07	4.04	1.09	4.41	9.54	
8.765e+07	3.36	1.96	13.24	18.56	
8.77e+07	3.24	4.04	7.29	14.57	
8.775e+07	1.96	1.04	15.76	18.76	
8.78e+07	0.96	7.56	11.84	20.36	
8.785e+07	1.41	21.49	2.64	25.54	
8.79e+07	2.04	7.29	4.45	13.78	
8.795e+07	2.09	0.56	12.96	15.61	
8.8e+07	1.8	4.65	10.49	16.94	
8.805e+07	2.21	3.61	10.41	16.23	
8.81e+07	3.36	8.84	6.96	19.16	
8.815e+07	12.21	4.61	5.76	22.58	
8.82e+07	1.89	3.61	8.69	14.19	
8.825e+07	2.05	21.24	1.16	24.45	
8.83e+07	25.64	3.25	6.41	35.3	
8.835e+07	3.4	3.56	6.16	13.12	
8.84e+07	8.64	7.24	3.81	19.69	
8.845e+07	5.21	8.81	1.41	15.43	
8.85e+07	7.96	2.36	17.76	28.08	
8.855e+07	1.76	7.56	4.84	14.16	
8.86e+07	2.96	0.69	15.76	19.41	
8.865e+07	3.16	3.4	9.01	15.57	
8.87e+07	3.89	19.89	1.61	25.39	
8.875e+07	5.64	5.25	2.49	13.38	
8.88e+07	2.84	8.69	5.64	17.17	
8.885e+07	2.36	3.61	4.04	10.01	
8.89e+07	17.24	4.96	8.29	30.49	
8.895e+07	5.25	1.29	8.56	15.1	
8.9e+07	2.69	2.16	3.49	8.34	
8.905e+07	5.56	4.96	3.49	14.01	
8.91e+07	3.81	4.01	7.64	15.46	
8.915e+07	1.64	18	9.4	29.04	
8.92e+07	1.09	3.81	11.04	15.94	
8.925e+07	1.01	2.84	5.21	9.06	
8.93e+07	12.76	5.01	3.24	21.01	
8.935e+07	4.64	4.16	3.05	11.85	
8.94e+07	5.21	10.61	5.64	21.46	
8.945e+07	8.56	2.04	2.84	13.44	
8.95e+07	5.76	11.89	3.01	20.66	
8.955e+07	5.29	20.56	1.29	27.14	
8.96e+07	12.36	1.81	2.61	16.78	
8.965e+07	11.45	4.25	12.09	27.79	
8.97e+07	13.04	3.96	2.89	19.89	
8.975e+07	2.84	13.29	1.64	17.77	
8.98e+07	7.81	1.29	7.09	16.19	
8.985e+07	5.09	2.41	8.21	15.71	
8.99e+07	6	3	2.2	11.2	
8.995e+07	4.41	5.49	8.89	18.79	
9e+07	4.16	5.64	6.44	16.24	
9.005e+07	1.24	9.49	5.56	16.29	
9.01e+07	2.65	11.2	2.49	16.34	
9.015e+07	6.61	3.16	4.16	13.93	
9.02e+07	10.25	1.56	6.76	18.57	
9.025e+07	4.29	2.64	4.24	11.17	
9.03e+07	2.49	9.09	4.16	15.74	
9.035e+07	1.04	9.49	2.29	12.82	
9.04e+07	7.65	0.8	9.49	17.94	
9.045e+07	5.25	3.16	5.41	13.82	
9.05e+07	6.24	1	4.84	12.08	
9.055e+07	8.65	4.21	5.61	18.47	
9.06e+07	4.61	1.61	8.09	14.31	
9.065e+07	8.44	2.21	8.89	19.54	
9.07e+07	1.4	2.45	4.05	7.9	
9.075e+07	16.04	1.56	2.16	19.76	
9.08e+07	5.89	4.24	14.84	24.97	
9.085e+07	6.36	8.56	1.04	15.96	
9.09e+07	2.36	2.89	2.65	7.9	
9.095e+07	2.25	9.4	2.09	13.74	
9.1e+07	10.4	4.69	3.44	18.53	
9.105e+07	4.04	6.16	4.01	14.21	
9.11e+07	3.25	7.44	1.76	12.45	
9.115e+07	7.24	3.21	10.56	21.01	
9.12e+07	8.45	9.01	4.29	21.75	
9.125e+07	4.21	10.21	4.49	18.91	
9.13e+07	3.29	5.29	3.25	11.83	
9.135e+07	0.8	9.05	10.96	20.81	
9.14e+07	4.76	5.16	4.49	14.41	
9.145e+07	1.21	9.84	2.45	13.5	
9.15e+07	2.96	12.21	9.4	24.57	
9.155e+07	3.24	2.76	15.61	21.61	
9.16e+07	3.2	4.81	3.16	11.17	
9.165e+07	2.64	3.24	12.84	18.72	
9.17e+07	4.21	5.05	2.61	11.87	
9.175e+07	7.96	6.24	6.01	20.21	
9.18e+07	2.09	4.41	4.05	10.55	
9.185e+07	3.76	3.25	3.44	10.45	
9.19e+07	6.04	5.96	6.45	18.45	
9.195e+07	3.81	6.29	1.64	11.74	
9.2e+07	0.8	4.56	11.16	16.52	
9.205e+07	2.16	9.56	0.89	12.61	
9.21e+07	2.09	3.56	2.76	8.41	
9.215e+07	25.04	1.36	1.24	27.64	
9.22e+07	1.29	2.36	15.85	19.5	
9.225e+07	7.09	4.89	2.09	14.07	
9.23e+07	5.76	3.64	0.76	10.16	
9.235e+07	14.36	3	2.04	19.4	
9.24e+07	1.49	3.41	6.2	11.1	
9.245e+07	3.84	1.45	7.09	12.38	
9.25e+07	3.04	3.16	11.96	18.16	
9.255e+07	1.84	14.24	3.4	19.48	
9.26e+07	4.56	3.76	2.24	10.56	
9.265e+07	1.76	12.96	12.89	27.61	
9.27e+07	2.6	3.24	3.56	9.4	
9.275e+07	5.69	4.76	4.6	15.05	
9.28e+07	5.05	5.41	2.45	12.91	
9.285e+07	3.96	3.29	6.41	13.66	
9.29e+07	3.61	3.76	3.04	10.41	
9.295e+07	6.61	15.96	2.21	24.78	
9.3e+07	1.96	3.85	4.65	10.46	
9.305e+07	13.49	11.56	13.84	38.89	
9.31e+07	3.36	4.21	1.76	9.33	
9.315e+07	7.29	2.24	6.36	15.89	
9.32e+07	1.65	27.64	13.65	42.94	
9.325e+07	3.6	2.84	3.96	10.4	
9.33e+07	1.24	6.45	2.44	10.13	
9.335e+07	5.76	1.36	3.61	10.73	
9.34e+07	5.69	10.09	3.29	19.07	
9.345e+07	14.84	3.69	2.41	20.94	
9.35e+07	3.04	6.09	3.16	12.29	
9.355e+07	8.44	3.64	2.96	15.04	
9.36e+07	2.49	4.84	5.41	12.74	
9.365e+07	10.96	5.64	1.96	18.56	
9.37e+07	4.89	3.49	3.56	11.94	
9.375e+07	2.36	5.29	4.4	12.05	
9.38e+07	2.61	3.96	5	11.57	
9.385e+07	3.45	5.49	1.49	10.43	
9.39e+07	7.41	10.84	3.41	21.66	
9.395e+07	1.29	9.69	8.36	19.34	
9.4e+07	2.89	2.36	3.84	9.09	
9.405e+07	2.64	5.09	1.84	9.57	
9.41e+07	5.76	2.56	10.89	19.21	
9.415e+07	7.85	2.64	3.29	13.78	
9.42e+07	2.49	3.96	4.44	10.89	
9.425e+07	3.61	7.96	1.05	12.62	
9.43e+07	2.76	10.84	1.09	14.69	
9.435e+07	1.8	4.25	5.24	11.29	
9.44e+07	2.44	12.56	2.16	17.16	
9.445e+07	13.09	2	3.49	18.58	
9.45e+07	3.76	5.29	5.01	14.06	
9.455e+07	3.49	1.89	9	14.38	
9.46e+07	4.09	3.29	1.8	9.18	
9.465e+07	2.96	1.36	12.09	16.41	
9.47e+07	3.41	1.16	6.09	10.66	
9.475e+07	1.61	1.89	4.21	7.71	
9.48e+07	7.09	1.65	4.21	12.95	
9.485e+07	6.64	2.05	2.76	11.45	
9.49e+07	3.96	11.8	3.85	19.61	
9.495e+07	2.85	2.69	2.65	8.19	
9.5e+07	3.89	9.64	4.01	17.54	
9.505e+07	6.36	5.2	4.69	16.25	
9.51e+07	6.89	13.69	2.89	23.47	
9.515e+07	7.56	1.21	20.8	29.57	
9.52e+07	7.21	5.04	1.29	13.54	
9.525e+07	7.04	5.16	3.61	15.81	
9.53e+07	3.6	1.29	5.64	10.53	
9.535e+07	3.89	15.61	1.81	21.31	
9.54e+07	8.16	1.29	6.6	16.05	
9.545e+07	2.61	3	2.61	8.22	
9.55e+07	14.29	2.25	4.24	20.78	
9.555e+07	2.45	8.96	5.81	17.22	
9.56e+07	5.49	23.69	1.29	30.47	
9.565e+07	4.29	2.85	2	9.14	
9.57e+07	1.84	4.2	12.24	18.28	
9.575e+07	23.04	13.84	2.01	38.89	
9.58e+07	6.21	5.41	4.29	15.91	
9.585e+07	8.69	5.16	3.6	17.45	
9.59e+07	9.65	3.09	3.29	16.03	
9.595e+07	2.69	1.56	7.84	12.09	
9.6e+07	16.29	4.09	1.76	22.14	
9.605e+07	7.69	5.29	9.45	22.43	
9.61e+07	5.49	2.44	5.45	13.38	
9.615e+07	19.6	3.24	4.36	27.2	
9.62e+07	5.89	5.09	2.69	13.67	
9.625e+07	2.89	5.01	6.69	14.59	
9.63e+07	1.45	6.44	18.89	26.78	
9.635e+07	4.01	5.04	5.84	14.89	
9.64e+07	8.36	0.44	17.21	26.01	
9.645e+07	1.76	1.81	15.24	18.81	
9.65e+07	2.36	2.29	10.76	15.41	
9.655e+07	2.6	4.16	8.61	15.37	
9.66e+07	2.64	5.64	8.04	16.32	
9.665e+07	5.45	3.24	8.69	17.38	
9.67e+07	8.45	2.49	0.85	11.79	
9.675e+07	3.81	5.01	8.36	17.18	
9.68e+07	7.44	1.01	18.84	27.29	
9.685e+07	8.81	4.44	1.61	14.86	
9.69e+07	3.41	5.8	19.24	28.45	
9.695e+07	2.21	4.96	4.45	11.62	
9.7e+07	3.85	2.49	7.8	14.14	
9.705e+07	8.04	2.96	5.76	16.76	
9.71e+07	4.81	3.24	1.89	9.94	
9.715e+07	5.01	4.49	8.01	17.51	
9.72e+07	9.76	10.56	1.61	21.93	
9.725e+07	2.81	2.49	10.01	15.31	
9.73e+07	2.6	10.76	10.29	23.65	
9.735e+07	2.29	2.56	6.85	11.7	
9.74e+07	1.61	14.61	7	23.22	
9.745e+07	3.16	12.44	1.29	16.89	
9.75e+07	12.16	3.21	6.56	21.93	
9.755e+07	2.04	10.05	4.01	16.1	
9.76e+07	2.04	6.01	4.24	12.29	
9.765e+07	11.29	3.01	1.49	15.79	
9.77e+07	3.84	5.64	1.56	11.04	
9.775e+07	6.44	11.24	4.29	21.97	
9.78e+07	3.61	7.04	8.24	18.89	
9.785e+07	6.29	5.89	4.6	16.78	
9.79e+07	3.01	2.04	6.76	11.81	
9.795e+07	3.29	15.44	2.09	20.82	
9.8e+07	1	4.24	11.4	16.64	
9.805e+07	5.05	5.04	1.76	11.85	
9.81e+07	8.84	5.16	1.49	15.49	
9.815e+07	11.2	5.56	2.24	19	
9.82e+07	3.49	4.8	10.36	18.65	
9.825e+07	1.44	3.96	9.21	14.61	
9.83e+07	1.16	11.04	10.81	23.01	
9.835e+07	6.64	1.36	3.41	11.41	
9.84e+07	3.44	8.16	2.49	14.09	
9.845e+07	14.84	0.56	9	24.4	
9.85e+07	5.21	19.76	2.76	27.73	
9.855e+07	1.09	2.81	8.21	12.11	
9.86e+07	2.05	5.64	8.36	16.05	
9.865e+07	2.01	3.96	6.45	12.42	
9.87e+07	6.85	1.56	6.56	14.97	
9.875e+07	3.29	9.84	9.84	22.97	
9.88e+07	7.05	2.69	5.96	15.7	
9.885e+07	2.16	10.4	1.56	14.12	
9.89e+07	5.29	7.81	12.4	25.5	
9.895e+07	8.41	2.61	7.65	18.67	
9.9e+07	4.89	2.41	10.61	17.91	
9.905e+07	6.24	3.44	11.24	20.92	
9.91e+07	2.09	3.09	2.36	7.54	
9.915e+07	3.81	3.44	7.29	14.54	
9.92e+07	2.64	6.76	3.69	13.09	
9.925e+07	7.24	5.45	1.64	14.33	
9.93e+07	3.81	2.76	3.44	10.01	
9.935e+07	1.16	6.89	5.45	13.5	
9.94e+07	0.84	3.84	9.61	14.29	
9.945e+07	5.09	22.61	4.16	31.86	
9.95e+07	10.01	1.09	5.09	16.19	
9.955e+07	6.09	4.64	1.05	11.78	
9.96e+07	16.01	2.16	3	21.17	
9.965e+07	5.24	2.24	16.69	24.17	
9.97e+07	3.2	5.69	6.69	15.58	
9.975e+07	5.05	23.24	2.16	30.45	
9.98e+07	15.49	0.49	7.56	23.54	
9.985e+07	1.29	3.64	11.84	16.77	
9.99e+07	10.6	17.16	3.09	30.85	
9.995e+07	1.36	7.21	3.25	11.82	
1e+08	19.8	2.41	2.16	24.37	
