# 
# registered features: 
# 
# FeatureMoleculesIO
# 	Number of monomers: 20
# 	max connectivity: 7
# FeatureBox
# FeatureBondset<FastBondset>
# FeatureLattice<bool>
# FeatureExcludedVolumeSc<FeatureLattice<bool> >
# 
# not registered features: 
# 
# #!version
# 
# Created by AnalyzerRadiusOfGyration
# file contains time series of average Rg_squared (Rg2) over all analyzed groups
# format: mcs	 Rg2X	 Rg2Y	 Rg2Z	 Rg2Total

100000	8.2475	17.7475	11.21	37.205	
150000	11.71	7.9475	38.9475	58.605	
200000	7.01	8.81	5.9475	21.7675	
250000	9.75	6.4275	4.6	20.7775	
300000	8.86	10.06	54.9475	73.8675	
350000	2.61	5.3275	24.9275	32.865	
400000	13.9475	11.4475	32.2475	57.6425	
450000	38.41	28.91	4.5475	71.8675	
500000	8.0475	16.41	6.0475	30.505	
550000	4.81	3.8275	25.95	34.5875	
600000	6.29	56.9475	9.8275	73.065	
650000	2.4475	36.76	4.76	43.9675	
700000	13.1475	13.81	4.16	31.1175	
750000	6.75	43.5875	9.7875	60.125	
800000	29.46	1.2275	25.8275	56.515	
850000	2.9875	28.26	14.3275	45.575	
900000	4.1875	14.66	15.1275	33.975	
950000	5.54	22.21	39.5475	67.2975	
1e+06	26.29	3.7475	1.9	31.9375	
1.05e+06	4.29	7.4275	15.54	27.2575	
1.1e+06	12.41	3.96	5.64	22.01	
1.15e+06	28.14	15.5475	14.6	58.2875	
1.2e+06	11.61	29.3875	4.54	45.5375	
1.25e+06	2.9475	27.79	12.3475	43.085	
1.3e+06	3.64	15.79	16.79	36.22	
1.35e+06	4.26	15.36	9.0475	28.6675	
1.4e+06	25.31	2.34	5.24	32.89	
1.45e+06	3.75	14.5875	28.2475	46.585	
1.5e+06	25.94	6.31	10.64	42.89	
1.55e+06	16.59	8.8475	7.69	33.1275	
1.6e+06	4.2875	58.4475	2.09	64.825	
1.65e+06	14.65	10.5475	15.61	40.8075	
1.7e+06	3.2	11.16	5.49	19.85	
1.75e+06	22.76	10.3475	5.0475	38.155	
1.8e+06	20.44	53.86	6.8275	81.1275	
1.85e+06	9.6875	20.44	7.7475	37.875	
1.9e+06	7.84	14.76	20.4275	43.0275	
1.95e+06	3.9475	11.99	7.2275	23.165	
2e+06	11.01	3.2875	38.6475	52.945	
2.05e+06	42.8	7.6275	6.66	57.0875	
2.1e+06	3.79	15.9875	12.1275	31.905	
2.15e+06	11.21	14.6875	15.66	41.5575	
2.2e+06	4.8875	15.7	40.4275	61.015	
2.25e+06	6.01	16.51	19.71	42.23	
2.3e+06	7.0875	15.3	4.11	26.4975	
2.35e+06	12.11	19.46	6.81	38.38	
2.4e+06	19.41	20.3275	3.36	43.0975	
2.45e+06	14.9275	4.36	18.1875	37.475	
2.5e+06	14.2275	22.7275	5.76	42.715	
2.55e+06	7.41	7.05	10.2475	24.7075	
2.6e+06	7.41	11.55	2.24	21.2	
2.65e+06	9.16	10.2275	14.8475	34.235	
2.7e+06	18.5	26.1275	15.6475	60.275	
2.75e+06	1.8475	14.4475	4.85	21.145	
2.8e+06	13.75	13.3475	5.89	32.9875	
2.85e+06	4.1275	12.16	17.5275	33.815	
2.9e+06	14.91	7.3	2.09	24.3	
2.95e+06	12.91	33.5475	8.06	54.5175	
3e+06	4.84	12.24	31.19	48.27	
3.05e+06	15.25	10.5875	41.86	67.6975	
3.1e+06	22.14	20.29	18.49	60.92	
3.15e+06	8.9275	7.65	8.54	25.1175	
3.2e+06	18.99	16.41	6.3475	41.7475	
3.25e+06	5.8875	5.4875	31.1275	42.5025	
3.3e+06	5.54	21.4875	8.0275	35.055	
3.35e+06	11.9275	1.69	17.6875	31.305	
3.4e+06	3.7275	42.9	10.8475	57.475	
3.45e+06	6.69	16.1475	9.3475	32.185	
3.5e+06	6.24	25.8275	6.3875	38.455	
3.55e+06	5.2275	35.8275	21.9475	63.0025	
3.6e+06	8.3475	12.54	3.2275	24.115	
3.65e+06	7.5275	11.9875	7.59	27.105	
3.7e+06	3.5875	6.4275	48.0475	58.0625	
3.75e+06	7.39	13.55	19.5475	40.4875	
3.8e+06	10	2.0475	38.5875	50.635	
3.85e+06	8.94	7.5275	29.11	45.5775	
3.9e+06	6.3475	5.06	11.4275	22.835	
3.95e+06	4.06	12.29	12.1275	28.4775	
4e+06	7.04	22.3475	23.89	53.2775	
4.05e+06	39.6875	4.3875	2.91	46.985	
4.1e+06	2.44	28.0275	8.6875	39.155	
4.15e+06	15.99	14.4875	25.19	55.6675	
4.2e+06	2.3275	31.14	10.4475	43.915	
4.25e+06	22.3475	21.2875	2.36	45.995	
4.3e+06	9.26	8.3275	8.81	26.3975	
4.35e+06	7.46	38.1275	4.79	50.3775	
4.4e+06	1.31	13.29	9.7475	24.3475	
4.45e+06	19.5275	2.5875	4.64	26.755	
4.5e+06	18.04	4.7875	7.3475	30.175	
4.55e+06	13.3275	16.49	8.56	38.3775	
4.6e+06	22.9475	10.6	10.8475	44.395	
4.65e+06	1.99	5.1275	16.8475	23.965	
4.7e+06	13.2475	5.64	9.4475	28.335	
4.75e+06	5.41	14.16	5.89	25.46	
4.8e+06	10.31	7.3875	12.5275	30.225	
4.85e+06	9.5275	28.06	12.04	49.6275	
4.9e+06	19.74	9.01	5.2275	33.9775	
4.95e+06	4.14	4.9275	22.1475	31.215	
5e+06	9.2475	3.36	17.21	29.8175	
5.05e+06	47.71	13.7275	5.1875	66.625	
5.1e+06	3.1	11.04	17.5275	31.6675	
5.15e+06	6.36	13.59	8.46	28.41	
5.2e+06	9.69	9.05	7.84	26.58	
5.25e+06	5.8275	42.49	9.64	57.9575	
5.3e+06	12.8275	4.19	16.8875	33.905	
5.35e+06	23.21	3.46	5.2275	31.8975	
5.4e+06	16.96	19.9275	8.11	44.9975	
5.45e+06	12.1875	2.5475	13.2475	27.9825	
5.5e+06	14.64	3.34	4.8	22.78	
5.55e+06	10.9	7.2275	15.5875	33.715	
5.6e+06	25.99	8.5475	5.06	39.5975	
5.65e+06	19.86	7.4	15.44	42.7	
5.7e+06	4.3475	2.6475	33.6275	40.6225	
5.75e+06	17.19	3.76	10.75	31.7	
5.8e+06	17.45	17.3275	6.69	41.4675	
5.85e+06	19.2475	4.2875	17.8475	41.3825	
5.9e+06	27.49	22.6475	2.9275	53.065	
5.95e+06	44.8475	18.71	37.05	100.608	
6e+06	13.8275	13.04	2.96	29.8275	
6.05e+06	5.0475	14.84	20.74	40.6275	
6.1e+06	10.4275	17.0875	27.5275	55.0425	
6.15e+06	7.34	12.54	28.19	48.07	
6.2e+06	6.5475	16.75	8.71	32.0075	
6.25e+06	13.1275	12.0475	3.2275	28.4025	
6.3e+06	10.44	11.6275	5.7	27.7675	
6.35e+06	5.36	16.3275	5.8275	27.515	
6.4e+06	18.2475	9.59	5.9275	33.765	
6.45e+06	4.96	9.9475	8.84	23.7475	
6.5e+06	17.64	10.5275	3.21	31.3775	
6.55e+06	4.6475	10.4875	10.84	25.975	
6.6e+06	26.9475	6.61	23.69	57.2475	
6.65e+06	5.16	10.0475	15.31	30.5175	
6.7e+06	11.66	22.2475	15.6875	49.595	
6.75e+06	9.79	7.94	33.3	51.03	
6.8e+06	9.1275	10.9275	15.5275	35.5825	
6.85e+06	4.0475	8.7275	14.0475	26.8225	
6.9e+06	16.94	3.1875	24.5275	44.655	
6.95e+06	5.3275	18.3475	21.64	45.315	
7e+06	9.5275	9.7875	20.84	40.155	
7.05e+06	7.6275	14.09	7.29	29.0075	
7.1e+06	8.3	15.2475	12.11	35.6575	
7.15e+06	11.1875	29.1275	6.79	47.105	
7.2e+06	17.11	10.44	13.5875	41.1375	
7.25e+06	6.6275	16.61	28.4475	51.685	
7.3e+06	3.56	13.79	7.4	24.75	
7.35e+06	15.69	4.44	6.61	26.74	
7.4e+06	14.59	25.26	16.4	56.25	
7.45e+06	12.71	14.25	7.26	34.22	
7.5e+06	7.1875	17.3275	3.0475	27.5625	
7.55e+06	17.2475	17.75	26.89	61.8875	
7.6e+06	7.0875	20.56	12.4	40.0475	
7.65e+06	16.75	29.1875	3.8475	49.785	
7.7e+06	11.0275	14.0475	4.0475	29.1225	
7.75e+06	3.3875	18.94	5.76	28.0875	
7.8e+06	10.3	17.11	4.2	31.61	
7.85e+06	3.65	11.3275	14.54	29.5175	
7.9e+06	13.0275	15.5275	20.1875	48.7425	
7.95e+06	6.86	10.3875	23.84	41.0875	
8e+06	7.7475	3.11	8.09	18.9475	
8.05e+06	15.79	32.69	8.86	57.34	
8.1e+06	9.5275	15.2875	4.74	29.555	
8.15e+06	4.44	11.8275	12.8275	29.095	
8.2e+06	24.8475	4.09	5.7875	34.725	
8.25e+06	14.19	10.9275	6.5275	31.645	
8.3e+06	8.61	15.61	1.95	26.17	
8.35e+06	3.3475	11.39	17.4275	32.165	
8.4e+06	49.2475	7.3475	18.9475	75.5425	
8.45e+06	1.3275	13.94	12.3275	27.595	
8.5e+06	3.5275	5.9275	13.2	22.655	
8.55e+06	8.4275	16.75	15.0475	40.225	
8.6e+06	9.8275	5.7275	4.1275	19.6825	
8.65e+06	9.99	15.2875	7.66	32.9375	
8.7e+06	15.6275	6.91	13.0875	35.625	
8.75e+06	5.3475	7.01	9.8275	22.185	
8.8e+06	10.89	10.6275	38.2475	59.765	
8.85e+06	5.3275	13.2	12.1875	30.715	
8.9e+06	17.79	10.51	50.0475	78.3475	
8.95e+06	22.34	26.3275	8.7275	57.395	
9e+06	6.66	19.5875	8.0275	34.275	
9.05e+06	5.46	12.24	12.0275	29.7275	
9.1e+06	6.1275	5.7475	6.71	18.585	
9.15e+06	4.7875	2.7475	32.46	39.995	
9.2e+06	9.1275	4.1475	32.5275	45.8025	
9.25e+06	15.91	4.99	66.24	87.14	
9.3e+06	3.7275	9.1275	19.21	32.065	
9.35e+06	9.59	9.1475	7.0475	25.785	
9.4e+06	4.5275	8.7475	64.5275	77.8025	
9.45e+06	48.1475	6.3475	4.56	59.055	
9.5e+06	21.7275	6.39	18.7275	46.845	
9.55e+06	2.09	7.7	20.7275	30.5175	
9.6e+06	10.24	9.11	7.3475	26.6975	
9.65e+06	32.44	21.8875	1.96	56.2875	
9.7e+06	3.34	16.85	20.21	40.4	
9.75e+06	3.16	26.39	13.09	42.64	
9.8e+06	5.84	9.24	26.31	41.39	
9.85e+06	6.4875	4.1475	24.1475	34.7825	
9.9e+06	5.51	8.6875	10.7275	24.925	
9.95e+06	11.99	5.56	8.9875	26.5375	
1e+07	9.7875	4.9875	8.64	23.415	
1.005e+07	6.96	4.11	34.8275	45.8975	
1.01e+07	4.34	11.71	17.16	33.21	
1.015e+07	10.2	21.86	3.2275	35.2875	
1.02e+07	4.29	17.2275	5.21	26.7275	
1.025e+07	7.01	9.26	10.54	26.81	
1.03e+07	2.7275	5.86	26.56	35.1475	
1.035e+07	35.5475	7.0475	11.31	53.905	
1.04e+07	24.4475	7.7475	57.3275	89.5225	
1.045e+07	20.8475	7.0275	2.9475	30.8225	
1.05e+07	18.4275	16.6275	38.49	73.545	
1.055e+07	6.79	17.0475	12.34	36.1775	
1.06e+07	8.4275	7.2475	10.09	25.765	
1.065e+07	5.16	16.46	16.7275	38.3475	
1.07e+07	4.2875	37.85	4.79	46.9275	
1.075e+07	22.1	22.36	4.2475	48.7075	
1.08e+07	7.0275	19.94	28.3875	55.355	
1.085e+07	21.05	5.2475	8.06	34.3575	
1.09e+07	8.6	10.1	6.4475	25.1475	
1.095e+07	5.06	2.71	19.6275	27.3975	
1.1e+07	1.31	3.86	43.55	48.72	
1.105e+07	10.4475	28.8275	26.4275	65.7025	
1.11e+07	5.5475	32.15	13.2475	50.945	
1.115e+07	5.79	9.7475	8.21	23.7475	
1.12e+07	13.9	9.56	45.86	69.32	
1.125e+07	2.66	9.3475	20.6875	32.695	
1.13e+07	3.56	10.31	4.34	18.21	
1.135e+07	23.91	5.36	8.2	37.47	
1.14e+07	9.6275	8.0475	8.8475	26.5225	
1.145e+07	7.75	3.2875	17.55	28.5875	
1.15e+07	12.99	5.21	23.89	42.09	
1.155e+07	22.5875	27.2475	4.66	54.495	
1.16e+07	3.9875	8.39	21.5475	33.925	
1.165e+07	24.5475	18.5275	6.9275	50.0025	
1.17e+07	37.79	9.5475	7.8275	55.165	
1.175e+07	2.64	1.4475	69.7475	73.835	
1.18e+07	16.29	2.46	18.6475	37.3975	
1.185e+07	38.96	7.0275	4.71	50.6975	
1.19e+07	29.06	10.36	3.9475	43.3675	
1.195e+07	23.19	15.6	3.7475	42.5375	
1.2e+07	14.81	3.41	7.7475	25.9675	
1.205e+07	11.2475	8.31	22.86	42.4175	
1.21e+07	3.5	6.34	17.6275	27.4675	
1.215e+07	10.4475	2.49	20.6275	33.565	
1.22e+07	8.2275	85.2275	1.69	95.145	
1.225e+07	6.19	13.2875	18.6	38.0775	
1.23e+07	7.2275	10.1475	31.65	49.025	
1.235e+07	8.01	12.0475	5.3875	25.445	
1.24e+07	7.24	7.34	25.5	40.08	
1.245e+07	20.2475	15.9475	6.41	42.605	
1.25e+07	10.39	13.2475	3.71	27.3475	
1.255e+07	4.91	55.01	4.0275	63.9475	
1.26e+07	5.7475	7.0275	18.16	30.935	
1.265e+07	13.05	43.85	12.89	69.79	
1.27e+07	7.5875	9.59	5.46	22.6375	
1.275e+07	26.71	9.29	5.21	41.21	
1.28e+07	11.4275	4.2875	6.6275	22.3425	
1.285e+07	32.4	7.74	4.11	44.25	
1.29e+07	5.81	3.0275	12.1275	20.965	
1.295e+07	6.9475	17.06	21.69	45.6975	
1.3e+07	11.31	16.0475	6.91	34.2675	
1.305e+07	6.8475	22.1275	16.24	45.215	
1.31e+07	6.2275	4.35	16.34	26.9175	
1.315e+07	4.04	10.4475	15.11	29.5975	
1.32e+07	6.0475	9.0275	10.9275	26.0025	
1.325e+07	3.3475	36.7475	5.41	45.505	
1.33e+07	15.41	15.11	2.6275	33.1475	
1.335e+07	1.94	14.5475	5.5275	22.015	
1.34e+07	13.39	30.6275	17.7275	61.745	
1.345e+07	4.91	4.95	7.8275	17.6875	
1.35e+07	28.2475	27.9275	1.9275	58.1025	
1.355e+07	5.96	27.16	26.34	59.46	
1.36e+07	4.49	16.0875	16.7875	37.365	
1.365e+07	6.11	10.8475	7.65	24.6075	
1.37e+07	6.19	25.26	3.4	34.85	
1.375e+07	28.6475	3.1275	43.34	75.115	
1.38e+07	14.9	19.61	29.3	63.81	
1.385e+07	10.09	26.7875	27.6	64.4775	
1.39e+07	22.5	17.4275	1.76	41.6875	
1.395e+07	13.4275	5.04	2.6475	21.115	
1.4e+07	5.8	14.4475	13.55	33.7975	
1.405e+07	11.6275	13.01	14.16	38.7975	
1.41e+07	7.16	7.5475	10.7475	25.455	
1.415e+07	43.2475	2.8875	17.29	63.425	
1.42e+07	2.79	10.39	10.4475	23.6275	
1.425e+07	20.9475	19.8275	4.54	45.315	
1.43e+07	23.4475	6.9875	38.8475	69.2825	
1.435e+07	3.91	13.6	8.49	26	
1.44e+07	22.0275	19.19	10.5475	51.765	
1.445e+07	12.79	6.0875	22.64	41.5175	
1.45e+07	8.89	7.2475	11.99	28.1275	
1.455e+07	13.54	12.95	14.9475	41.4375	
1.46e+07	52.74	19.54	14.85	87.13	
1.465e+07	21.9275	53.7	8.24	83.8675	
1.47e+07	15.86	20.84	12.16	48.86	
1.475e+07	12.0475	5.4875	4.8875	22.4225	
1.48e+07	5.14	15.9275	7.6475	28.715	
1.485e+07	9.6475	31.1475	4.1475	44.9425	
1.49e+07	11.39	6.5475	25.79	43.7275	
1.495e+07	15.6475	6.8475	24.3275	46.8225	
1.5e+07	16.11	8.7	7.56	32.37	
1.505e+07	6.8275	29.86	7.4275	44.115	
1.51e+07	4.69	41.8475	5.0475	51.585	
1.515e+07	18.7875	22.86	1.9475	43.595	
1.52e+07	15.7275	1.7275	9.14	26.595	
1.525e+07	8.85	5.7275	7.9475	22.525	
1.53e+07	14.44	20.0875	6.61	41.1375	
1.535e+07	24.2875	8.6275	3.06	35.975	
1.54e+07	2.95	34.3875	4.1275	41.465	
1.545e+07	4.75	20.0475	11.8475	36.645	
1.55e+07	10.3875	9.9	40.49	60.7775	
1.555e+07	12.9275	6.6275	12.3275	31.8825	
1.56e+07	21.41	12.09	11.61	45.11	
1.565e+07	4.71	18.7475	17.5475	41.005	
1.57e+07	2.1275	27.9875	5.24	35.355	
1.575e+07	17.2475	1.7475	4.3475	23.3425	
1.58e+07	3.2275	24.1275	15.51	42.865	
1.585e+07	7.64	3.5475	8.0475	19.235	
1.59e+07	18.39	5.3475	6.6475	30.385	
1.595e+07	5.46	14.6875	25.64	45.7875	
1.6e+07	12.4275	28.5875	4.6475	45.6625	
1.605e+07	21.81	18.1875	9.54	49.5375	
1.61e+07	13.41	38.7275	8.35	60.4875	
1.615e+07	5.05	28.89	29.7875	63.7275	
1.62e+07	4.6275	6.04	21	31.6675	
1.625e+07	20.79	2.56	24.06	47.41	
1.63e+07	8.56	4.2	29.4275	42.1875	
1.635e+07	41.9475	17.2275	3.9275	63.1025	
1.64e+07	15.2475	5.1275	3.2875	23.6625	
1.645e+07	30.46	1.81	7.26	39.53	
1.65e+07	2.44	32.4	19.7475	54.5875	
1.655e+07	9.6875	9.2275	29.7275	48.6425	
1.66e+07	3.9	19.9475	9.99	33.8375	
1.665e+07	12.76	4.6475	40.59	57.9975	
1.67e+07	11.29	5.11	8.31	24.71	
1.675e+07	10.6275	10.86	6.21	27.6975	
1.68e+07	9.59	5.56	3.01	18.16	
1.685e+07	16.5475	3.44	6.7475	26.735	
1.69e+07	5.51	32.4275	4.29	42.2275	
1.695e+07	5.2275	12.24	33.9475	51.415	
1.7e+07	12.9275	5.14	19.06	37.1275	
1.705e+07	8.65	5.81	14.16	28.62	
1.71e+07	24.76	6.5	5.1275	36.3875	
1.715e+07	3.41	15.44	24.7	43.55	
1.72e+07	3.1275	2.3475	45.8875	51.3625	
1.725e+07	68.06	9.16	3.1875	80.4075	
1.73e+07	7.5475	7.71	9.1275	24.385	
1.735e+07	6.11	11.84	25.84	43.79	
1.74e+07	7.9	11.2475	17.1475	36.295	
1.745e+07	5.1275	6.81	8.0475	19.985	
1.75e+07	33.7275	3.4475	35.1475	72.3225	
1.755e+07	23.76	19.3275	4.04	47.1275	
1.76e+07	11.56	17.49	6.31	35.36	
1.765e+07	9.6	20.05	10.3875	40.0375	
1.77e+07	15.6475	7.7275	32.66	56.035	
1.775e+07	8.1475	23.66	29.8475	61.655	
1.78e+07	11.69	14.21	19.5475	45.4475	
1.785e+07	47.2275	4.85	3.79	55.8675	
1.79e+07	5.69	6.5275	22.5275	34.745	
1.795e+07	2.46	3.55	14.8875	20.8975	
1.8e+07	18.25	10.2475	5.1475	33.645	
1.805e+07	11.5275	24.5275	14.5275	50.5825	
1.81e+07	5.81	10.91	4	20.72	
1.815e+07	9.16	5.5875	11.69	26.4375	
1.82e+07	13.3475	13.1875	16.2875	42.8225	
1.825e+07	11.46	6.39	5.6275	23.4775	
1.83e+07	6.8475	9.4875	4.4275	20.7625	
1.835e+07	4.5875	4.04	56.3475	64.975	
1.84e+07	5.3475	18.3275	5.0475	28.7225	
1.845e+07	18.95	21.5275	7.9475	48.425	
1.85e+07	30.3475	43.16	3.3475	76.855	
1.855e+07	18.19	3.5275	14.25	35.9675	
1.86e+07	12.84	21.4275	10.31	44.5775	
1.865e+07	6.06	4.7275	14.51	25.2975	
1.87e+07	3.69	11.76	25.94	41.39	
1.875e+07	4.34	7.5275	24.76	36.6275	
1.88e+07	10.45	12.9275	3.46	26.8375	
1.885e+07	8.8275	7.61	8.45	24.8875	
1.89e+07	20.7275	3.1275	5.79	29.645	
1.895e+07	10	9.16	2.4475	21.6075	
1.9e+07	34.9275	8.69	6.15	49.7675	
1.905e+07	6.9275	42.61	3.16	52.6975	
1.91e+07	4.01	7.49	12.2875	23.7875	
1.915e+07	69.79	2.15	6.54	78.48	
1.92e+07	5.79	12.7275	32.0475	50.565	
1.925e+07	9.85	23.25	38.34	71.44	
1.93e+07	15.0275	20.0475	5.6275	40.7025	
1.935e+07	4.39	21.4475	17.65	43.4875	
1.94e+07	5.3275	30.7475	17.8475	53.9225	
1.945e+07	14.6475	22.96	6.5475	44.155	
1.95e+07	20.85	4.4275	19.31	44.5875	
1.955e+07	10.7	11.8475	7.46	30.0075	
1.96e+07	17.7275	5.04	6.14	28.9075	
1.965e+07	3.9475	14.8275	8.3275	27.1025	
1.97e+07	12.4475	11.26	13.71	37.4175	
1.975e+07	6.89	18.59	13.85	39.33	
1.98e+07	7.7275	6.29	4.4475	18.465	
1.985e+07	31.8275	4.0275	13.94	49.795	
1.99e+07	3.44	23.2475	3.9475	30.635	
1.995e+07	17.15	18.54	4.59	40.28	
2e+07	22.01	4.3275	7.85	34.1875	
2.005e+07	9.3275	57.79	6.95	74.0675	
2.01e+07	20.25	4.8275	10.2875	35.365	
2.015e+07	57.4475	3.3275	8.79	69.565	
2.02e+07	26.56	2.4475	50.1875	79.195	
2.025e+07	22.66	10.5	11.64	44.8	
2.03e+07	15.3475	8.9475	13.85	38.145	
2.035e+07	10.26	4.8275	5.3275	20.415	
2.04e+07	3.89	4.0475	22.3875	30.325	
2.045e+07	2.7875	16.84	30.9475	50.575	
2.05e+07	35.3875	18.3275	6.49	60.205	
2.055e+07	12.0475	12.0875	6.9475	31.0825	
2.06e+07	35.61	11.44	3.74	50.79	
2.065e+07	25.3275	2.4475	13.34	41.115	
2.07e+07	33.2275	3.6475	22.96	59.835	
2.075e+07	17.81	10.8475	2.8475	31.505	
2.08e+07	6.86	43.1475	14.16	64.1675	
2.085e+07	17.5275	3.85	16.6	37.9775	
2.09e+07	5.6475	3.14	36.7875	45.575	
2.095e+07	11.74	3.11	5.7275	20.5775	
2.1e+07	58.26	2.3875	63.14	123.787	
2.105e+07	22.75	14.0475	11.5875	48.385	
2.11e+07	6.26	7.4275	9.34	23.0275	
2.115e+07	6.79	9.5275	10.8	27.1175	
2.12e+07	3.2875	13.8475	34.3275	51.4625	
2.125e+07	2.96	2	24.1875	29.1475	
2.13e+07	3.75	30.2475	7.8	41.7975	
2.135e+07	36.7275	11.9475	17.2275	65.9025	
2.14e+07	2.8	15.34	10.4275	28.5675	
2.145e+07	29.84	14.76	8.61	53.21	
2.15e+07	69.2475	5.94	4.3275	79.515	
2.155e+07	7.41	9.11	59.66	76.18	
2.16e+07	8.7275	29.6275	19.36	57.715	
2.165e+07	3.3475	15.61	17.56	36.5175	
2.17e+07	37.14	6.69	7.11	50.94	
2.175e+07	10.3275	5.2875	4.7475	20.3625	
2.18e+07	27.34	24.34	5.7275	57.4075	
2.185e+07	27.35	6.3	8.5	42.15	
2.19e+07	6.45	5.61	20.1475	32.2075	
2.195e+07	6.31	12.6275	24.4	43.3375	
2.2e+07	8.4475	12.51	11.8475	32.805	
2.205e+07	7.14	6.6875	38.0875	51.915	
2.21e+07	16.5	6.86	7.99	31.35	
2.215e+07	3.6475	19.7875	2.8275	26.2625	
2.22e+07	7.75	8.3275	13.31	29.3875	
2.225e+07	17.4475	13.1275	2.8275	33.4025	
2.23e+07	14.9475	18.56	13.0475	46.555	
2.235e+07	4.1275	8.35	17.35	29.8275	
2.24e+07	22.4275	8.6475	16.0275	47.1025	
2.245e+07	2.94	17.4275	41.5	61.8675	
2.25e+07	14.4275	38.21	18.3	70.9375	
2.255e+07	23.4275	7.81	2.3275	33.565	
2.26e+07	4.51	43.4475	7.5875	55.545	
2.265e+07	4.36	8.9475	18.19	31.4975	
2.27e+07	6.54	20.59	7.1475	34.2775	
2.275e+07	5.8275	11.84	13.9475	31.615	
2.28e+07	5.7475	23.7475	20.46	49.955	
2.285e+07	8.7475	3.7275	4.7475	17.2225	
2.29e+07	52.49	13.26	9.1475	74.8975	
2.295e+07	10.04	25.9475	14.35	50.3375	
2.3e+07	36.3275	4.2275	10.7475	51.3025	
2.305e+07	18.69	4.4475	5.6275	28.765	
2.31e+07	5.6275	7.4275	28.89	41.945	
2.315e+07	8.51	15.7475	10.0875	34.345	
2.32e+07	16.54	5.1275	18.2875	39.955	
2.325e+07	4.21	8.1475	37.3475	49.705	
2.33e+07	24.1275	6.7275	13.81	44.665	
2.335e+07	3.5275	3.34	21.0475	27.915	
2.34e+07	5.4275	13.7475	25.14	44.315	
2.345e+07	23.6275	8.6475	18.4875	50.7625	
2.35e+07	20.49	10.8875	7.19	38.5675	
2.355e+07	24.1275	7.5275	4.1275	35.7825	
2.36e+07	2.6875	16.74	4.4475	23.875	
2.365e+07	9.51	13.9875	12.4275	35.925	
2.37e+07	7.29	25.3275	6.2275	38.845	
2.375e+07	30.2475	20.06	11.1275	61.435	
2.38e+07	5.6475	18.7475	6.51	30.905	
2.385e+07	11.16	11.4475	6.56	29.1675	
2.39e+07	18.56	9.85	18	46.41	
2.395e+07	3.64	9.31	44.1275	57.0775	
2.4e+07	20.71	2.1275	16.7475	39.585	
2.405e+07	29.3475	14	37.1875	80.535	
2.41e+07	49.5875	16.71	9.84	76.1375	
2.415e+07	6.66	11.54	2.45	20.65	
2.42e+07	31.7875	4.91	11.19	47.8875	
2.425e+07	15.51	5.66	26.34	47.51	
2.43e+07	13.0275	10.9475	4.9275	28.9025	
2.435e+07	13.96	8.9875	7.26	30.2075	
2.44e+07	9.99	2.7275	9.1	21.8175	
2.445e+07	20.5275	15.6475	6.56	42.735	
2.45e+07	4.4275	34.01	12.8475	51.285	
2.455e+07	9.1475	7.4875	33.7875	50.4225	
2.46e+07	6.3275	4.0275	10.2	20.555	
2.465e+07	7.5475	24.86	4.4475	36.855	
2.47e+07	4.14	16.05	5.5	25.69	
2.475e+07	5.5	12.51	16.5	34.51	
2.48e+07	12.2275	3.24	24.0275	39.495	
2.485e+07	18.3275	38.56	5.56	62.4475	
2.49e+07	1.45	55.41	11	67.86	
2.495e+07	8.8275	7.2275	7.7	23.755	
2.5e+07	9.66	4.44	10.61	24.71	
2.505e+07	7.56	7.5	12.7275	27.7875	
2.51e+07	3.94	21.46	33.09	58.49	
2.515e+07	5.4275	5.11	49.64	60.1775	
2.52e+07	19.54	3.1275	15.06	37.7275	
2.525e+07	5.2275	19.9275	9.76	34.915	
2.53e+07	6.36	28.7275	4.9	39.9875	
2.535e+07	4.2	13.91	32.2475	50.3575	
2.54e+07	3.2475	6.9475	16.7875	26.9825	
2.545e+07	6.14	15.89	54.3475	76.3775	
2.55e+07	6.99	4.99	13.5475	25.5275	
2.555e+07	8.7875	33.01	8.2275	50.025	
2.56e+07	3.61	8.7875	39.4275	51.825	
2.565e+07	4.7275	18.3275	5.3875	28.4425	
2.57e+07	51.1275	8.9475	1.85	61.925	
2.575e+07	4.2	12.6275	16.31	33.1375	
2.58e+07	21.8275	7.36	11.56	40.7475	
2.585e+07	1.61	9.8275	31.51	42.9475	
2.59e+07	5.7475	20.5875	5.6275	31.9625	
2.595e+07	1.4475	22.4475	9.6275	33.5225	
2.6e+07	3.7875	19.0475	5.9875	28.8225	
2.605e+07	2.6275	17.7275	9.3875	29.7425	
2.61e+07	16.84	3.2475	17.81	37.8975	
2.615e+07	12.1	51.65	8.6	72.35	
2.62e+07	7.01	11.36	2.59	20.96	
2.625e+07	8.3275	8.86	6.49	23.6775	
2.63e+07	6.14	4.1275	13.86	24.1275	
2.635e+07	20.8275	14.09	3.0475	37.965	
2.64e+07	54.31	6.81	20.39	81.51	
2.645e+07	38.15	2.7	5.36	46.21	
2.65e+07	15.8275	33.6275	7.3475	56.8025	
2.655e+07	2.66	13.21	22.0875	37.9575	
2.66e+07	19.29	10.31	3.2475	32.8475	
2.665e+07	17.9275	6.6275	27.9875	52.5425	
2.67e+07	1.71	11.5275	28.76	41.9975	
2.675e+07	1.6875	20.91	22.95	45.5475	
2.68e+07	12.7	11.51	24.9475	49.1575	
2.685e+07	5.99	4.8475	17.56	28.3975	
2.69e+07	46.1	5.29	6.4275	57.8175	
2.695e+07	4.3275	12.4	41.84	58.5675	
2.7e+07	12.06	8.6275	7.2475	27.935	
2.705e+07	8.65	6.36	7.3475	22.3575	
2.71e+07	14.2275	10.49	25.0875	49.805	
2.715e+07	3.8875	6.5	17.7875	28.175	
2.72e+07	20.7875	9.66	7.54	37.9875	
2.725e+07	22.2475	15.26	9.96	47.4675	
2.73e+07	26.0275	3.24	21.4875	50.755	
2.735e+07	18.14	14.16	17.8	50.1	
2.74e+07	28.56	19.39	6.0275	53.9775	
2.745e+07	6.59	27.5275	41.09	75.2075	
2.75e+07	28.14	17.1475	5.55	50.8375	
2.755e+07	31.2475	10.5475	2.06	43.855	
2.76e+07	47.2875	8.8275	1.65	57.765	
2.765e+07	9.1875	23.9475	5.8275	38.9625	
2.77e+07	22.4275	4.2275	9.7275	36.3825	
2.775e+07	9.76	13.29	46.2275	69.2775	
2.78e+07	6.0275	3.85	14.44	24.3175	
2.785e+07	12.11	9.36	26.76	48.23	
2.79e+07	10.6275	27.3475	48.66	86.635	
2.795e+07	11.3875	41.7275	4.8275	57.9425	
2.8e+07	5.14	12.89	18.8875	36.9175	
2.805e+07	45.01	4.2475	26.4275	75.685	
2.81e+07	2.9875	30.04	13.4875	46.515	
2.815e+07	16.36	38.0475	8.59	62.9975	
2.82e+07	3.31	3.6275	62.69	69.6275	
2.825e+07	18.34	15.8	9.8275	43.9675	
2.83e+07	16.0275	8.94	14.34	39.3075	
2.835e+07	7.5875	5.84	4.49	17.9175	
2.84e+07	12.26	7.2275	11.1475	30.635	
2.845e+07	30.4875	45.54	13.7275	89.755	
2.85e+07	35.6475	7.9275	2.3475	45.9225	
2.855e+07	7.86	6.3275	7.04	21.2275	
2.86e+07	19.39	4.3275	13.01	36.7275	
2.865e+07	34.36	2.4275	6.7275	43.515	
2.87e+07	6.66	23.76	9.9475	40.3675	
2.875e+07	8.4275	6.3475	8.7875	23.5625	
2.88e+07	20.35	6.0875	2.55	28.9875	
2.885e+07	4.94	10.0275	7.09	22.0575	
2.89e+07	20.16	6.7275	4.7275	31.615	
2.895e+07	4.1275	8.0275	20.11	32.265	
2.9e+07	17.1475	12.7475	9.91	39.805	
2.905e+07	9.3275	57.31	6.0875	72.725	
2.91e+07	23.6275	6.3275	17.8875	47.8425	
2.915e+07	39.24	6.6	6.74	52.58	
2.92e+07	9.44	21.8275	2.1275	33.395	
2.925e+07	11.2475	18.3475	3.9275	33.5225	
2.93e+07	3.9475	4.9475	4.04	12.935	
2.935e+07	10.4	7.34	2.79	20.53	
2.94e+07	7.3875	24.04	7.15	38.5775	
2.945e+07	22.7275	6.9475	2.49	32.165	
2.95e+07	22.09	16.45	5.04	43.58	
2.955e+07	10.75	3.96	31.41	46.12	
2.96e+07	7.34	4.59	19	30.93	
2.965e+07	36.74	9.4275	10.54	56.7075	
2.97e+07	13.5275	6.8275	5.9275	26.2825	
2.975e+07	6.4	18.2475	12.91	37.5575	
2.98e+07	10.99	3.84	8.7	23.53	
2.985e+07	13.06	18.5275	9.95	41.5375	
2.99e+07	7.74	41.24	11.96	60.94	
2.995e+07	9.9475	4.69	9.8275	24.465	
3e+07	10.6275	23.4475	11.3475	45.4225	
3.005e+07	3.3275	18.3875	11.6275	33.3425	
3.01e+07	8.71	10.31	10.21	29.23	
3.015e+07	3.3275	13.7875	9.5475	26.6625	
3.02e+07	15.41	15.8475	10.54	41.7975	
3.025e+07	7.2	7.21	3.6275	18.0375	
3.03e+07	7.11	43.8475	49.0275	99.985	
3.035e+07	18.6875	16.24	3.26	38.1875	
3.04e+07	3.0475	29.71	2.7	35.4575	
3.045e+07	24.5275	3.0475	21.7	49.275	
3.05e+07	4.54	5.3275	25.01	34.8775	
3.055e+07	9.79	13.59	20.96	44.34	
3.06e+07	12.0875	30.9275	3.35	46.365	
3.065e+07	3.7875	4.8275	22.69	31.305	
3.07e+07	17.29	7.1475	9.15	33.5875	
3.075e+07	16.5275	10.0475	5.0475	31.6225	
3.08e+07	10.0475	12.4875	7.7	30.235	
3.085e+07	14.1275	8.5475	5.3475	28.0225	
3.09e+07	19.31	5.45	13.9475	38.7075	
3.095e+07	9.7475	34.5475	6.21	50.505	
3.1e+07	11.6275	31.31	4.66	47.5975	
3.105e+07	4.3875	13.0275	17.91	35.325	
3.11e+07	25.09	20.0875	5.51	50.6875	
3.115e+07	12.84	6.4275	4.15	23.4175	
3.12e+07	5.0275	26.7475	10.91	42.685	
3.125e+07	21.9275	6.45	4.6275	33.005	
3.13e+07	11.4275	13.4275	13.55	38.405	
3.135e+07	28.1875	11.51	28.6275	68.325	
3.14e+07	4.4475	9.0275	7.29	20.765	
3.145e+07	4.1475	40.76	15.4875	60.395	
3.15e+07	11.1475	12.76	23.59	47.4975	
3.155e+07	3.66	7.19	28.06	38.91	
3.16e+07	6.2875	20.7475	5.4275	32.4625	
3.165e+07	5.5275	20.24	4.8475	30.615	
3.17e+07	14.79	7.91	14.95	37.65	
3.175e+07	4.6475	39.9275	10.29	54.865	
3.18e+07	17.4475	40.21	1.94	59.5975	
3.185e+07	29.41	39.5275	11.55	80.4875	
3.19e+07	4.3	12.3275	3.44	20.0675	
3.195e+07	34.9	18.0475	14.2475	67.195	
3.2e+07	10.4275	10.2275	17.3275	37.9825	
3.205e+07	6.4475	8.5875	19.16	34.195	
3.21e+07	8.2875	6.0475	8.64	22.975	
3.215e+07	26.26	8.2275	8.6475	43.135	
3.22e+07	14.1275	3.79	4.05	21.9675	
3.225e+07	27.6875	25.64	28.21	81.5375	
3.23e+07	6.9275	10.84	47.7475	65.515	
3.235e+07	5.3475	13.71	6.5875	25.645	
3.24e+07	10.36	14.8275	18.5275	43.715	
3.245e+07	5.01	9.39	16.9475	31.3475	
3.25e+07	17.5875	7.3475	16.4475	41.3825	
3.255e+07	11.1475	14.75	15.7275	41.625	
3.26e+07	6.35	15.7475	11.81	33.9075	
3.265e+07	4.6275	5.5275	6.9275	17.0825	
3.27e+07	8.61	13.6475	14.8275	37.085	
3.275e+07	28.8475	8.5275	20.96	58.335	
3.28e+07	27.3475	36.7475	16.0475	80.1425	
3.285e+07	29.5275	5.39	12.44	47.3575	
3.29e+07	35.3275	43.24	5.3475	83.915	
3.295e+07	13.99	14.11	20.99	49.09	
3.3e+07	2.16	28.1475	36.55	66.8575	
3.305e+07	12.9275	33.3475	12.2475	58.5225	
3.31e+07	13.41	4.4475	6.86	24.7175	
3.315e+07	15.84	6.64	7.06	29.54	
3.32e+07	7.89	9.9475	3.51	21.3475	
3.325e+07	34.24	16.51	8.2875	59.0375	
3.33e+07	13.4	12.0475	16.3	41.7475	
3.335e+07	5.7275	55.0275	9.0475	69.8025	
3.34e+07	20.04	5.26	6.84	32.14	
3.345e+07	8.6	13.19	3.0875	24.8775	
3.35e+07	38.94	5.59	23.9475	68.4775	
3.355e+07	7.19	5.6475	8.34	21.1775	
3.36e+07	25.7475	42.4	30.4475	98.595	
3.365e+07	42.51	4.4275	4.6	51.5375	
3.37e+07	3.54	3.7875	22.79	30.1175	
3.375e+07	17.7875	20.8	11.79	50.3775	
3.38e+07	7.51	1.64	37.04	46.19	
3.385e+07	3.2275	36.26	16.5475	56.035	
3.39e+07	11.56	17.35	7.7875	36.6975	
3.395e+07	16.3275	18.1275	6.9	41.355	
3.4e+07	60.54	20.51	18.26	99.31	
3.405e+07	24.4475	5.71	2.91	33.0675	
3.41e+07	6.24	46.1275	4.14	56.5075	
3.415e+07	7.5275	17.25	4.8	29.5775	
3.42e+07	28.3275	16.6275	4.6875	49.6425	
3.425e+07	2.81	20.1475	22.7875	45.745	
3.43e+07	42.1475	4.34	7.91	54.3975	
3.435e+07	10.4875	11.39	2.36	24.2375	
3.44e+07	15.1875	5.91	28.89	49.9875	
3.445e+07	21.9875	17.26	4.3275	43.575	
3.45e+07	21.46	8.2275	7.6275	37.315	
3.455e+07	13.89	11.8475	21.5275	47.265	
3.46e+07	14.4875	24.41	3.8875	42.785	
3.465e+07	18.1275	9.44	6.9875	34.555	
3.47e+07	14.94	34.0275	12.3475	61.315	
3.475e+07	15.36	15.3275	25.04	55.7275	
3.48e+07	13.1275	14.5275	5.1275	32.7825	
3.485e+07	5.89	15.36	11.5875	32.8375	
3.49e+07	37.9475	11.1275	9.9875	59.0625	
3.495e+07	6.89	44.4275	3.3275	54.645	
3.5e+07	2.9	39.69	15.9	58.49	
3.505e+07	3.8875	13.8275	13.94	31.655	
3.51e+07	11.7275	3.06	9.76	24.5475	
3.515e+07	25.94	3.9275	13.0275	42.895	
3.52e+07	3.69	17.8275	2.9875	24.505	
3.525e+07	18.6275	11.06	6.14	35.8275	
3.53e+07	6.0475	31.1	5.7875	42.935	
3.535e+07	3.69	8.51	12.21	24.41	
3.54e+07	19.06	5.26	22.05	46.37	
3.545e+07	25.19	4.6875	4.0275	33.905	
3.55e+07	24.4475	3.29	14.7475	42.485	
3.555e+07	44.7	10.9475	7.1475	62.795	
3.56e+07	10.5275	12.34	4.8	27.6675	
3.565e+07	20.54	20.64	4.09	45.27	
3.57e+07	14.8875	15.54	14.4875	44.915	
3.575e+07	16.1475	18.26	8.76	43.1675	
3.58e+07	12.1475	3.86	14.44	30.4475	
3.585e+07	30.8275	8.0275	18.66	57.515	
3.59e+07	14.86	25.74	10.5475	51.1475	
3.595e+07	8.76	19.59	6.6475	34.9975	
3.6e+07	5.5475	40.4475	23.0475	69.0425	
3.605e+07	5.0275	38.6275	6.34	49.995	
3.61e+07	8.3475	4.4875	4.8275	17.6625	
3.615e+07	14.06	22.2275	6.54	42.8275	
3.62e+07	12.4475	2.2	39.4275	54.075	
3.625e+07	6.5275	3.91	13.85	24.2875	
3.63e+07	4.5875	2.9875	30.7475	38.3225	
3.635e+07	4.51	4.8875	18.2475	27.645	
3.64e+07	24.7475	4.45	3.6	32.7975	
3.645e+07	29.89	4.41	16.0275	50.3275	
3.65e+07	5.2275	8.99	5.16	19.3775	
3.655e+07	23.16	4.4	6.31	33.87	
3.66e+07	16.0275	10.16	9.7875	35.975	
3.665e+07	34.4275	15.09	11.31	60.8275	
3.67e+07	12.3475	5.21	15.51	33.0675	
3.675e+07	12.3	31.74	10.9275	54.9675	
3.68e+07	6.1475	2.8475	35.5475	44.5425	
3.685e+07	19.0275	3.3475	11.5275	33.9025	
3.69e+07	3.2475	16.6	21.26	41.1075	
3.695e+07	11.3275	1.99	21.76	35.0775	
3.7e+07	3.5275	9.0475	9.05	21.625	
3.705e+07	34.81	16.69	6.4875	57.9875	
3.71e+07	7.94	12.3475	8.44	28.7275	
3.715e+07	38.86	10.0875	3.4875	52.435	
3.72e+07	15.0275	4.19	2.0475	21.265	
3.725e+07	12.16	11.7875	37.9	61.8475	
3.73e+07	16.5475	2.16	29.0475	47.755	
3.735e+07	26.71	2.31	8.5475	37.5675	
3.74e+07	5.1275	13.1475	18.0275	36.3025	
3.745e+07	9.06	26.31	51.7875	87.1575	
3.75e+07	30.89	12.84	3.6275	47.3575	
3.755e+07	11.6275	4.34	6.05	22.0175	
3.76e+07	5.4475	9.8275	28.79	44.065	
3.765e+07	5	20.7275	2.31	28.0375	
3.77e+07	30.0275	2.86	30.0475	62.935	
3.775e+07	21.29	11.79	24.8475	57.9275	
3.78e+07	3.4475	7.0475	23.2275	33.7225	
3.785e+07	9.5475	10.29	4.7	24.5375	
3.79e+07	6.46	4.6275	21.3	32.3875	
3.795e+07	54.4475	13.01	20.4275	87.885	
3.8e+07	27.91	6.3275	11.7475	45.985	
3.805e+07	4.1275	10.01	15.6275	29.765	
3.81e+07	5.4	30.1275	9.31	44.8375	
3.815e+07	6.44	44.81	8.3475	59.5975	
3.82e+07	6.99	22.1475	3.9275	33.065	
3.825e+07	13.6275	5.14	5.2275	23.995	
3.83e+07	5.4875	5.1275	25.56	36.175	
3.835e+07	20.8475	6.8875	17.1275	44.8625	
3.84e+07	6.1875	31.6275	10.8475	48.6625	
3.845e+07	45.91	4.31	14.0475	64.2675	
3.85e+07	4.51	6.8475	61.89	73.2475	
3.855e+07	1.91	12.84	10.56	25.31	
3.86e+07	1.91	20.8275	3.64	26.3775	
3.865e+07	3.19	6.14	21.71	31.04	
3.87e+07	5.39	52.0875	23.8875	81.365	
3.875e+07	4.49	16.96	27.24	48.69	
3.88e+07	6.4275	30.8275	9.69	46.945	
3.885e+07	15.1475	3.2475	32.1275	50.5225	
3.89e+07	23.75	12.3275	6.49	42.5675	
3.895e+07	7.6275	4.76	10.7275	23.115	
3.9e+07	36.66	10.19	6.31	53.16	
3.905e+07	12.34	6.09	5.59	24.02	
3.91e+07	19.51	7.6275	20.3475	47.485	
3.915e+07	12.6	2.1875	42.4475	57.235	
3.92e+07	16.8	12.26	12.8275	41.8875	
3.925e+07	14.6275	8.1	22.2275	44.955	
3.93e+07	10.7475	5.5275	5.2875	21.5625	
3.935e+07	7.8875	10.7	15.84	34.4275	
3.94e+07	6.49	12.6	24.6275	43.7175	
3.945e+07	4.39	11.5275	8.2475	24.165	
3.95e+07	3.8475	6.95	21.69	32.4875	
3.955e+07	36.5275	9.91	26.5875	73.025	
3.96e+07	7.7475	35.1475	3.61	46.505	
3.965e+07	9.69	19.14	16.6475	45.4775	
3.97e+07	6.41	19.84	16.2875	42.5375	
3.975e+07	36.24	2.31	2.69	41.24	
3.98e+07	5.5475	7.6475	10.99	24.185	
3.985e+07	4.5475	14.8275	9.6475	29.0225	
3.99e+07	18.84	14.69	8.59	42.12	
3.995e+07	7.14	21.29	18.96	47.39	
4e+07	5.54	5.5475	10.55	21.6375	
4.005e+07	21.3475	4.9275	6.41	32.685	
4.01e+07	12.1	25.4275	2.35	39.8775	
4.015e+07	8.5275	16.9475	8.4275	33.9025	
4.02e+07	7.1875	8.44	6.09	21.7175	
4.025e+07	14.5475	61.8	2.54	78.8875	
4.03e+07	4.69	10.76	13.9275	29.3775	
4.035e+07	7.14	17.9875	9.3875	34.515	
4.04e+07	13.74	8.2275	21.6475	43.615	
4.045e+07	2.46	10.44	16.3475	29.2475	
4.05e+07	14.36	16.2	3.44	34	
4.055e+07	4.7475	12.51	24.0875	41.345	
4.06e+07	9.66	10.1475	50.4	70.2075	
4.065e+07	15.6275	13.0875	17.19	45.905	
4.07e+07	11.26	4.0875	27.1875	42.535	
4.075e+07	3.69	8.44	17.5275	29.6575	
4.08e+07	26.0475	8.84	17.6475	52.535	
4.085e+07	16.2475	3.61	19.66	39.5175	
4.09e+07	7.24	5.46	10.5475	23.2475	
4.095e+07	18.6475	5.64	12.36	36.6475	
4.1e+07	1.6275	32.94	6.81	41.3775	
4.105e+07	4.1875	3.9475	31.86	39.995	
4.11e+07	10.1275	21.0275	12.9275	44.0825	
4.115e+07	26.4475	22.7275	3.71	52.885	
4.12e+07	13.1475	9.65	2.36	25.1575	
4.125e+07	15.26	20.86	12.6275	48.7475	
4.13e+07	11.2875	20.04	5.5275	36.855	
4.135e+07	7.5475	30.1475	7.7875	45.4825	
4.14e+07	7.25	19.1275	16.7	43.0775	
4.145e+07	16.04	2.5875	31.0475	49.675	
4.15e+07	22.64	6.84	11.5275	41.0075	
4.155e+07	6.0875	25.5275	4.26	35.875	
4.16e+07	11.4	3.7	4.4875	19.5875	
4.165e+07	11.7275	9.7275	19.94	41.395	
4.17e+07	8.71	13.2275	12.39	34.3275	
4.175e+07	13.51	3.96	10.0475	27.5175	
4.18e+07	24.8875	7.2	3.7475	35.835	
4.185e+07	11.2275	4.66	32.89	48.7775	
4.19e+07	14.01	15.45	3.6875	33.1475	
4.195e+07	9.4275	8.91	7.19	25.5275	
4.2e+07	53.36	15.09	9.16	77.61	
4.205e+07	8.49	11.04	4.8475	24.3775	
4.21e+07	8.2475	10.9275	5.9275	25.1025	
4.215e+07	17.2	11.4475	3.8875	32.535	
4.22e+07	1.94	4.7475	69.1875	75.875	
4.225e+07	13.4475	6.9	24.84	45.1875	
4.23e+07	2.8275	15.56	7.84	26.2275	
4.235e+07	22.9475	5.36	10.4275	38.735	
4.24e+07	4.29	20.3475	1.26	25.8975	
4.245e+07	11.6275	26.0875	7.2275	44.9425	
4.25e+07	35.99	4.95	11.3875	52.3275	
4.255e+07	5.36	9.74	19.8475	34.9475	
4.26e+07	13.91	4.39	15.0475	33.3475	
4.265e+07	5.8475	11.7475	21.2475	38.8425	
4.27e+07	11.2875	12.14	17.5475	40.975	
4.275e+07	12.71	25.81	14.8475	53.3675	
4.28e+07	38.1275	15.9275	9.2	63.255	
4.285e+07	11.35	24.9875	6.91	43.2475	
4.29e+07	12	3.74	41.74	57.48	
4.295e+07	10.9475	9.11	9.0475	29.105	
4.3e+07	18.91	7.31	6.6275	32.8475	
4.305e+07	3.4875	6.84	33.29	43.6175	
4.31e+07	7.6275	13.66	20.81	42.0975	
4.315e+07	6.0475	22.6	3.94	32.5875	
4.32e+07	6.34	17.4275	5.65	29.4175	
4.325e+07	17.9	4.1475	32.6875	54.735	
4.33e+07	4.6475	16.3275	11.54	32.515	
4.335e+07	22.8475	2.46	12.7275	38.035	
4.34e+07	37.3	3.5475	5.2475	46.095	
4.345e+07	10.84	12.66	5.29	28.79	
4.35e+07	14.2475	10.86	11.7275	36.835	
4.355e+07	8.0275	43.2275	7.0275	58.2825	
4.36e+07	2.6475	14.84	6.8475	24.335	
4.365e+07	20.8	24.44	12.45	57.69	
4.37e+07	6.41	6.6275	15.9875	29.025	
4.375e+07	13.39	18.0475	5.69	37.1275	
4.38e+07	7.71	35.4275	29.5875	72.725	
4.385e+07	5.34	13.7	7.2875	26.3275	
4.39e+07	14.84	18.5475	4.61	37.9975	
4.395e+07	17.19	8.3475	12.7275	38.265	
4.4e+07	7.59	5.7875	13.1275	26.505	
4.405e+07	11.74	20.3475	1.79	33.8775	
4.41e+07	10.9275	8.6875	6.3475	25.9625	
4.415e+07	10.3875	18.71	17.04	46.1375	
4.42e+07	3.8875	16.4275	26.1475	46.4625	
4.425e+07	7.7875	9.46	3.99	21.2375	
4.43e+07	6.0875	19.99	18.9475	45.025	
4.435e+07	6.61	12.34	5.01	23.96	
4.44e+07	11.46	9.3875	11.19	32.0375	
4.445e+07	9.9275	4.6275	8.3475	22.9025	
4.45e+07	4.9475	5.94	25.76	36.6475	
4.455e+07	17.9475	10.31	5.51	33.7675	
4.46e+07	1.99	9.0275	11.41	22.4275	
4.465e+07	15.4475	21.79	2.4875	39.725	
4.47e+07	10.24	15.6475	5.5	31.3875	
4.475e+07	3.4475	5.8475	19	28.295	
4.48e+07	7.9475	31.21	15.7275	54.885	
4.485e+07	4.41	4.1475	14.9875	23.545	
4.49e+07	12.5475	6.2475	14.19	32.985	
4.495e+07	12.4275	15.5875	4.81	32.825	
4.5e+07	21.01	10.8475	20.55	52.4075	
4.505e+07	28.7475	11.9275	3.71	44.385	
4.51e+07	12.8275	6.74	5.19	24.7575	
4.515e+07	3.71	30.4275	37.2275	71.365	
4.52e+07	13.45	9.1875	20.1275	42.765	
4.525e+07	8.2875	40.4475	5.04	53.775	
4.53e+07	7.45	4.4475	36.46	48.3575	
4.535e+07	12.6875	18.8	6.0875	37.575	
4.54e+07	30.6275	10.4875	6.1875	47.3025	
4.545e+07	1.9275	5.9875	56.7275	64.6425	
4.55e+07	4.8875	5.5	10.8875	21.275	
4.555e+07	9.0275	42.66	2.11	53.7975	
4.56e+07	4.96	4.29	38.06	47.31	
4.565e+07	4.2475	5.06	14.69	23.9975	
4.57e+07	8.9475	18.65	6.06	33.6575	
4.575e+07	34.9475	15.49	5.3475	55.785	
4.58e+07	28.5275	25.91	3.94	58.3775	
4.585e+07	18.5275	1.3475	20.06	39.935	
4.59e+07	3.1875	5.0475	11.11	19.345	
4.595e+07	5.2875	14.8875	27.01	47.185	
4.6e+07	16.0875	11.8475	28.3275	56.2625	
4.605e+07	6.74	24.6875	9.19	40.6175	
4.61e+07	18.64	10.7475	14.11	43.4975	
4.615e+07	7.15	6.91	16.26	30.32	
4.62e+07	13.5275	4.81	15.04	33.3775	
4.625e+07	4.9475	6.9475	21.69	33.585	
4.63e+07	13.06	8	19.55	40.61	
4.635e+07	17.19	7.6	10.1875	34.9775	
4.64e+07	7.8	5.9875	11.0275	24.815	
4.645e+07	66.11	4.41	10.7875	81.3075	
4.65e+07	4.61	4.0475	29.0875	37.745	
4.655e+07	18.5275	3.2275	9.9875	31.7425	
4.66e+07	12.94	7.06	8.5275	28.5275	
4.665e+07	11.5475	6.89	7.1	25.5375	
4.67e+07	8.81	17.16	17.44	43.41	
4.675e+07	29.89	8.91	21.0475	59.8475	
4.68e+07	16.4275	2.96	17.5275	36.915	
4.685e+07	5.7875	40.71	34.64	81.1375	
4.69e+07	5.3475	10.95	6.34	22.6375	
4.695e+07	2.96	28.9275	10.9	42.7875	
4.7e+07	5.99	25.0275	10.0275	41.045	
4.705e+07	32.0275	5.2275	22.71	59.965	
4.71e+07	49.26	26.7875	9.51	85.5575	
4.715e+07	8.35	30.86	15.6475	54.8575	
4.72e+07	6.2875	11.95	2.86	21.0975	
4.725e+07	18.65	4.14	15.2475	38.0375	
4.73e+07	10.3475	9.4475	13.99	33.785	
4.735e+07	5.3475	53.2875	8.7475	67.3825	
4.74e+07	12.79	13.14	11.9275	37.8575	
4.745e+07	2.3275	5.9275	8.9275	17.1825	
4.75e+07	3.61	7.6275	12.1475	23.385	
4.755e+07	2.91	5.6875	16.5475	25.145	
4.76e+07	3.0275	13.2275	34.4	50.655	
4.765e+07	19.64	3.8275	3.09	26.5575	
4.77e+07	11.86	9.3475	21.3875	42.595	
4.775e+07	15.2475	41.16	1.46	57.8675	
4.78e+07	10.0875	34.9475	10.8275	55.8625	
4.785e+07	14.2875	7.06	16.34	37.6875	
4.79e+07	20.1275	27.3475	12.31	59.785	
4.795e+07	3.1275	22.09	13.6875	38.905	
4.8e+07	22.21	5.74	11.9275	39.8775	
4.805e+07	9.6875	24.09	18.76	52.5375	
4.81e+07	51.54	5.01	6.09	62.64	
4.815e+07	5.8275	18.94	10.4275	35.195	
4.82e+07	20.69	11.61	16.5475	48.8475	
4.825e+07	22.96	9.46	34.4475	66.8675	
4.83e+07	16.1875	3.1475	18.84	38.175	
4.835e+07	5.2275	7.2475	57.6475	70.1225	
4.84e+07	18.76	2.5875	8.21	29.5575	
4.845e+07	10.45	41.1275	1.8275	53.405	
4.85e+07	12.76	9.6475	8.4275	30.835	
4.855e+07	3.4475	12.5275	17.3275	33.3025	
4.86e+07	4.9875	4.6	11.3875	20.975	
4.865e+07	22.4	5.39	13.15	40.94	
4.87e+07	15.24	20.64	1.54	37.42	
4.875e+07	11.4875	9.2275	4.4875	25.2025	
4.88e+07	14.3875	2.89	5.66	22.9375	
4.885e+07	4.3275	24.2475	11.79	40.365	
4.89e+07	5.7475	16.1275	20.54	42.415	
4.895e+07	3.6475	5.99	3.25	12.8875	
4.9e+07	32.5475	19.7275	4.41	56.685	
4.905e+07	12.46	20.0475	12.54	45.0475	
4.91e+07	12.21	3.8275	8.3275	24.365	
4.915e+07	15.25	10.5875	12.8275	38.665	
4.92e+07	18.9275	16.44	2.1	37.4675	
4.925e+07	3.5275	20.9875	2.9475	27.4625	
4.93e+07	13.0275	15.51	8.0275	36.565	
4.935e+07	14.55	6.4275	12.6875	33.665	
4.94e+07	25.05	5.4875	16.5275	47.065	
4.945e+07	7.56	13.4275	6.2475	27.235	
4.95e+07	8.8275	5.09	12.6475	26.565	
4.955e+07	23.1275	12.26	4.16	39.5475	
4.96e+07	25.19	15.4275	16.4475	57.065	
4.965e+07	4.21	12.5875	23.2275	40.025	
4.97e+07	2.61	9.7875	4.9	17.2975	
4.975e+07	10.56	10.0875	21.7275	42.375	
4.98e+07	22.06	9.5875	2.1275	33.775	
4.985e+07	11.99	25.1275	3.0875	40.205	
4.99e+07	17	14.26	15.8275	47.0875	
4.995e+07	39.2875	4.46	3.24	46.9875	
5e+07	15.2475	4.0875	5.85	25.185	
5.005e+07	13.0875	9.89	19.41	42.3875	
5.01e+07	6.51	5.3275	14.3275	26.165	
5.015e+07	9.4	13.8	10.16	33.36	
5.02e+07	17.51	27.1475	17.8275	62.485	
5.025e+07	7.46	3.2	23.3	33.96	
5.03e+07	3.3475	9.84	5.9	19.0875	
5.035e+07	8.41	5.7875	6.94	21.1375	
5.04e+07	2.5	62.01	4.25	68.76	
5.045e+07	8.69	13.46	45.1475	67.2975	
5.05e+07	26.59	12.11	7.1	45.8	
5.055e+07	16.9875	5.06	7.4475	29.495	
5.06e+07	10.6	10.76	3.39	24.75	
5.065e+07	36.21	3.3475	4.26	43.8175	
5.07e+07	2.61	23.1275	14.9475	40.685	
5.075e+07	2.7275	36.79	9.4475	48.965	
5.08e+07	9.6275	14.85	10.36	34.8375	
5.085e+07	6.0275	32.21	11.06	49.2975	
5.09e+07	8.5475	16.9875	7.3275	32.8625	
5.095e+07	25.0275	6.85	5.4275	37.305	
5.1e+07	20.1875	12.4275	10.79	43.405	
5.105e+07	14.39	33.04	3.0275	50.4575	
5.11e+07	3.4475	37.79	34.25	75.4875	
5.115e+07	22.1475	4.2275	4.1475	30.5225	
5.12e+07	8.24	5.29	6.8475	20.3775	
5.125e+07	50.04	4.09	4.6275	58.7575	
5.13e+07	10.7	26.1475	14.19	51.0375	
5.135e+07	39.2275	5.64	6.9275	51.795	
5.14e+07	7.8475	24.75	33	65.5975	
5.145e+07	11.24	62.01	7.61	80.86	
5.15e+07	2.5	18.59	7.91	29	
5.155e+07	7.19	3.81	11.8275	22.8275	
5.16e+07	11.49	8.4	10.7475	30.6375	
5.165e+07	5.91	14.6275	13.6275	34.165	
5.17e+07	18.36	2.7275	6.64	27.7275	
5.175e+07	22.96	21.04	5.75	49.75	
5.18e+07	7.5875	3.86	15.96	27.4075	
5.185e+07	4.0475	14.6275	6.0275	24.7025	
5.19e+07	56.6475	6.4275	6.1275	69.2025	
5.195e+07	8.66	8.4475	16.1875	33.295	
5.2e+07	43.9875	3.65	23.94	71.5775	
5.205e+07	3.7475	8.39	11.21	23.3475	
5.21e+07	18.09	3.5275	22.19	43.8075	
5.215e+07	12.2875	7.71	5.01	25.0075	
5.22e+07	18.11	6.31	6.71	31.13	
5.225e+07	7.5475	39.31	3.36	50.2175	
5.23e+07	6.64	7.9475	17.66	32.2475	
5.235e+07	5.2	37.89	15.19	58.28	
5.24e+07	11.46	6.6875	24.61	42.7575	
5.245e+07	4.5875	3.31	25.96	33.8575	
5.25e+07	7.4475	19.99	3.55	30.9875	
5.255e+07	11.7475	6.81	13.9875	32.545	
5.26e+07	17.51	4.7275	17.2275	39.465	
5.265e+07	6.26	20.7875	14.24	41.2875	
5.27e+07	14.4475	6.05	8.34	28.8375	
5.275e+07	7.3275	9.3875	16.6275	33.3425	
5.28e+07	34.7875	8.9475	23.0475	66.7825	
5.285e+07	3.0475	16.6275	11.05	30.725	
5.29e+07	22.7475	7.2	5.9475	35.895	
5.295e+07	22.1475	4.1475	9.2275	35.5225	
5.3e+07	4.01	8.04	9.7475	21.7975	
5.305e+07	9.99	7.0475	5.44	22.4775	
5.31e+07	7.8875	6.36	29.5	43.7475	
5.315e+07	5.8875	14.74	7.74	28.3675	
5.32e+07	17.5875	6.71	15.8475	40.145	
5.325e+07	7.5275	9.9	18.0275	35.455	
5.33e+07	4.8875	36.64	10.01	51.5375	
5.335e+07	4.26	30.5	26.5475	61.3075	
5.34e+07	9.34	15.7275	29.7	54.7675	
5.345e+07	15.6875	18.14	16.3275	50.155	
5.35e+07	24.3275	19.6275	2.96	46.915	
5.355e+07	10.86	4.71	37.19	52.76	
5.36e+07	6.2475	13.31	15.46	35.0175	
5.365e+07	3.84	17.15	20.54	41.53	
5.37e+07	10.51	19.71	8.06	38.28	
5.375e+07	13.6475	13.01	9.59	36.2475	
5.38e+07	32.0275	8.3875	3.2875	43.7025	
5.385e+07	18.16	19.55	4.9875	42.6975	
5.39e+07	5.76	23.05	5.14	33.95	
5.395e+07	9.81	15.31	61.8275	86.9475	
5.4e+07	19.7275	2.9275	39.8275	62.4825	
5.405e+07	20.29	11.7475	6.34	38.3775	
5.41e+07	6.6475	3.99	13.26	23.8975	
5.415e+07	12.0275	16.31	3.8475	32.185	
5.42e+07	7.8875	20.5	4.56	32.9475	
5.425e+07	13.3475	14.31	13.61	41.2675	
5.43e+07	39.34	15.14	16.09	70.57	
5.435e+07	4.91	9.31	18.16	32.38	
5.44e+07	36.16	7.66	8.76	52.58	
5.445e+07	21.3	10.4275	4.2475	35.975	
5.45e+07	13.4275	6.7475	3.2275	23.4025	
5.455e+07	24.9475	7.2275	30.3875	62.5625	
5.46e+07	7.81	8.8275	38.9275	55.565	
5.465e+07	9.69	8.9275	50.8475	69.465	
5.47e+07	5.74	80.01	3.19	88.94	
5.475e+07	5.06	37.4475	7.7275	50.235	
5.48e+07	34.76	4.6275	11.11	50.4975	
5.485e+07	18.3275	5.7	20.9275	44.955	
5.49e+07	16.46	5.4475	6.8475	28.755	
5.495e+07	23.0475	9.1	13.5275	45.675	
5.5e+07	11.7475	19.25	27.3	58.2975	
5.505e+07	11.5875	23.7275	15.9275	51.2425	
5.51e+07	11.7	2.79	14.84	29.33	
5.515e+07	7.1875	4.45	18.8275	30.465	
5.52e+07	4.9275	17.26	8.04	30.2275	
5.525e+07	10.2475	7.64	23.51	41.3975	
5.53e+07	23.36	8.5875	20.7475	52.695	
5.535e+07	10.8475	4.1275	12.09	27.065	
5.54e+07	10.0275	16.11	12.0275	38.165	
5.545e+07	5.95	3.6875	21.8	31.4375	
5.55e+07	3.24	15.31	53.05	71.6	
5.555e+07	6.45	8.8875	19.64	34.9775	
5.56e+07	10.99	16.9475	8.3275	36.265	
5.565e+07	33.64	9.7475	5.56	48.9475	
5.57e+07	14.7875	4.76	17.1	36.6475	
5.575e+07	19.2475	10.7475	2.69	32.685	
5.58e+07	28.7475	5.4875	3.6275	37.8625	
5.585e+07	16.2	13.71	21.9875	51.8975	
5.59e+07	8.45	6.89	5.3275	20.6675	
5.595e+07	14.4275	10.7275	6.96	32.115	
5.6e+07	59.36	2.3	1.66	63.32	
5.605e+07	20.09	9.26	13.21	42.56	
5.61e+07	42.29	7.56	6.7275	56.5775	
5.615e+07	10.46	38.71	1.5875	50.7575	
5.62e+07	5.4275	16.95	10.31	32.6875	
5.625e+07	14.51	1.5875	6.5475	22.645	
5.63e+07	11.61	4.6275	8.01	24.2475	
5.635e+07	14.66	4.19	13.86	32.71	
5.64e+07	4.9275	10.95	18.2275	34.105	
5.645e+07	21.34	17	11.1875	49.5275	
5.65e+07	4.8275	26.14	17.8275	48.795	
5.655e+07	9.86	3.3	16.9275	30.0875	
5.66e+07	9.31	4.0875	45.16	58.5575	
5.665e+07	6.34	33.1475	10.5275	50.015	
5.67e+07	16.4475	9.41	16	41.8575	
5.675e+07	30.69	17.06	6.21	53.96	
5.68e+07	15.7275	34.06	29.91	79.6975	
5.685e+07	7.81	6.8275	27.94	42.5775	
5.69e+07	7.1275	7.49	3.3475	17.965	
5.695e+07	15.3475	5.5875	7.3875	28.3225	
5.7e+07	13.0275	7.9475	12.6475	33.6225	
5.705e+07	18.21	21.2875	18.36	57.8575	
5.71e+07	2.9275	10.99	7.09	21.0075	
5.715e+07	4.86	18.5875	17.11	40.5575	
5.72e+07	7.16	43.96	25.85	76.97	
5.725e+07	14.5275	9.3275	4.6475	28.5025	
5.73e+07	5.4275	13.39	9.8875	28.705	
5.735e+07	8.0275	3.41	20.4275	31.865	
5.74e+07	10.34	8.19	20.7275	39.2575	
5.745e+07	3.64	23.26	2.99	29.89	
5.75e+07	2.6475	5	12.95	20.5975	
5.755e+07	1.86	2.9475	54.49	59.2975	
5.76e+07	13.1275	6.44	21.94	41.5075	
5.765e+07	8.81	12.4875	31.94	53.2375	
5.77e+07	21.81	11.6275	13.7875	47.225	
5.775e+07	7.11	15.31	5.9475	28.3675	
5.78e+07	9.0475	5.7275	19.6275	34.4025	
5.785e+07	18.19	15.74	4.35	38.28	
5.79e+07	3.1875	34.45	7.2875	44.925	
5.795e+07	32.06	18.8275	5.66	56.5475	
5.8e+07	9.1275	14.5475	7.5875	31.2625	
5.805e+07	8.1475	5.9475	28.3875	42.4825	
5.81e+07	1.1475	4.5275	71.11	76.785	
5.815e+07	6.8275	4.1475	13.1875	24.1625	
5.82e+07	8.26	2.71	15.5	26.47	
5.825e+07	5.1275	40.84	2.39	48.3575	
5.83e+07	0.6475	19.1275	7.84	27.615	
5.835e+07	4.5275	9.41	7.8275	21.765	
5.84e+07	4.76	8.3475	16.1275	29.235	
5.845e+07	2.3275	35.1275	1.41	38.865	
5.85e+07	14.66	8.69	3.01	26.36	
5.855e+07	8.55	45.6275	8.19	62.3675	
5.86e+07	8.1475	15.94	5.64	29.7275	
5.865e+07	11.6875	14.15	15.14	40.9775	
5.87e+07	4.31	14.8	29.74	48.85	
5.875e+07	6.29	5.89	19.81	31.99	
5.88e+07	19.1275	8.3275	4.8475	32.3025	
5.885e+07	12.84	19.74	7.19	39.77	
5.89e+07	13.1475	8.7	11.8275	33.675	
5.895e+07	14.6275	3.7275	25.4875	43.8425	
5.9e+07	10.2275	22.21	7.06	39.4975	
5.905e+07	12.75	11.41	9.56	33.72	
5.91e+07	3.3275	24.0275	9.24	36.595	
5.915e+07	9.36	8.79	30.99	49.14	
5.92e+07	5.89	14.2	22.5475	42.6375	
5.925e+07	6.9875	2.2	24.36	33.5475	
5.93e+07	48.3275	3.41	11.4	63.1375	
5.935e+07	11.01	33.56	4.2	48.77	
5.94e+07	6.79	37.0275	4.89	48.7075	
5.945e+07	12.86	26.36	9.24	48.46	
5.95e+07	31.4475	6.1	8.1275	45.675	
5.955e+07	11.6	21.6475	7.0875	40.335	
5.96e+07	24.14	3.49	17.91	45.54	
5.965e+07	11.04	13.01	27.5275	51.5775	
5.97e+07	7.75	18.09	5.1875	31.0275	
5.975e+07	21.61	11.0275	10.46	43.0975	
5.98e+07	1.61	10.6475	27.79	40.0475	
5.985e+07	12.06	23.0475	35.6875	70.795	
5.99e+07	15.4275	7.56	4.29	27.2775	
5.995e+07	46.91	5.8	3.26	55.97	
6e+07	6.2275	15	8.09	29.3175	
6.005e+07	15.54	37.2475	22.6475	75.435	
6.01e+07	3.3275	19.66	22.2275	45.215	
6.015e+07	6.8	5.11	11.79	23.7	
6.02e+07	14.26	11.2275	26.3275	51.815	
6.025e+07	13.71	22.84	15.34	51.89	
6.03e+07	4.1875	9.3275	12.9275	26.4425	
6.035e+07	7.5275	16.56	4.06	28.1475	
6.04e+07	15.6	9.86	4.0275	29.4875	
6.045e+07	8.16	12.0275	23.01	43.1975	
6.05e+07	3.89	16.6275	29.1275	49.645	
6.055e+07	11.66	13.15	14.35	39.16	
6.06e+07	5.3875	11.86	11.0875	28.335	
6.065e+07	11.34	8.3875	43.89	63.6175	
6.07e+07	16.1475	20.09	3.7875	40.025	
6.075e+07	18.14	9.7275	5.84	33.7075	
6.08e+07	16.66	10.34	23.5475	50.5475	
6.085e+07	8.44	7.01	7.5275	22.9775	
6.09e+07	3.64	14.26	10.7275	28.6275	
6.095e+07	14.9475	27.11	7.29	49.3475	
6.1e+07	5.0475	13.5275	4.6475	23.2225	
6.105e+07	10.6275	17.0275	13.4475	41.1025	
6.11e+07	11.31	15.9475	13.8475	41.105	
6.115e+07	5.89	11.7275	7.9275	25.545	
6.12e+07	7.7475	38.66	2.51	48.9175	
6.125e+07	13.36	26.51	5.5	45.37	
6.13e+07	49.4475	12.7	27.51	89.6575	
6.135e+07	44.49	6.0275	11.85	62.3675	
6.14e+07	5.31	20.09	4.34	29.74	
6.145e+07	20.31	1.7	14.6475	36.6575	
6.15e+07	4.75	43.89	11.84	60.48	
6.155e+07	10.4875	17.91	11.3275	39.725	
6.16e+07	27.69	21.29	4.01	52.99	
6.165e+07	12.54	10.9875	35.7275	59.255	
6.17e+07	1.96	10.9475	21.54	34.4475	
6.175e+07	5.4875	24.59	8.3875	38.465	
6.18e+07	15.7475	2.6275	18.8	37.175	
6.185e+07	8.6475	20.19	4.2475	33.085	
6.19e+07	13.65	11.3875	5.8875	30.925	
6.195e+07	10.14	21.86	7.56	39.56	
6.2e+07	8.3	4.51	16.7275	29.5375	
6.205e+07	12.1475	7.7875	6.8275	26.7625	
6.21e+07	9.86	8.2275	8.46	26.5475	
6.215e+07	16.09	4.29	12.09	32.47	
6.22e+07	18.06	29.76	4.7275	52.5475	
6.225e+07	10.4275	14.45	29.4275	54.305	
6.23e+07	17.3275	14.61	9.6475	41.585	
6.235e+07	5.3275	32.46	8.0475	45.835	
6.24e+07	8.81	6.1275	6.8275	21.765	
6.245e+07	0.89	44.56	25.79	71.24	
6.25e+07	14.61	4.6275	6.04	25.2775	
6.255e+07	3.9	7.51	7.64	19.05	
6.26e+07	10.6	7.21	6.06	23.87	
6.265e+07	9.3875	29.5275	3.9275	42.8425	
6.27e+07	9.4875	10.24	4.7475	24.475	
6.275e+07	3.2475	13.71	4.6275	21.585	
6.28e+07	6.2275	3.69	21.24	31.1575	
6.285e+07	11.9	4.7875	25.2275	41.915	
6.29e+07	12.96	12.51	35.8475	61.3175	
6.295e+07	12.14	6.65	16.41	35.2	
6.3e+07	4.76	11.4475	12.1475	28.355	
6.305e+07	7.71	35.9475	8.6875	52.345	
6.31e+07	10.8875	11.5875	14.3275	36.8025	
6.315e+07	31.5475	4.51	34.2275	70.285	
6.32e+07	13.6475	6.16	5.7275	25.535	
6.325e+07	11.49	14.1275	6.1475	31.765	
6.33e+07	14.2	17.7275	10.26	42.1875	
6.335e+07	2.8475	5.09	13.34	21.2775	
6.34e+07	13.2475	21.2875	14.11	48.645	
6.345e+07	11.35	14.81	4.4275	30.5875	
6.35e+07	14.5475	4.9275	9.1875	28.6625	
6.355e+07	30.5875	3.8275	18.4475	52.8625	
6.36e+07	7.4875	6.79	6.5275	20.805	
6.365e+07	4.79	20.46	6.1875	31.4375	
6.37e+07	4.6475	5.7475	25.49	35.885	
6.375e+07	2.5	19.4275	36.4	58.3275	
6.38e+07	24.54	6.76	3.3275	34.6275	
6.385e+07	3.2875	20.3475	8.0475	31.6825	
6.39e+07	19.4275	3.99	9.0475	32.465	
6.395e+07	26.9475	23.74	10.41	61.0975	
6.4e+07	17.3475	11.5475	13.91	42.805	
6.405e+07	8.04	6.49	14.81	29.34	
6.41e+07	9.4275	18.3875	5.59	33.405	
6.415e+07	4.1875	53.99	19.9475	78.125	
6.42e+07	12.95	27.16	15.39	55.5	
6.425e+07	21.0475	7.11	7.4875	35.645	
6.43e+07	7.14	23.46	2.5475	33.1475	
6.435e+07	31.3475	20.6	12.99	64.9375	
6.44e+07	8.1875	4.9475	20	33.135	
6.445e+07	50.2275	3.1875	20.3475	73.7625	
6.45e+07	5.9	11.8275	3.8875	21.615	
6.455e+07	23.4275	25.01	3.54	51.9775	
6.46e+07	40.31	9.34	32.81	82.46	
6.465e+07	19.9	10.5475	8.54	38.9875	
6.47e+07	10.3275	5.9475	21.4275	37.7025	
6.475e+07	7.0275	21.4475	7.1475	35.6225	
6.48e+07	34.9475	8.1875	13.75	56.885	
6.485e+07	19.8275	16.6875	2.9275	39.4425	
6.49e+07	21.44	13.94	1.8275	37.2075	
6.495e+07	2.1475	10.31	8.71	21.1675	
6.5e+07	8.4275	2.2875	6.89	17.605	
6.505e+07	33.5875	7.5275	4.19	45.305	
6.51e+07	28.5275	2.96	8.71	40.1975	
6.515e+07	16.1275	4.1475	4.11	24.385	
6.52e+07	13.3275	14.26	13.1	40.6875	
6.525e+07	5.79	14.64	4.1475	24.5775	
6.53e+07	7.2475	15.1475	8.2875	30.6825	
6.535e+07	13.5475	3.9275	26.7275	44.2025	
6.54e+07	4.06	11.7275	13.31	29.0975	
6.545e+07	12.11	30.21	5.1875	47.5075	
6.55e+07	33.16	3.2475	1.96	38.3675	
6.555e+07	40.99	22.31	13.7275	77.0275	
6.56e+07	16.4475	5.9475	23.51	45.905	
6.565e+07	11.3275	22.9475	16.5475	50.8225	
6.57e+07	9.7275	5.79	4.4875	20.005	
6.575e+07	11.8475	2.5875	7.46	21.895	
6.58e+07	20.6475	9.9475	6.46	37.055	
6.585e+07	14.76	8.8475	3.2475	26.855	
6.59e+07	9.99	4.69	8.5275	23.2075	
6.595e+07	3.8275	22.7275	4.09	30.645	
6.6e+07	5.4475	27.4875	17.7275	50.6625	
6.605e+07	6.54	10.16	67.0275	83.7275	
6.61e+07	11.21	6.6475	20.5275	38.385	
6.615e+07	12.7875	27.36	16.55	56.6975	
6.62e+07	5.09	10.66	7.45	23.2	
6.625e+07	14.6475	22.66	5.99	43.2975	
6.63e+07	5.6875	6.0875	21.4275	33.2025	
6.635e+07	5.2875	19.04	8.59	32.9175	
6.64e+07	8.26	11.7275	6.5875	26.575	
6.645e+07	16.8275	9.6875	19.3275	45.8425	
6.65e+07	39.5	7.71	31.59	78.8	
6.655e+07	5.51	25.9275	6.5475	37.985	
6.66e+07	4.24	21.61	7.96	33.81	
6.665e+07	19.4275	12.9275	11.21	43.565	
6.67e+07	2.76	44.8475	7.0475	54.655	
6.675e+07	10.76	11.8475	8.9875	31.595	
6.68e+07	3.4475	3.96	6.44	13.8475	
6.685e+07	8.6275	12.1475	4.61	25.385	
6.69e+07	10.7	13.1275	2.91	26.7375	
6.695e+07	5.25	19.75	15.65	40.65	
6.7e+07	10.05	7.59	6.2275	23.8675	
6.705e+07	10.3475	10.26	1.7475	22.355	
6.71e+07	17.0875	9.84	17.54	44.4675	
6.715e+07	14.7475	28.2475	4.6275	47.6225	
6.72e+07	30.19	6.6475	5.6875	42.525	
6.725e+07	11.74	5.69	5.4275	22.8575	
6.73e+07	12.04	25.7875	3.4475	41.275	
6.735e+07	16.95	5.71	21.96	44.62	
6.74e+07	12.2275	28.36	3.51	44.0975	
6.745e+07	7.49	3.14	27.59	38.22	
6.75e+07	10.6475	7.6275	8.05	26.325	
6.755e+07	4.75	36.7475	19.96	61.4575	
6.76e+07	16.99	7.89	2.21	27.09	
6.765e+07	14.35	4.44	3.84	22.63	
6.77e+07	21.3275	7.25	26.2275	54.805	
6.775e+07	6.3	15.14	49.7475	71.1875	
6.78e+07	4.25	25.11	14.71	44.07	
6.785e+07	9.1875	23.4275	10.76	43.375	
6.79e+07	11.5475	13.71	8.25	33.5075	
6.795e+07	15.01	35.34	8.01	58.36	
6.8e+07	29.84	17.84	3.3275	51.0075	
6.805e+07	10.8275	2.6475	45.61	59.085	
6.81e+07	2.4875	25.05	13.2275	40.765	
6.815e+07	11.91	5.8875	28.76	46.5575	
6.82e+07	21.8275	45.0475	6.6475	73.5225	
6.825e+07	6.2	8.5275	11.64	26.3675	
6.83e+07	6.69	7.84	31.6275	46.1575	
6.835e+07	11.4875	16.49	11.96	39.9375	
6.84e+07	6.9	13.4275	7.04	27.3675	
6.845e+07	12.59	32.8475	5.4	50.8375	
6.85e+07	19.59	27.4275	2.9275	49.945	
6.855e+07	18.06	7.31	17.7	43.07	
6.86e+07	5.3275	15.44	6.91	27.6775	
6.865e+07	1.84	37.4875	19.0275	58.355	
6.87e+07	66.9275	9.2475	17.6475	93.8225	
6.875e+07	17.1875	24.8475	6.5875	48.6225	
6.88e+07	8.5475	6.96	40.04	55.5475	
6.885e+07	10.76	6.5	22.4275	39.6875	
6.89e+07	31.5275	5.59	6.21	43.3275	
6.895e+07	1.2475	15.5475	28.5275	45.3225	
6.9e+07	4.96	6.0475	39.61	50.6175	
6.905e+07	2.75	35.4875	22.49	60.7275	
6.91e+07	3.76	15.66	18.91	38.33	
6.915e+07	19.5275	4.1275	7.69	31.345	
6.92e+07	40.31	3.81	5.4275	49.5475	
6.925e+07	7.61	8.7475	6.1275	22.485	
6.93e+07	22.1475	6.95	32.04	61.1375	
6.935e+07	4.4275	20.0475	23.51	47.985	
6.94e+07	13.4875	13.6875	2.1475	29.3225	
6.945e+07	21.0475	5.14	15.74	41.9275	
6.95e+07	11.2475	6.7475	8.51	26.505	
6.955e+07	11.5275	7.0475	6.66	25.235	
6.96e+07	11.86	7.9	19.4875	39.2475	
6.965e+07	5.59	11.9475	18.24	35.7775	
6.97e+07	4.4875	13.6475	6.11	24.245	
6.975e+07	5.4475	3.01	23.1475	31.605	
6.98e+07	14.29	18.3475	10.9	43.5375	
6.985e+07	24.04	15.3	22.4275	61.7675	
6.99e+07	23.36	14.76	4.1875	42.3075	
6.995e+07	9.9475	27.34	1.84	39.1275	
7e+07	4.8875	4.29	14.26	23.4375	
7.005e+07	17.4875	25.39	15.3475	58.225	
7.01e+07	8.8475	4.51	14.5275	27.885	
7.015e+07	4.4475	4.71	7.2275	16.385	
7.02e+07	10.1875	2.3275	16.26	28.775	
7.025e+07	16.99	25.8275	17.19	60.0075	
7.03e+07	30.3475	23.5475	1.95	55.845	
7.035e+07	24.7475	24.64	9.49	58.8775	
7.04e+07	5.99	7.86	12.66	26.51	
7.045e+07	10.2475	6.3475	15.5475	32.1425	
7.05e+07	13.24	4.44	22.9275	40.6075	
7.055e+07	3.4475	20.6275	22.8475	46.9225	
7.06e+07	26.0875	2.1	8.7475	36.935	
7.065e+07	38.61	5.31	6.51	50.43	
7.07e+07	18.44	22.9275	1.4875	42.855	
7.075e+07	12.86	6.0475	9.19	28.0975	
7.08e+07	26.8275	4.74	29.9475	61.515	
7.085e+07	7.3	5.3875	17.4875	30.175	
7.09e+07	20.4275	13.04	2.99	36.4575	
7.095e+07	7.16	7.29	5.64	20.09	
7.1e+07	19.36	12.59	13.0275	44.9775	
7.105e+07	29.5875	21.8475	4.1475	55.5825	
7.11e+07	4.04	37.19	19.89	61.12	
7.115e+07	36.59	21.59	2.6	60.78	
7.12e+07	32.6875	4.19	6.0275	42.905	
7.125e+07	6.91	21.31	1.3275	29.5475	
7.13e+07	5.61	17.44	7.81	30.86	
7.135e+07	6.11	53.3275	4.4875	63.925	
7.14e+07	11	4.35	18.2475	33.5975	
7.145e+07	1.8275	35.06	12.46	49.3475	
7.15e+07	8.3	23.2275	6.25	37.7775	
7.155e+07	16.86	7.3	32.41	56.57	
7.16e+07	13.44	2.3	55.11	70.85	
7.165e+07	3.26	13.8275	22.4275	39.515	
7.17e+07	6.1475	30.01	8.4275	44.585	
7.175e+07	8.06	35.29	5.3275	48.6775	
7.18e+07	4.74	29.35	8.51	42.6	
7.185e+07	7.4275	21.46	6.8275	35.715	
7.19e+07	8.6275	29.34	12.14	50.1075	
7.195e+07	3.8875	9.39	4.9275	18.205	
7.2e+07	2.5275	22.4875	6.5875	31.6025	
7.205e+07	15.14	11.3475	14.04	40.5275	
7.21e+07	20.1875	27.14	6.85	54.1775	
7.215e+07	23.1275	8.3475	5.66	37.135	
7.22e+07	3.4275	33.2475	6.3275	43.0025	
7.225e+07	2.61	15.8475	39.3275	57.785	
7.23e+07	16.2475	11.09	19.16	46.4975	
7.235e+07	6.4475	4.0475	17.76	28.255	
7.24e+07	4.9475	4.3	57.1475	66.395	
7.245e+07	13.8475	5.8275	6.8	26.475	
7.25e+07	0.65	26.29	12.2275	39.1675	
7.255e+07	3.1475	2.6475	10.3275	16.1225	
7.26e+07	19.95	19.0875	8.14	47.1775	
7.265e+07	22.6875	12.7275	16.5475	51.9625	
7.27e+07	45.39	4.86	15.7275	65.9775	
7.275e+07	7.4875	24.3475	7.3475	39.1825	
7.28e+07	49.85	3.36	6.66	59.87	
7.285e+07	40.46	8.86	4.3	53.62	
7.29e+07	12.54	10.2875	70.9275	93.755	
7.295e+07	33.3275	6.1475	2.09	41.565	
7.3e+07	4.95	22.04	7.59	34.58	
7.305e+07	4.69	3.2475	30.5275	38.465	
7.31e+07	32.0275	2.2275	5.8275	40.0825	
7.315e+07	23.2475	7.65	3.7475	34.645	
7.32e+07	31.55	17.2275	10.2275	59.005	
7.325e+07	18.6475	4.8875	12.29	35.825	
7.33e+07	7.6475	29.9875	2.4275	40.0625	
7.335e+07	10.79	8.8875	10.1275	29.805	
7.34e+07	16.7475	3.7475	30.2275	50.7225	
7.345e+07	12.66	9.24	17.19	39.09	
7.35e+07	9.71	12.5475	4.39	26.6475	
7.355e+07	5.24	15.5	6.11	26.85	
7.36e+07	4.05	7.75	34.05	45.85	
7.365e+07	5.39	2.0275	24.76	32.1775	
7.37e+07	23.3875	15.56	6.29	45.2375	
7.375e+07	27.15	16.6275	6.8275	50.605	
7.38e+07	52.11	11.6275	1.4475	65.185	
7.385e+07	7.61	12.0475	5.96	25.6175	
7.39e+07	35.6275	7.6875	5.3475	48.6625	
7.395e+07	5.89	2.7475	13.5475	22.185	
7.4e+07	5.4475	15.5475	30.69	51.685	
7.405e+07	8.21	6.1275	46.4275	60.765	
7.41e+07	2.71	32.3275	13.6475	48.685	
7.415e+07	11.86	3.7275	17.2275	32.815	
7.42e+07	3.3475	6.9875	17.4475	27.7825	
7.425e+07	6.91	26.5875	4.9475	38.445	
7.43e+07	3.7875	2.01	74.66	80.4575	
7.435e+07	18.6875	4.2275	21.6875	44.6025	
7.44e+07	1.55	3.89	28.36	33.8	
7.445e+07	14.39	11.6875	6.76	32.8375	
7.45e+07	35.1875	8.0875	6.3275	49.6025	
7.455e+07	9.8475	4.84	19.4275	34.115	
7.46e+07	17.86	4.6275	32.5275	55.015	
7.465e+07	8.04	18.84	6.2475	33.1275	
7.47e+07	13.14	51.81	2.7275	67.6775	
7.475e+07	8.76	6.2275	3.7475	18.735	
7.48e+07	13.9475	13.1275	8.5275	35.6025	
7.485e+07	13.7475	14.7275	3.1475	31.6225	
7.49e+07	9.74	4.9875	33.06	47.7875	
7.495e+07	3.5875	21.3875	2.41	27.385	
7.5e+07	9.44	4.5275	13.6875	27.655	
7.505e+07	26.0475	9.7275	5.1275	40.9025	
7.51e+07	25.44	9.6475	18.69	53.7775	
7.515e+07	10.16	2.86	42.6875	55.7075	
7.52e+07	16.1275	11.2275	26.0275	53.3825	
7.525e+07	15.25	7.19	4.7475	27.1875	
7.53e+07	21.1275	5.0475	9.0475	35.2225	
7.535e+07	11.2275	6.0275	11.9475	29.2025	
7.54e+07	4.91	12.69	5.1275	22.7275	
7.545e+07	6.21	10.8275	56.26	73.2975	
7.55e+07	28.21	12.65	19.0275	59.8875	
7.555e+07	27.1475	17.29	4.54	48.9775	
7.56e+07	3.7275	10.8875	7.6875	22.3025	
7.565e+07	5.7475	7.6875	9.26	22.695	
7.57e+07	15.5875	18.5275	19.41	53.525	
7.575e+07	10.35	2.81	14	27.16	
7.58e+07	6.99	13.56	4.64	25.19	
7.585e+07	15.61	20.61	8.2875	44.5075	
7.59e+07	2.4875	6.4275	37.8475	46.7625	
7.595e+07	27.8275	4.6475	20.71	53.185	
7.6e+07	4.44	16.0275	18.05	38.5175	
7.605e+07	3.7875	14.9275	41.7875	60.5025	
7.61e+07	54.8875	2.1475	21.06	78.095	
7.615e+07	55.9475	9.7475	3.6275	69.3225	
7.62e+07	24.8475	11.4475	13.06	49.355	
7.625e+07	4.5875	4.8875	36.2275	45.7025	
7.63e+07	6.71	7.79	19.6	34.1	
7.635e+07	6.6875	28.06	12.86	47.6075	
7.64e+07	13.85	1.9875	22.6275	38.465	
7.645e+07	2.89	6.69	27.5475	37.1275	
7.65e+07	17.35	3.1275	7.54	28.0175	
7.655e+07	5.1275	9.2	35.21	49.5375	
7.66e+07	40.9275	4.31	19.4475	64.685	
7.665e+07	18.91	7.11	3.79	29.81	
7.67e+07	8.7475	15.7275	5.6475	30.1225	
7.675e+07	13.54	6.4875	13.09	33.1175	
7.68e+07	13.89	22.21	3.81	39.91	
7.685e+07	5.31	35.14	25.39	65.84	
7.69e+07	18.0875	2.19	16.39	36.6675	
7.695e+07	9.74	17.3275	7.3475	34.415	
7.7e+07	16.1475	11.1475	5.1275	32.4225	
7.705e+07	2.9275	22.8475	3.7275	29.5025	
7.71e+07	17.26	15.94	8.14	41.34	
7.715e+07	8.51	2.14	17.8275	28.4775	
7.72e+07	21.24	5.14	7.8475	34.2275	
7.725e+07	10.5275	44.7275	15.4	70.655	
7.73e+07	27.0275	69.2	2.0475	98.275	
7.735e+07	6.86	14.6875	6.41	27.9575	
7.74e+07	12.3475	9.49	17.0475	38.885	
7.745e+07	12.4475	7.86	8.06	28.3675	
7.75e+07	4.5275	13.74	57.51	75.7775	
7.755e+07	24.8875	8.7475	7.9275	41.5625	
7.76e+07	22.79	5.6475	6.14	34.5775	
7.765e+07	15.4475	31.89	38.0475	85.385	
7.77e+07	7.91	5.3875	24.4275	37.725	
7.775e+07	4.9275	7.6475	10.35	22.925	
7.78e+07	11.84	9.4475	8.5	29.7875	
7.785e+07	55.4875	9.44	1.9475	66.875	
7.79e+07	20.4475	8.56	3.8275	32.835	
7.795e+07	3.4475	11.46	15.76	30.6675	
7.8e+07	13.09	6.21	4.01	23.31	
7.805e+07	13.36	8.85	3.8475	26.0575	
7.81e+07	7.4275	12.3	20.16	39.8875	
7.815e+07	27.4275	3.4475	22.66	53.535	
7.82e+07	5.8275	13.46	14.6	33.8875	
7.825e+07	22.0475	40.9475	13.69	76.685	
7.83e+07	5.5275	27.0475	16.39	48.965	
7.835e+07	13.4275	12.7275	9.96	36.115	
7.84e+07	14.51	10.1475	18.29	42.9475	
7.845e+07	14.96	6.0275	3.24	24.2275	
7.85e+07	46.76	13.6275	2.9875	63.375	
7.855e+07	11.6875	12.7275	11.2275	35.6425	
7.86e+07	34.4475	13.55	2.65	50.6475	
7.865e+07	4.0875	8.5	16.2475	28.835	
7.87e+07	27.8475	6.7275	5.16	39.735	
7.875e+07	11.69	5.1275	11.0875	27.905	
7.88e+07	22.8	6.89	13.2475	42.9375	
7.885e+07	13.49	23.7475	13.4875	50.725	
7.89e+07	13.9475	8.69	5.4275	28.065	
7.895e+07	5.8	29.46	3.2	38.46	
7.9e+07	11.29	6.86	9.19	27.34	
7.905e+07	5.74	11.7875	7.14	24.6675	
7.91e+07	6.0475	7.6875	7.0475	20.7825	
7.915e+07	7.74	4.59	9.69	22.02	
7.92e+07	8.16	11.5275	17.6275	37.315	
7.925e+07	4.99	19.7475	10.11	34.8475	
7.93e+07	6.95	15.21	14.01	36.17	
7.935e+07	20.11	7.49	4.4275	32.0275	
7.94e+07	28.21	2.51	7.71	38.43	
7.945e+07	38.09	1.4	9.55	49.04	
7.95e+07	58.5475	9.25	2.94	70.7375	
7.955e+07	1.8875	5.26	30.3275	37.475	
7.96e+07	31.04	4.2475	9.31	44.5975	
7.965e+07	9.2275	5.8	23	38.0275	
7.97e+07	10.04	4.0275	30.9475	45.015	
7.975e+07	34.81	2.34	3.45	40.6	
7.98e+07	16.41	24.61	12.1275	53.1475	
7.985e+07	14.5275	3.0475	61.5275	79.1025	
7.99e+07	4.6275	23.2	14.2275	42.055	
7.995e+07	3.09	8.7475	9.3475	21.185	
8e+07	3.96	7.1875	5.8275	16.975	
8.005e+07	54.8475	4.6275	2.9875	62.4625	
8.01e+07	8.45	15.5475	7	30.9975	
8.015e+07	10.5475	22.2475	4.8275	37.6225	
8.02e+07	15.3275	47.5275	3.5	66.355	
8.025e+07	15.31	9.6475	17.6875	42.645	
8.03e+07	36.01	3.6875	16.6275	56.325	
8.035e+07	48.5475	3.5475	3.2475	55.3425	
8.04e+07	33	5.0875	15.4275	53.515	
8.045e+07	2.7275	13.2875	35.0875	51.1025	
8.05e+07	25.1875	23.0875	4.16	52.435	
8.055e+07	7.8275	20.9475	8.94	37.715	
8.06e+07	3.2275	3.69	23.6275	30.545	
8.065e+07	6.0275	2.41	17.3475	25.785	
8.07e+07	21.5275	6.59	36.55	64.6675	
8.075e+07	12.4875	4.7475	30.2275	47.4625	
8.08e+07	4.2475	13.89	6.66	24.7975	
8.085e+07	6.35	4.7475	15.11	26.2075	
8.09e+07	2.9275	19.84	20.21	42.9775	
8.095e+07	22.3475	13.9	5.55	41.7975	
8.1e+07	2.1475	20.35	7.5	29.9975	
8.105e+07	2.99	3.41	22.14	28.54	
8.11e+07	9.09	10.84	2.8475	22.7775	
8.115e+07	33.86	18.1475	13.7275	65.735	
8.12e+07	18.0275	5.95	4.7475	28.725	
8.125e+07	8.59	6.14	13.3275	28.0575	
8.13e+07	8.9875	15.3275	63.0475	87.3625	
8.135e+07	5.9475	7.55	11.0875	24.585	
8.14e+07	4.2875	5.1	44.7875	54.175	
8.145e+07	40.01	11.2475	8.8875	60.145	
8.15e+07	7.09	36.1275	7.06	50.2775	
8.155e+07	13.4	9.51	8.1475	31.0575	
8.16e+07	13.8275	19.4	18.1475	51.375	
8.165e+07	3.06	40.3475	18.2275	61.635	
8.17e+07	13.7875	6.7475	34	54.535	
8.175e+07	14.1275	8.1275	23.24	45.495	
8.18e+07	22.9	5.76	28.71	57.37	
8.185e+07	9.4275	25.79	2.8475	38.065	
8.19e+07	2.71	9.3275	18.41	30.4475	
8.195e+07	51.66	11.2275	10.8475	73.735	
8.2e+07	15.46	25.84	7.7275	49.0275	
8.205e+07	4.84	21.9	3.89	30.63	
8.21e+07	1.46	31.4875	5.34	38.2875	
8.215e+07	3.4275	30.26	6.0475	39.735	
8.22e+07	3.34	7.35	30.3475	41.0375	
8.225e+07	31.54	17.9875	9.24	58.7675	
8.23e+07	7.91	9.44	19.2	36.55	
8.235e+07	22.7	24.2475	3.79	50.7375	
8.24e+07	4.7275	5.05	11.2475	21.025	
8.245e+07	15.5875	5.76	5.74	27.0875	
8.25e+07	12.9475	2.6475	28.2	43.795	
8.255e+07	17.0475	22.69	13.1	52.8375	
8.26e+07	11.54	6.1	39.2275	56.8675	
8.265e+07	4.1875	13.85	30.6475	48.685	
8.27e+07	5.2875	6.5475	4.3275	16.1625	
8.275e+07	21.54	15.0875	4.61	41.2375	
8.28e+07	15.05	2.96	14.2275	32.2375	
8.285e+07	4.49	7.01	26.7275	38.2275	
8.29e+07	19.56	10.4275	10.14	40.1275	
8.295e+07	7.35	2.11	14	23.46	
8.3e+07	7.86	24.8275	8.7275	41.415	
8.305e+07	25.19	2.79	8	35.98	
8.31e+07	21.61	1.56	10.5275	33.6975	
8.315e+07	5.4475	12.9	28.3875	46.735	
8.32e+07	4.0275	7.81	20.8875	32.725	
8.325e+07	31.3875	2.64	20.5475	54.575	
8.33e+07	14.75	5.75	5.5475	26.0475	
8.335e+07	15.04	5.56	5.25	25.85	
8.34e+07	15.5275	10.55	25.3275	51.405	
8.345e+07	23.19	1.25	37.2475	61.6875	
8.35e+07	3.85	16.1275	21.36	41.3375	
8.355e+07	7.79	27.91	2.6275	38.3275	
8.36e+07	6.8475	6.44	10.0275	23.315	
8.365e+07	4.0275	31.4275	41.7	77.155	
8.37e+07	11.8275	20.64	15.9875	48.455	
8.375e+07	13.7	24.19	4.9275	42.8175	
8.38e+07	17.31	5.94	15.0275	38.2775	
8.385e+07	2.8875	37.3275	2.0275	42.2425	
8.39e+07	35.99	4.7275	14.69	55.4075	
8.395e+07	10.91	13.2875	11.65	35.8475	
8.4e+07	23.5475	4.24	13.01	40.7975	
8.405e+07	6.3475	16.3475	9.61	32.305	
8.41e+07	7.0275	6.3275	20.6875	34.0425	
8.415e+07	23.1875	4.6475	3.9275	31.7625	
8.42e+07	29.1475	7.86	5.8875	42.895	
8.425e+07	10.3475	6.2475	29.5475	46.1425	
8.43e+07	23.1275	17.4475	19.05	59.625	
8.435e+07	3.5275	11.09	25.8275	40.445	
8.44e+07	16.5475	2.7275	15.2	34.475	
8.445e+07	8.9275	31.1475	4.2875	44.3625	
8.45e+07	10.9275	9.09	4.1475	24.165	
8.455e+07	24.9	4.76	13.91	43.57	
8.46e+07	13.21	24.09	6.26	43.56	
8.465e+07	26.79	31.71	10.54	69.04	
8.47e+07	15.2875	24.7875	9.7475	49.8225	
8.475e+07	6.3475	18.7475	21.4875	46.5825	
8.48e+07	25.8275	10.39	3.31	39.5275	
8.485e+07	4.5475	18.54	7.4	30.4875	
8.49e+07	5.91	3.6475	10.34	19.8975	
8.495e+07	11.94	10.14	4.7875	26.8675	
8.5e+07	8.3275	3.91	5.31	17.5475	
8.505e+07	17.8275	11.01	18.8475	47.685	
8.51e+07	17.5475	7.71	12.0475	37.305	
8.515e+07	34.0475	4.3275	8.0875	46.4625	
8.52e+07	6.9475	24.1875	4.1875	35.3225	
8.525e+07	5.14	27.4475	20.7275	53.315	
8.53e+07	0.6475	30.66	26.2875	57.595	
8.535e+07	6.4475	3.0875	19.26	28.795	
8.54e+07	38.3475	4.6	3.55	46.4975	
8.545e+07	11.1275	22	17.4	50.5275	
8.55e+07	14.01	21.06	2.2275	37.2975	
8.555e+07	11.31	9.31	29.7475	50.3675	
8.56e+07	9.4475	58.71	7.96	76.1175	
8.565e+07	3.7475	54.8875	20.8275	79.4625	
8.57e+07	4.24	7.5275	12.7475	24.515	
8.575e+07	38.39	8.19	6.2275	52.8075	
8.58e+07	9.21	12.24	5.56	27.01	
8.585e+07	8.31	4.84	16.9875	30.1375	
8.59e+07	16.61	14.15	9.86	40.62	
8.595e+07	12.89	32.74	13.79	59.42	
8.6e+07	15.99	13.9475	12.7275	42.665	
8.605e+07	10.7475	30	5.51	46.2575	
8.61e+07	20.31	5.29	20.5275	46.1275	
8.615e+07	5.8475	8.45	2.89	17.1875	
8.62e+07	7.2475	5.3275	18.0475	30.6225	
8.625e+07	7.4275	7.85	7.84	23.1175	
8.63e+07	13.7475	24.36	2.91	41.0175	
8.635e+07	9.84	10.4475	11.09	31.3775	
8.64e+07	10.7475	8.24	12.3475	31.335	
8.645e+07	5.8475	19.59	6.8475	32.285	
8.65e+07	7.34	28.69	8.74	44.77	
8.655e+07	27.3475	16.56	3.9875	47.895	
8.66e+07	56.7275	4.0875	4.5475	65.3625	
8.665e+07	12.5475	21.2875	0.99	34.825	
8.67e+07	4.61	3.96	29.3275	37.8975	
8.675e+07	13.2275	3.8475	8.3475	25.4225	
8.68e+07	7.45	9.64	11.65	28.74	
8.685e+07	3.86	7.31	7.05	18.22	
8.69e+07	12.7275	16.6275	5.1275	34.4825	
8.695e+07	12.61	6.16	12.0275	30.7975	
8.7e+07	16.81	18.46	3.2475	38.5175	
8.705e+07	21.19	12.14	3.09	36.42	
8.71e+07	15.4275	19.3875	5.06	39.875	
8.715e+07	5.0475	12.16	4.84	22.0475	
8.72e+07	4.69	3.04	10.65	18.38	
8.725e+07	7.3875	43.01	4.01	54.4075	
8.73e+07	17.16	4.54	4.6275	26.3275	
8.735e+07	2.3	8.3475	8.04	18.6875	
8.74e+07	18.9475	6.59	30.4475	55.985	
8.745e+07	35.54	7.7	6.4475	49.6875	
8.75e+07	40.31	2.51	10	52.82	
8.755e+07	22.15	16.9875	16.86	55.9975	
8.76e+07	24.69	22.09	2.79	49.57	
8.765e+07	16.56	18.11	8.89	43.56	
8.77e+07	19.5	15.0475	12.2475	46.795	
8.775e+07	5.16	35.8275	17.59	58.5775	
8.78e+07	26.0875	4.4275	4.6	35.115	
8.785e+07	18.61	14.3475	3.2875	36.245	
8.79e+07	5.49	13.3475	25.3475	44.185	
8.795e+07	4.94	20.6	13.56	39.1	
8.8e+07	30.74	2.21	7.46	40.41	
8.805e+07	11.04	25.5875	5.1	41.7275	
8.81e+07	5.9475	8.1	41.74	55.7875	
8.815e+07	5.1275	5.86	6.7275	17.715	
8.82e+07	27.26	5.6475	3.8875	36.795	
8.825e+07	4.3	4.64	25.2475	34.1875	
8.83e+07	18.34	11.6475	3.5875	33.575	
8.835e+07	11.01	6.3	5.16	22.47	
8.84e+07	16.59	8.54	7.5275	32.6575	
8.845e+07	11.3275	8.89	17.3275	37.545	
8.85e+07	13.79	10.51	15.2	39.5	
8.855e+07	16.1475	3.5275	58.9275	78.6025	
8.86e+07	4.2475	16.11	14.64	34.9975	
8.865e+07	8.0475	13.4475	10.5	31.995	
8.87e+07	1.9475	15.06	15.8275	32.835	
8.875e+07	48.5475	2.8275	7.01	58.385	
8.88e+07	33.84	8.36	11.29	53.49	
8.885e+07	4.44	21.6	10.29	36.33	
8.89e+07	2.79	13.44	7.8275	24.0575	
8.895e+07	11.26	7.04	16.51	34.81	
8.9e+07	26.39	5.9275	6.3275	38.645	
8.905e+07	21.8475	5.9475	12.6	40.395	
8.91e+07	8.1275	18.99	8.4875	35.605	
8.915e+07	11.2275	2.11	6.3475	19.685	
8.92e+07	9.9875	17.7275	37.69	65.405	
8.925e+07	22.34	6.7475	17.1475	46.235	
8.93e+07	10.54	14.0275	7.81	32.3775	
8.935e+07	13.9475	4.95	2.16	21.0575	
8.94e+07	40.8275	3.4475	13.1875	57.4625	
8.945e+07	8.6275	53.8475	1.2875	63.7625	
8.95e+07	4.61	48.06	3.59	56.26	
8.955e+07	5.5275	25.39	6.7475	37.665	
8.96e+07	9.3875	9.1475	8.2	26.735	
8.965e+07	2.2275	2.5275	32.95	37.705	
8.97e+07	23.5275	22.9275	4.0275	50.4825	
8.975e+07	3.2875	13.0475	23.0275	39.3625	
8.98e+07	12.4475	3.3275	7.21	22.985	
8.985e+07	4.4	8.94	27.8475	41.1875	
8.99e+07	19.6475	37.1475	2.99	59.785	
8.995e+07	7.1475	12.34	9.46	28.9475	
9e+07	12.56	15.4475	11.89	39.8975	
9.005e+07	17.2275	3.85	16.4475	37.525	
9.01e+07	1.3275	5.9275	24.7	31.955	
9.015e+07	10.4475	12.91	5.84	29.1975	
9.02e+07	14.8275	16.4475	4.51	35.785	
9.025e+07	10.89	7.9875	13.74	32.6175	
9.03e+07	4.3275	11.99	29.26	45.5775	
9.035e+07	6.8275	20.1275	22.6275	49.5825	
9.04e+07	17.5275	4.6875	8.31	30.525	
9.045e+07	11.75	9.11	26.46	47.32	
9.05e+07	10.64	11.49	13.1475	35.2775	
9.055e+07	13.86	6.04	33.26	53.16	
9.06e+07	22.2875	3.86	7.1875	33.335	
9.065e+07	37.3275	7.7275	5	50.055	
9.07e+07	42.2275	2.9475	6.2475	51.4225	
9.075e+07	5.4275	16.44	14.1475	36.015	
9.08e+07	5.0275	10.96	3.0475	19.035	
9.085e+07	31.5275	5.7275	7.1475	44.4025	
9.09e+07	80.06	3.2	12.7275	95.9875	
9.095e+07	9.56	16.49	5.3875	31.4375	
9.1e+07	6.6875	4.3475	6.7875	17.8225	
9.105e+07	10.89	14.61	27.1275	52.6275	
9.11e+07	7.16	9.7275	9.46	26.3475	
9.115e+07	10.99	2.6475	5.4475	19.085	
9.12e+07	4.55	51.5275	5.01	61.0875	
9.125e+07	2.6275	13.96	5.26	21.8475	
9.13e+07	2.69	10.81	34.41	47.91	
9.135e+07	27.89	14.94	15.2475	58.0775	
9.14e+07	2.5875	34.8475	3.14	40.575	
9.145e+07	14.9475	20.9875	3.7275	39.6625	
9.15e+07	21.3475	13.6275	5.66	40.635	
9.155e+07	14.4	5.75	6.74	26.89	
9.16e+07	23.5275	6.0275	20.91	50.465	
9.165e+07	7.24	19.51	29.39	56.14	
9.17e+07	5.14	4.99	14.06	24.19	
9.175e+07	16.9475	15.16	8.7275	40.835	
9.18e+07	11.76	26.64	7.1475	45.5475	
9.185e+07	16.0275	18.7275	8.09	42.845	
9.19e+07	3.45	7.01	13.31	23.77	
9.195e+07	37.3275	4.31	7.34	48.9775	
9.2e+07	4.6275	38.7275	4.9275	48.2825	
9.205e+07	16.14	8.2	10.54	34.88	
9.21e+07	6.8475	9.29	37.4	53.5375	
9.215e+07	28.99	8.7	11.8475	49.5375	
9.22e+07	3.05	12.8275	21.15	37.0275	
9.225e+07	3.91	46.9875	3.16	54.0575	
9.23e+07	29.59	4.7	6.5875	40.8775	
9.235e+07	23.3475	4.01	6.14	33.4975	
9.24e+07	14.2475	6.86	16.59	37.6975	
9.245e+07	26.1275	9.26	7.09	42.4775	
9.25e+07	3.89	4.51	40.5475	48.9475	
9.255e+07	22.5475	9.8475	10.74	43.135	
9.26e+07	21.61	33.8875	2.4275	57.925	
9.265e+07	5.8	7.3875	5.9275	19.115	
9.27e+07	25.1275	31.0475	22.2275	78.4025	
9.275e+07	17.5275	10.35	13.9475	41.825	
9.28e+07	11.56	27.0475	4.86	43.4675	
9.285e+07	36.5875	8.19	3.04	47.8175	
9.29e+07	7.9475	4.95	10.7475	23.645	
9.295e+07	18.06	4.9875	4.3275	27.375	
9.3e+07	46.39	3.46	2.9	52.75	
9.305e+07	22.8475	5.9275	3.86	32.635	
9.31e+07	11.04	3.5875	11.0475	25.675	
9.315e+07	4.81	5.8475	6.7875	17.445	
9.32e+07	7.39	6.4475	8.91	22.7475	
9.325e+07	5.6275	23.86	6.1875	35.675	
9.33e+07	11.3475	9.7475	5.1275	26.2225	
9.335e+07	7.2	8.6	8.44	24.24	
9.34e+07	16.6475	20.9475	3.4	40.995	
9.345e+07	16.7475	17.01	10.2275	43.985	
9.35e+07	12.29	15.4	7.06	34.75	
9.355e+07	59.34	11.6475	2.66	73.6475	
9.36e+07	12.1875	45.9875	8.1275	66.3025	
9.365e+07	13.89	13.6475	19.6475	47.185	
9.37e+07	7.36	14.4	13.56	35.32	
9.375e+07	7.0875	18.06	4.0275	29.175	
9.38e+07	23.7275	12.7475	29.9275	66.4025	
9.385e+07	3.2475	17.26	12.0475	32.555	
9.39e+07	8.3475	22.1275	5.5475	36.0225	
9.395e+07	9.75	16.0275	44.3875	70.165	
9.4e+07	12.7275	27.64	2.14	42.5075	
9.405e+07	17.66	14.2475	14.41	46.3175	
9.41e+07	3.7475	10.04	8.84	22.6275	
9.415e+07	29.7275	8.3	3.81	41.8375	
9.42e+07	12.84	11.2475	7.61	31.6975	
9.425e+07	23.8475	11.91	2.26	38.0175	
9.43e+07	13.3475	11.51	14.51	39.3675	
9.435e+07	9.2875	17.24	10.7475	37.275	
9.44e+07	21.19	3.3475	8.49	33.0275	
9.445e+07	42.8275	7.3275	9.6875	59.8425	
9.45e+07	18.01	7.56	11.8475	37.4175	
9.455e+07	47.26	4.64	6.11	58.01	
9.46e+07	30.76	3.54	10.89	45.19	
9.465e+07	23.4475	4.41	15.41	43.2675	
9.47e+07	3.8875	8.06	26.2875	38.235	
9.475e+07	8.1275	23.6275	28.36	60.115	
9.48e+07	2.91	14.1875	28.2475	45.345	
9.485e+07	3.31	24.1875	22.3875	49.885	
9.49e+07	6.81	11.96	18.01	36.78	
9.495e+07	3.9475	6.71	8.7875	19.445	
9.5e+07	27.0875	3.61	2.79	33.4875	
9.505e+07	52.9875	11.94	10.0275	74.955	
9.51e+07	14.2475	6.8275	17.6	38.675	
9.515e+07	22.6	15.3	3.01	40.91	
9.52e+07	6.7475	23.8275	15.7875	46.3625	
9.525e+07	15.34	3.0475	11.19	29.5775	
9.53e+07	3.9475	17.14	25.74	46.8275	
9.535e+07	11.46	3.8	9.19	24.45	
9.54e+07	21.84	3.16	37.9	62.9	
9.545e+07	9.5875	7.4475	21.16	38.195	
9.55e+07	12.4275	10.49	12.7475	35.665	
9.555e+07	1.4475	17.4475	35.8275	54.7225	
9.56e+07	8.91	7.91	29.71	46.53	
9.565e+07	10.21	20.9475	20.9275	52.085	
9.57e+07	10.46	11.6275	3.14	25.2275	
9.575e+07	7.2875	22.4475	23.2	52.935	
9.58e+07	10.74	2.8475	6.9475	20.535	
9.585e+07	22.94	5.66	14.1475	42.7475	
9.59e+07	12.6475	7.46	3.64	23.7475	
9.595e+07	7.81	27.65	15.2475	50.7075	
9.6e+07	6.51	4.54	6.19	17.24	
9.605e+07	26.26	13.6275	5.26	45.1475	
9.61e+07	36.15	4.2275	6.7475	47.125	
9.615e+07	47.8875	2.76	2.2875	52.935	
9.62e+07	14.51	43.51	3.5	61.52	
9.625e+07	6.9275	14.01	16.8	37.7375	
9.63e+07	8.7275	9.49	18.8875	37.105	
9.635e+07	14.66	10.2275	6.3875	31.275	
9.64e+07	13.86	17.1475	11.5275	42.535	
9.645e+07	8.59	9.06	14.89	32.54	
9.65e+07	4.7275	8.79	13.1475	26.665	
9.655e+07	21.5475	13.4275	9.0275	44.0025	
9.66e+07	11.8475	1.55	16.5875	29.985	
9.665e+07	6.7275	2.96	40.06	49.7475	
9.67e+07	1.9	10.9875	28.4475	41.335	
9.675e+07	4.3275	32.8475	25.1475	62.3225	
9.68e+07	10.69	3.6275	7.6475	21.965	
9.685e+07	3.5275	10.51	25.76	39.7975	
9.69e+07	3.3875	14.69	7.8275	25.905	
9.695e+07	10.4	17.7475	17.89	46.0375	
9.7e+07	21.71	2.56	19.64	43.91	
9.705e+07	11.09	23.06	3.81	37.96	
9.71e+07	3.49	17.6475	53.1	74.2375	
9.715e+07	4.2875	17.2875	7.4	28.975	
9.72e+07	8.4875	1.9875	9.89	20.365	
9.725e+07	1.36	17.94	6.2275	25.5275	
9.73e+07	13.05	25.31	7.1	45.46	
9.735e+07	18.9475	6.61	19.74	45.2975	
9.74e+07	25.5475	22.2875	5.7275	53.5625	
9.745e+07	6.1875	3.76	22.25	32.1975	
9.75e+07	9.9275	16.9475	5.3475	32.2225	
9.755e+07	5.4475	20.0275	6.8875	32.3625	
9.76e+07	3.71	15.1275	8.25	27.0875	
9.765e+07	13.46	8.14	14.44	36.04	
9.77e+07	6.14	12.81	8.8275	27.7775	
9.775e+07	30.8	6.66	1.94	39.4	
9.78e+07	10.49	3.21	15.2875	28.9875	
9.785e+07	2.9475	12.39	33.6475	48.985	
9.79e+07	31.8475	18.89	17.3475	68.085	
9.795e+07	24.6275	7.59	4.8275	37.045	
9.8e+07	5.36	9.75	17.5275	32.6375	
9.805e+07	10.25	7.8275	26.0275	44.105	
9.81e+07	28.49	9.5	13.16	51.15	
9.815e+07	3.5875	11.34	4.9275	19.855	
9.82e+07	14.16	3.46	19.6475	37.2675	
9.825e+07	18.6275	20.54	10.09	49.2575	
9.83e+07	8.8475	10.84	14.04	33.7275	
9.835e+07	7.8475	20.7475	28.69	57.285	
9.84e+07	27.76	28.85	4.29	60.9	
9.845e+07	2.5275	12.2475	20.8475	35.6225	
9.85e+07	16.9275	1.5875	14.74	33.255	
9.855e+07	11.5275	7.4475	5.6275	24.6025	
9.86e+07	7.3875	3.21	21.24	31.8375	
9.865e+07	12.3475	5.44	12.74	30.5275	
9.87e+07	7.7475	10.8275	9.41	27.985	
9.875e+07	9.7	7.0875	12.1275	28.915	
9.88e+07	19.5275	12.5275	22.76	54.815	
9.885e+07	2.41	22.39	54.6275	79.4275	
9.89e+07	6.5475	13.04	7.99	27.5775	
9.895e+07	4.4475	11.15	4.5275	20.125	
9.9e+07	9.9275	6.2475	4.5275	20.7025	
9.905e+07	5.16	20.44	8.2275	33.8275	
9.91e+07	7.81	12.79	8.7475	29.3475	
9.915e+07	16.6875	4.4475	6.96	28.095	
9.92e+07	41.9275	3.86	6.95	52.7375	
9.925e+07	25.96	18.31	3.3275	47.5975	
9.93e+07	10.66	7.55	16.99	35.2	
9.935e+07	10.7475	11.71	11.3875	33.845	
9.94e+07	16.7	8.05	4.36	29.11	
9.945e+07	6.4	28.3475	27.1275	61.875	
9.95e+07	11.2275	1.66	39.0475	51.935	
9.955e+07	18.9475	4.8275	4.9475	28.7225	
9.96e+07	12.1475	39.15	5.5875	56.885	
9.965e+07	4.34	12.3275	20.29	36.9575	
9.97e+07	11.4	38.3875	10.95	60.7375	
9.975e+07	36.11	12.2875	3.14	51.5375	
9.98e+07	26.65	5.2475	11.69	43.5875	
9.985e+07	8.3475	5.86	11.54	25.7475	
9.99e+07	35.99	4.8475	6.71	47.5475	
9.995e+07	30.3875	6.6475	6.7475	43.7825	
1e+08	2.7475	12.55	29.91	45.2075	
