# 
# registered features: 
# 
# FeatureMoleculesIO
# 	Number of monomers: 70
# 	max connectivity: 7
# FeatureBox
# FeatureBondset<FastBondset>
# FeatureLattice<bool>
# FeatureExcludedVolumeSc<FeatureLattice<bool> >
# 
# not registered features: 
# 
# #!version
# 
# Created by AnalyzerRadiusOfGyration
# file contains time series of average Rg_squared (Rg2) over all analyzed groups
# format: mcs	 Rg2X	 Rg2Y	 Rg2Z	 Rg2Total

100000	68.2212	48.6441	32.041	148.906	
150000	15.7406	103.789	28.6498	148.179	
200000	16.7039	273.404	20.9406	311.049	
250000	118.037	10.7192	35.5869	164.343	
300000	29.9706	30.062	72.6441	132.677	
350000	23.1429	54.6114	56.4441	134.198	
400000	26.4171	34.7439	13.4998	74.6608	
450000	47.5896	61.7135	48.6124	157.916	
500000	153.951	167.764	17.2671	338.982	
550000	88.7471	31.1992	26.5284	146.475	
600000	98.3806	30.6539	14.6041	143.639	
650000	189.04	40.8541	20.7298	250.624	
700000	71.0663	17.1039	85.112	173.282	
750000	44.6941	32.1284	39.1796	116.002	
800000	50.192	76.0296	39.6141	165.836	
850000	30.9543	8.35429	53.9478	93.2563	
900000	194.266	26.8849	41.6263	262.778	
950000	112.654	149.128	22.9053	284.688	
1e+06	383.061	36.3267	53.4467	472.835	
1.05e+06	170.428	10.5053	15.5063	196.439	
1.1e+06	195.071	11.8549	22.09	229.016	
1.15e+06	41.9624	62.4835	34.3192	138.765	
1.2e+06	18.3706	29.7798	20.8441	68.9945	
1.25e+06	40.2827	53.7992	22.1298	116.212	
1.3e+06	81.4663	17.1406	97.6849	196.292	
1.35e+06	33.3553	50.9798	169.483	253.819	
1.4e+06	15.9186	141.49	92.9267	250.335	
1.45e+06	79.0957	62.6327	101.186	242.914	
1.5e+06	29.1641	22.7967	20.3284	72.2892	
1.55e+06	20.8378	42.3257	161.837	225	
1.6e+06	91.3896	50.7284	45.7839	187.902	
1.65e+06	43.3714	36.2898	75.0655	154.727	
1.7e+06	25.161	10.0367	73.551	108.749	
1.75e+06	24.191	17.391	177.071	218.653	
1.8e+06	18.1927	31.7592	191.711	241.663	
1.85e+06	28.5692	40.2653	118.347	187.182	
1.9e+06	40.0041	53.7635	25.9553	119.723	
1.95e+06	119.998	135.048	40.3886	295.434	
2e+06	43.5992	52.0278	48.0778	143.705	
2.05e+06	44.3192	26.9512	61.512	132.782	
2.1e+06	82.5439	85.1763	67.6998	235.42	
2.15e+06	30.2778	51.6571	25.7143	107.649	
2.2e+06	48.7512	31.062	31.4084	111.222	
2.25e+06	10.2049	247.389	18.3135	275.907	
2.3e+06	76.5029	25.111	144.14	245.754	
2.35e+06	118.078	33.2712	136.233	287.582	
2.4e+06	168.078	12.8498	214.901	395.829	
2.45e+06	12.6867	54.6998	36.3978	103.784	
2.5e+06	49.0712	10.1306	35.9398	95.1416	
2.55e+06	101.957	28.4367	48.8982	179.292	
2.6e+06	95.3324	50.841	36.3763	182.55	
2.65e+06	78.7927	141.838	42.6949	263.325	
2.7e+06	68.6441	117.314	15.4482	201.407	
2.75e+06	47.2971	78.1763	108.237	233.71	
2.8e+06	5.41143	45.8092	90.4296	141.65	
2.85e+06	21.5063	34.4182	15.4712	71.3957	
2.9e+06	38.4906	20.9896	19.9184	79.3986	
2.95e+06	90.5257	34.5135	24.8492	149.888	
3e+06	57.4949	55.8212	21.5706	134.887	
3.05e+06	18.7796	39.0049	398.073	455.857	
3.1e+06	59.862	19.4482	79.5798	158.89	
3.15e+06	25.9624	88.0449	25.6092	139.617	
3.2e+06	90.191	63.8369	23.4653	177.493	
3.25e+06	48.9314	116.901	60.84	226.673	
3.3e+06	85.2329	44.3227	276.862	406.418	
3.35e+06	31.0498	82.9927	87.3706	201.413	
3.4e+06	50.4563	155.557	14.2498	220.263	
3.45e+06	7.98143	153.507	70.3396	231.828	
3.5e+06	37.342	35.0498	261.23	333.621	
3.55e+06	24.9886	26.05	60.4084	111.447	
3.6e+06	40.8712	20.0898	55.9135	116.874	
3.65e+06	27.0949	16.2735	186.743	230.111	
3.7e+06	68.161	37.1298	40.1039	145.395	
3.75e+06	113.106	59.7886	84.8998	257.795	
3.8e+06	16.8092	145.047	111.01	272.866	
3.85e+06	96.8449	82.7755	95.1063	274.727	
3.9e+06	6.72673	32.4753	72.4655	111.668	
3.95e+06	13.7682	14.7755	69.4253	97.969	
4e+06	28.3355	79.8141	64.8663	173.016	
4.05e+06	11.5012	112.418	22.2253	146.145	
4.1e+06	15.7529	33.6663	80.0278	129.447	
4.15e+06	32.8286	54.9692	22.241	110.039	
4.2e+06	27.961	75.9755	24.3798	128.316	
4.25e+06	40.1406	147.719	57.9135	245.773	
4.3e+06	107.685	44.8492	112.535	265.069	
4.35e+06	109.323	43.2467	40.1512	192.721	
4.4e+06	36.6206	33.4263	151.532	221.579	
4.45e+06	19.7929	13.6696	174.83	208.292	
4.5e+06	46.1135	38.062	20.0492	104.225	
4.55e+06	18.2278	113.183	181.655	313.066	
4.6e+06	28.2835	13.511	77.462	119.257	
4.65e+06	77.8971	82.7339	23.5927	184.224	
4.7e+06	36.5039	91.1682	14.7878	142.46	
4.75e+06	74.1814	142.833	48.512	265.526	
4.8e+06	194.383	59.0155	66.0263	319.425	
4.85e+06	118.221	21.4663	24.7641	164.451	
4.9e+06	20.6549	29.0735	22.1012	71.8296	
4.95e+06	136.094	39.1135	148.576	323.784	
5e+06	96.6939	12.7692	73.4084	182.871	
5.05e+06	17.0335	20.8982	151.29	189.221	
5.1e+06	115.677	39.4141	71.3967	226.488	
5.15e+06	34.3355	79.1439	68.2663	181.746	
5.2e+06	24.5855	66.5298	33.1339	124.249	
5.25e+06	39.7978	15.4212	105.228	160.447	
5.3e+06	48.29	60.8163	43.3553	152.462	
5.35e+06	57.6582	25.5235	37.9992	121.181	
5.4e+06	58.702	12.1406	158.641	229.484	
5.45e+06	10.0835	15.1053	223.862	249.051	
5.5e+06	45.1355	78.0141	59.6049	182.754	
5.55e+06	71.6827	109.42	82.3969	263.499	
5.6e+06	24.1243	74.8849	31.5267	130.536	
5.65e+06	32.6655	43.7324	50.7324	127.13	
5.7e+06	32.0939	40.1339	96.4329	168.661	
5.75e+06	55.1569	41.5692	172.512	269.238	
5.8e+06	35.0835	38.5349	116.665	190.284	
5.85e+06	64.7053	31.8539	172.05	268.609	
5.9e+06	11.351	118.65	123.446	253.447	
5.95e+06	25.2541	114.062	115.748	255.064	
6e+06	30.4449	64.5855	30.21	125.24	
6.05e+06	148.544	28.2441	42.8092	219.597	
6.1e+06	40.9112	20.8155	29.4278	91.1545	
6.15e+06	150.85	44.961	95.0082	290.819	
6.2e+06	60.3224	118.371	147.369	326.062	
6.25e+06	271.54	125.387	9.02531	405.952	
6.3e+06	203.433	19.2141	53.5192	276.166	
6.35e+06	65.3439	18.6427	50.5306	134.517	
6.4e+06	36.3682	46.6084	21.6541	104.631	
6.45e+06	36.4492	38.9306	158.454	233.834	
6.5e+06	46.2563	90.9298	162.591	299.777	
6.55e+06	34.0541	190.649	98.2196	322.923	
6.6e+06	47.7584	46.152	63.9284	157.839	
6.65e+06	36.0612	20.0253	75.3978	131.484	
6.7e+06	128.118	45.7184	128.163	302	
6.75e+06	43.5029	90.0141	42.1324	175.649	
6.8e+06	55.9112	128.661	39.062	223.634	
6.85e+06	45.2114	140.209	42.3112	227.732	
6.9e+06	77.8182	15.6727	93.0171	186.508	
6.95e+06	79.5224	77.3855	11.7349	168.643	
7e+06	37.3641	67.6982	24.36	129.422	
7.05e+06	49.2386	20.7153	21.8155	91.7694	
7.1e+06	119.818	49.961	94.1992	263.978	
7.15e+06	110.404	21.1396	126.096	257.64	
7.2e+06	59.8441	52.6049	62.2386	174.688	
7.25e+06	21.6335	89.5927	153.205	264.431	
7.3e+06	56.6182	14.96	251.644	323.222	
7.35e+06	40.2653	18.062	69.9641	128.291	
7.4e+06	66.9641	51.5635	39.8367	158.364	
7.45e+06	51.4206	124.67	16.6949	192.785	
7.5e+06	16.1692	48.6743	45.5112	110.355	
7.55e+06	132.513	68.7471	89.761	291.022	
7.6e+06	160.764	42.902	47.0041	250.67	
7.65e+06	12.4155	24.4998	54.1267	91.042	
7.7e+06	187.45	21.512	32.3396	241.301	
7.75e+06	59.2206	54.5306	119.221	232.972	
7.8e+06	48.8827	16.8498	255.559	321.292	
7.85e+06	46.3349	58.9224	313.172	418.43	
7.9e+06	28.5349	13.3063	111.386	153.227	
7.95e+06	164.647	22.8663	29.3227	216.836	
8e+06	64.9798	21.5927	30.6655	117.238	
8.05e+06	149.409	16.6541	221.948	388.011	
8.1e+06	100.282	18.6049	26.5798	145.467	
8.15e+06	79.4367	31.8655	31.392	142.694	
8.2e+06	45.4549	86.6212	16.1267	148.203	
8.25e+06	102.25	12.142	95.8296	210.222	
8.3e+06	81.4482	17.3284	23.0743	121.851	
8.35e+06	314.94	34.7635	83.1012	432.804	
8.4e+06	241.951	14.5063	90.0278	346.485	
8.45e+06	51.8712	67.8278	22.0278	141.727	
8.5e+06	61.712	10.352	54.0835	126.148	
8.55e+06	72.2849	77.1471	46.2614	195.693	
8.6e+06	52.7624	239.004	20.5039	312.271	
8.65e+06	45.7039	45.2727	10.0082	100.985	
8.7e+06	35.0449	127.256	61.4686	223.77	
8.75e+06	65.5396	24.9543	48.3243	138.818	
8.8e+06	130.283	79.7135	40.8441	250.841	
8.85e+06	33.4278	210.904	33.8427	278.174	
8.9e+06	10.6041	17.2941	154.193	182.091	
8.95e+06	47.2043	67.5012	238.519	353.224	
9e+06	14.6171	31.761	113.136	159.514	
9.05e+06	29.8941	92.9635	50.4612	173.319	
9.1e+06	49.8571	81.3469	31.6441	162.848	
9.15e+06	125.34	47.561	14.0971	186.998	
9.2e+06	54.6084	21.7896	32.8827	109.281	
9.25e+06	25.3969	7.86531	84.6	117.862	
9.3e+06	108.266	60.2539	42.3682	210.888	
9.35e+06	41.2849	39.36	102.107	182.752	
9.4e+06	27.9584	24.512	72.1298	124.6	
9.45e+06	43.2041	48.8467	37.1682	129.219	
9.5e+06	17.8141	199.058	103.083	319.956	
9.55e+06	32.1053	43.1396	137.874	213.119	
9.6e+06	44.3757	13.942	139.132	197.45	
9.65e+06	58.2041	33.3227	253.883	345.41	
9.7e+06	95.6482	25.3267	94.9635	215.938	
9.75e+06	72.6663	21.8441	91.8824	186.393	
9.8e+06	29.2206	12.4141	64.29	105.925	
9.85e+06	8.58959	52.5798	55.4539	116.623	
9.9e+06	38.1543	11.6041	94.5298	144.288	
9.95e+06	62.7869	37.3624	39.3543	139.504	
1e+07	54.7886	26.0441	73.592	154.425	
1.005e+07	10.7798	76.6082	257.065	344.453	
1.01e+07	185.968	19.1682	213.818	418.954	
1.015e+07	39.4727	56.0467	41.9896	137.509	
1.02e+07	50.3855	54.4982	115.05	219.933	
1.025e+07	77.8743	21.0084	54.7706	153.653	
1.03e+07	66.3284	12.9235	71.4982	150.75	
1.035e+07	176.633	40.8082	64.7339	282.175	
1.04e+07	226.358	26.2849	80.4369	333.08	
1.045e+07	131.658	55.6327	94.6092	281.9	
1.05e+07	88.9339	103.318	9.01245	201.265	
1.055e+07	20.5757	55.0957	110.381	186.052	
1.06e+07	52.4182	44.0263	10.6212	107.066	
1.065e+07	15.0182	122.271	34.4971	171.787	
1.07e+07	27.0655	166.233	12.3355	205.634	
1.075e+07	46.8655	111.548	40.8441	199.257	
1.08e+07	50.8696	49.5569	63.2827	163.709	
1.085e+07	94.1512	51.7796	23.7012	169.632	
1.09e+07	31.7798	54.3624	35.0253	121.168	
1.095e+07	30.8196	44.791	141.245	216.856	
1.1e+07	23.1584	17.4778	144.012	184.649	
1.105e+07	19.0367	50.6253	64.8492	134.511	
1.11e+07	125.073	12.5284	34.6155	172.217	
1.115e+07	48.952	28.3267	35.7992	113.078	
1.12e+07	20.8214	10.7763	82.0784	113.676	
1.125e+07	64.2957	84.3978	111.336	260.029	
1.13e+07	21.9224	118.291	16.6753	156.888	
1.135e+07	83.2263	129.127	11.1063	223.459	
1.14e+07	79.512	59.5755	59.4767	198.564	
1.145e+07	15.0824	37.712	60.7063	113.501	
1.15e+07	35.8335	113.993	21.0655	170.892	
1.155e+07	22.5298	290.152	15.2155	327.897	
1.16e+07	25.9227	47.3406	36.5763	109.84	
1.165e+07	42.9069	64.8784	27.3153	135.101	
1.17e+07	55.552	87.4539	34.5978	177.604	
1.175e+07	67.5324	65.2206	70.991	203.744	
1.18e+07	23.1429	131.505	30.2898	184.938	
1.185e+07	45.262	67.5053	38.592	151.359	
1.19e+07	24.391	268.564	167.47	460.425	
1.195e+07	44.0778	34.6369	73.5929	152.308	
1.2e+07	47.8378	12.6114	79.6278	140.077	
1.205e+07	12.1227	37.7243	74.5553	124.402	
1.21e+07	162.221	17.6539	74.262	254.137	
1.215e+07	131.043	15.1267	58.7192	204.889	
1.22e+07	29.342	52.7135	48.9635	131.019	
1.225e+07	33.5967	107.421	76.1284	217.146	
1.23e+07	31.5439	96.8329	25.2441	153.621	
1.235e+07	97.8253	24.1763	17.8467	139.848	
1.24e+07	94.01	173.041	31.4735	298.524	
1.245e+07	22.7684	235.29	16.9053	274.964	
1.25e+07	139.04	188.478	29.841	357.359	
1.255e+07	65.3053	49.8539	68.3053	183.464	
1.26e+07	32.3641	58.8906	30.7641	122.019	
1.265e+07	50.4898	56.7284	128.947	236.165	
1.27e+07	79.2735	31.3869	114.477	225.137	
1.275e+07	48.9878	116.847	25.761	191.596	
1.28e+07	100.605	16.2196	32.0092	148.834	
1.285e+07	68.4712	51.5339	44.0482	164.053	
1.29e+07	52.4827	39.912	79.0655	171.46	
1.295e+07	37.6867	12.3349	129.336	179.357	
1.3e+07	59.8263	37.7143	67.9641	165.505	
1.305e+07	52.1396	39.3053	106.147	197.592	
1.31e+07	46.2296	13.6696	92.2824	152.182	
1.315e+07	179.683	18.0467	34.7978	232.528	
1.32e+07	127.534	41.2655	115.683	284.483	
1.325e+07	212.753	55.9339	20.9896	289.676	
1.33e+07	157.833	35.7349	66.6898	260.257	
1.335e+07	136.821	24.9543	63.062	224.837	
1.34e+07	26.1624	47.3512	22.3267	95.8404	
1.345e+07	70.4671	50.4541	55.9063	176.828	
1.35e+07	43.8971	41.4998	47.5929	132.99	
1.355e+07	57.4171	105.408	39.3184	202.144	
1.36e+07	214.875	57.1069	42.6614	314.644	
1.365e+07	7.27837	31.9512	76.84	116.07	
1.37e+07	232.981	7.56102	88.6582	329.2	
1.375e+07	40.9069	12.4196	155.113	208.44	
1.38e+07	22.0441	79.8835	62.0655	163.993	
1.385e+07	141.797	12.351	19.6427	173.79	
1.39e+07	35.6196	78.9053	109.16	223.685	
1.395e+07	122.254	48.5029	167.164	337.921	
1.4e+07	43.0263	28.761	24.5284	96.3157	
1.405e+07	93.9855	75.342	34.0141	203.342	
1.41e+07	54.0092	248.136	7.73959	309.884	
1.415e+07	41.1814	99.0941	61.462	201.738	
1.42e+07	17.3012	24.3227	56.7071	98.331	
1.425e+07	52.6441	76.04	117.643	246.327	
1.43e+07	49.9355	59.2753	40.0498	149.261	
1.435e+07	180.237	57.0296	20.0206	257.287	
1.44e+07	96.1706	47.1439	91.3512	234.666	
1.445e+07	56.8539	44.1896	16.6563	117.7	
1.45e+07	32.2857	76.4541	49.2906	158.03	
1.455e+07	16.1324	60.7227	40.0663	116.921	
1.46e+07	134.112	64.601	106.654	305.367	
1.465e+07	44.9267	18.6253	237.932	301.484	
1.47e+07	16.5796	36.3298	220.705	273.615	
1.475e+07	90.8092	27.0653	349.465	467.34	
1.48e+07	19.4369	44.6767	129.077	193.19	
1.485e+07	91.2253	133.519	13.01	237.754	
1.49e+07	41.6696	50.4	24.3063	116.376	
1.495e+07	40.1978	104.233	44.4369	188.868	
1.5e+07	27.9763	145.735	26.8949	200.606	
1.505e+07	23.8867	41.9798	78.9143	144.781	
1.51e+07	120.639	15.0253	113.911	249.575	
1.515e+07	57.702	67.4612	139.792	264.955	
1.52e+07	18.4155	220.318	15.1406	253.874	
1.525e+07	57.3039	180.906	38.1896	276.4	
1.53e+07	15.3396	104.5	104.226	224.065	
1.535e+07	32.1635	183.147	41.5478	256.858	
1.54e+07	32.5339	86.351	37.0727	155.958	
1.545e+07	94.7529	30.5543	33.9763	159.283	
1.55e+07	36.3429	26.5855	34.5339	97.4622	
1.555e+07	56.4582	135.188	59.0386	250.684	
1.56e+07	74.1469	21.4296	42.0092	137.586	
1.565e+07	58.2735	234.776	124.408	417.458	
1.57e+07	28.8957	49.1324	32.6824	110.711	
1.575e+07	68.6696	21.2753	33.4163	123.361	
1.58e+07	16.3478	87.8539	227.161	331.363	
1.585e+07	34.0163	133.528	30.7992	198.344	
1.59e+07	59.2743	28.3927	45.4182	133.085	
1.595e+07	64.4092	69.2867	47.9478	181.644	
1.6e+07	26.6982	25.0286	20.2767	72.0035	
1.605e+07	35.5406	33.6492	21.1624	90.3522	
1.61e+07	22.5469	185.371	23.2753	231.193	
1.615e+07	31.342	17.062	16.4278	64.8318	
1.62e+07	37.2196	65.9763	36.2655	139.461	
1.625e+07	60.8906	20.4582	91.8712	173.22	
1.63e+07	49.3584	24.311	124.873	198.542	
1.635e+07	12.5227	287.011	15.1478	314.682	
1.64e+07	57.7512	91.8906	31.742	181.384	
1.645e+07	16.5192	141.016	30.3869	187.922	
1.65e+07	60.6867	60.0206	14.7967	135.504	
1.655e+07	54.3153	53.1967	41.4124	148.924	
1.66e+07	37.9192	63.3243	23.3869	124.63	
1.665e+07	23.7478	162.161	35.5641	221.473	
1.67e+07	44.3569	47.3227	28.9029	120.582	
1.675e+07	26.4971	74.6082	36.7814	137.887	
1.68e+07	56.2263	28.2541	105.172	189.653	
1.685e+07	29.1063	165.742	218.563	413.412	
1.69e+07	30.4941	61.8824	116.662	209.039	
1.695e+07	21.5012	39.6653	111.58	172.746	
1.7e+07	65.0378	39.7471	82.8171	187.602	
1.705e+07	71.3763	41.4498	72.6182	185.444	
1.71e+07	82.3284	37.4941	34.5692	154.392	
1.715e+07	71.952	54.0998	49.7763	175.828	
1.72e+07	45.2369	13.2735	136.734	195.244	
1.725e+07	22.7439	22.9069	41.911	87.5618	
1.73e+07	40.2727	35.2835	57.5814	133.138	
1.735e+07	16.3641	68.4155	21.2957	106.075	
1.74e+07	12.5896	44.3039	89.6212	146.515	
1.745e+07	55.2041	21.1967	23.7243	100.125	
1.75e+07	54.5478	16.102	25.4482	96.098	
1.755e+07	32.8906	66.3855	49.81	149.086	
1.76e+07	149.505	22.89	104.054	276.449	
1.765e+07	25.64	21.441	79.3529	126.434	
1.77e+07	119.475	44.8671	51.0784	215.421	
1.775e+07	27.6939	44.6849	42.6982	115.077	
1.78e+07	85.8441	24.0712	106.85	216.765	
1.785e+07	100.685	23.4835	11.7135	135.882	
1.79e+07	54.4084	26.4539	28.7339	109.596	
1.795e+07	95.3967	22.5224	51.3569	169.276	
1.8e+07	14.0767	59.3186	96.6778	170.073	
1.805e+07	100.208	29.7796	40.1355	170.123	
1.81e+07	16.1553	112.426	22.9839	151.565	
1.815e+07	20.5624	36.4253	84.9682	141.956	
1.82e+07	52.8041	19.9706	52.6663	125.441	
1.825e+07	46.3798	11.7324	245.455	303.567	
1.83e+07	55.8867	64.1063	76.4824	196.476	
1.835e+07	20.5012	102.393	16.3339	139.228	
1.84e+07	19.0835	46.8263	36.361	102.271	
1.845e+07	47.7306	24.3267	107.371	179.428	
1.85e+07	123.534	63.2767	50.4084	237.219	
1.855e+07	121.808	31.5029	27.8141	181.125	
1.86e+07	59.5398	64.2335	105.132	228.906	
1.865e+07	30.7235	47.5967	162.528	240.849	
1.87e+07	64.3227	17.3478	18.7324	100.403	
1.875e+07	11.9569	34.9012	60.9755	107.834	
1.88e+07	52.4155	11.8563	49.8378	114.11	
1.885e+07	31.2386	64.4982	162.542	258.279	
1.89e+07	110.963	25.2084	39.2327	175.404	
1.895e+07	88.9227	97.1869	62.56	248.67	
1.9e+07	18.5355	29.0824	33.9039	81.5218	
1.905e+07	56.8778	16.6367	98.8441	172.359	
1.91e+07	31.4735	16.5855	57.601	105.66	
1.915e+07	77.5298	110.768	154.384	342.682	
1.92e+07	17.0824	5.66204	222.478	245.223	
1.925e+07	19.1355	35.9357	311.497	366.568	
1.93e+07	31.1135	26.391	30.0335	87.538	
1.935e+07	72.7878	27.8141	29.0427	129.644	
1.94e+07	146.911	26.2906	36.8427	210.044	
1.945e+07	51.0043	41.7763	50.4614	143.242	
1.95e+07	143.262	31.1896	32.312	206.764	
1.955e+07	33.5635	48.8043	41.3706	123.738	
1.96e+07	70.1869	55.0255	22.5512	147.764	
1.965e+07	15.3355	47.8998	95.7306	158.966	
1.97e+07	18.6084	135.667	22.1641	176.44	
1.975e+07	16.9469	187.197	19.9053	224.049	
1.98e+07	30.9406	167.277	17.062	215.279	
1.985e+07	36.0467	98.0482	172.865	306.96	
1.99e+07	18.0084	67.2824	316.993	402.283	
1.995e+07	37.2449	75.7298	94.0263	207.001	
2e+07	84.0467	28.5396	68.4498	181.036	
2.005e+07	108.498	21.3153	40.4092	170.223	
2.01e+07	34.0655	42.8155	21.9512	98.8322	
2.015e+07	93.6335	43.992	67.0727	204.698	
2.02e+07	129.469	40.1039	49.9869	219.559	
2.025e+07	30.8049	31.1553	40.1396	102.1	
2.03e+07	59.5478	50.7714	100.233	210.553	
2.035e+07	16.1135	23.9069	58.7896	98.81	
2.04e+07	62.0906	55.2767	35.6386	153.006	
2.045e+07	29.0906	52.1355	33.7469	114.973	
2.05e+07	17.7512	79.8378	64.7724	162.361	
2.055e+07	36.0835	162.511	55.9592	254.554	
2.06e+07	20.0369	30.4049	209.495	259.937	
2.065e+07	53.1186	13.7192	89.3184	156.156	
2.07e+07	45.4753	46.8335	28.342	120.651	
2.075e+07	169.882	16.1349	26.2767	212.294	
2.08e+07	135.818	33.2998	29.1339	198.252	
2.085e+07	23.1706	11.0906	147.522	181.784	
2.09e+07	79.5469	25.0696	71.1635	175.78	
2.095e+07	160.797	47.36	15.7478	223.905	
2.1e+07	401.969	31.1692	32.7349	465.873	
2.105e+07	141.315	75.3569	17.3553	234.028	
2.11e+07	62.7796	50.7706	38.6784	152.229	
2.115e+07	73.1069	70.512	28.4663	172.085	
2.12e+07	131.085	178.838	17.4982	327.421	
2.125e+07	78.9406	30.5355	96.0141	205.49	
2.13e+07	40.3692	62.0824	30.1063	132.558	
2.135e+07	67.7012	108.216	108.986	284.902	
2.14e+07	70.3355	29.4335	78.1978	177.967	
2.145e+07	44.992	57.3584	159.384	261.734	
2.15e+07	169.523	23.9349	80.5267	273.984	
2.155e+07	172.5	51.3886	56.6141	280.502	
2.16e+07	141.273	37.3355	70.5529	249.161	
2.165e+07	89.9969	27.7396	103.204	220.941	
2.17e+07	17.5553	21.7063	97.8163	137.078	
2.175e+07	9.62959	43.3153	116.641	169.586	
2.18e+07	55.4835	53.2957	24.4212	133.2	
2.185e+07	28.9012	118.968	81.7878	229.657	
2.19e+07	20.9135	170.511	89.5796	281.004	
2.195e+07	27.7896	60.6278	105.911	194.329	
2.2e+07	37.2663	30.1324	140.907	208.306	
2.205e+07	42.3592	108.527	238.522	389.408	
2.21e+07	54.6753	30.9641	106.301	191.941	
2.215e+07	210.332	65.6686	19.001	295.002	
2.22e+07	267.54	71.7878	34.9284	374.256	
2.225e+07	202.961	84.3553	26.3967	313.713	
2.23e+07	33.3839	22.0735	17.1569	72.6143	
2.235e+07	76.4386	32.7635	46.6655	155.868	
2.24e+07	35.3063	42.462	24.2582	102.027	
2.245e+07	101.993	45.3298	9.20816	156.531	
2.25e+07	11.1992	165.731	77.4441	254.375	
2.255e+07	43.6082	7.60837	31.6212	82.8378	
2.26e+07	14.4982	168.85	65.5798	248.928	
2.265e+07	40.0663	13.4335	432.591	486.091	
2.27e+07	41.6441	8.95918	140.307	190.91	
2.275e+07	15.8898	78.2367	148.278	242.405	
2.28e+07	85.6206	26.44	80.9512	193.012	
2.285e+07	44.1227	87.9967	37.3692	169.489	
2.29e+07	183.401	20.5814	113.405	317.387	
2.295e+07	159.85	26.8367	118.082	304.769	
2.3e+07	18.8849	64.0939	23.4441	106.423	
2.305e+07	47.4753	12.7896	109.418	169.683	
2.31e+07	13.5257	11.8982	167.478	192.902	
2.315e+07	54.5012	31.2114	162.65	248.363	
2.32e+07	102.992	47.3855	36.8427	187.22	
2.325e+07	117.993	58.0655	25.3478	201.406	
2.33e+07	51.2182	10.112	67.9298	129.26	
2.335e+07	28.6663	61.8196	16.2278	106.714	
2.34e+07	57.3192	13.712	19.5069	90.5382	
2.345e+07	15.9398	60.7806	98.6743	175.395	
2.35e+07	40.5355	76.4727	17.392	134.4	
2.355e+07	34.7927	45.4196	44.6427	124.855	
2.36e+07	92.2492	45.2141	24.561	162.024	
2.365e+07	109.954	20.7967	28.6141	159.365	
2.37e+07	133.519	35.5635	16.3584	185.44	
2.375e+07	123.62	47.6835	32.6255	203.929	
2.38e+07	124.519	61.8824	53.551	239.953	
2.385e+07	31.2386	19.4441	193.425	244.108	
2.39e+07	29.2563	167.037	55.0467	251.34	
2.395e+07	18.1927	61.3227	43.0155	122.531	
2.4e+07	50.3724	66.2753	64.5869	181.235	
2.405e+07	30.3855	44.9641	78.2492	153.599	
2.41e+07	35.151	16.3324	86.7684	138.252	
2.415e+07	29.9553	248.997	9.95837	288.91	
2.42e+07	40.3806	124.448	63.7257	228.554	
2.425e+07	18.9869	238.495	101.421	358.902	
2.43e+07	24.0696	29.4612	266.05	319.581	
2.435e+07	35.2898	23.0386	81.3829	139.711	
2.44e+07	15.7641	39.4082	108.885	164.057	
2.445e+07	47.5855	48.4712	63.9967	160.053	
2.45e+07	34.1706	32.0849	27.5192	93.7747	
2.455e+07	217.605	72.9724	9.26204	299.839	
2.46e+07	17.4778	135.018	22.1029	174.599	
2.465e+07	13.2427	177.466	14.9529	205.662	
2.47e+07	17.8196	96.761	72.3806	186.961	
2.475e+07	51.4441	113.616	30.8084	195.868	
2.48e+07	46.8141	83.2857	77.6335	207.733	
2.485e+07	38.9471	8.97571	155.411	203.334	
2.49e+07	109.049	31.4563	58.5243	199.03	
2.495e+07	35.7839	45.9512	124.506	206.241	
2.5e+07	11.8155	34.2998	143.841	189.956	
2.505e+07	21.1069	50.3069	217.791	289.205	
2.51e+07	84.6492	13.841	62.0278	160.518	
2.515e+07	46.9267	39.9624	91.4427	178.332	
2.52e+07	68.8369	102.731	18.3706	189.938	
2.525e+07	29.84	71.1967	25.3724	126.409	
2.53e+07	30.0329	37.5584	16.711	84.3022	
2.535e+07	74.9284	30.9227	10.7135	116.564	
2.54e+07	72.5798	55.7039	89.4206	217.704	
2.545e+07	15.2163	67.0278	111.9	194.144	
2.55e+07	25.1284	74.5227	32.3071	131.958	
2.555e+07	88.7569	8.67265	76.0049	173.434	
2.56e+07	155.677	25.7306	81.0957	262.503	
2.565e+07	343.118	18.3071	22.8378	384.263	
2.57e+07	128.913	45.0378	38.2206	212.172	
2.575e+07	352.22	19.4206	47.9512	419.591	
2.58e+07	61.7227	52.8867	14.4849	129.094	
2.585e+07	286.604	55.4155	6.23286	348.252	
2.59e+07	78.3153	130.501	32.3839	241.2	
2.595e+07	58.2049	159.212	40.7396	258.157	
2.6e+07	46.8327	147.082	31.3406	225.256	
2.605e+07	96.0671	214.351	31.9692	342.388	
2.61e+07	21.0041	197.93	147.841	366.775	
2.615e+07	48.7153	82.9896	167.987	299.692	
2.62e+07	37.6492	12.2082	64.3257	114.183	
2.625e+07	164.902	42.0124	61.0196	267.934	
2.63e+07	105.361	60.2767	34.3814	200.019	
2.635e+07	29.5584	12.0753	96.5227	138.156	
2.64e+07	18.2155	49.0378	35.592	102.845	
2.645e+07	18.0835	37.6263	38.4563	94.1661	
2.65e+07	39.4939	87.3192	160.992	287.805	
2.655e+07	41.9967	27.8196	149.351	219.168	
2.66e+07	79.4686	45.6849	115.437	240.59	
2.665e+07	41.1569	34.8767	68.1071	144.141	
2.67e+07	24.5553	146.191	129.416	300.162	
2.675e+07	15.5069	47.761	76.1829	139.451	
2.68e+07	37.4614	195.061	38.4778	271.001	
2.685e+07	121.535	61.0906	14.2049	196.83	
2.69e+07	117.764	178.037	23.6743	319.475	
2.695e+07	159.243	16.3355	45.9755	221.554	
2.7e+07	132.241	28.6784	38.6824	199.602	
2.705e+07	35.3829	13.791	221.113	270.287	
2.71e+07	55.191	49.961	101.094	206.246	
2.715e+07	28.5592	33.0712	94.5284	156.159	
2.72e+07	39.4335	26.6753	267.45	333.559	
2.725e+07	20.1927	18.3243	359.386	397.902	
2.73e+07	79.7755	33.6941	54.3798	167.849	
2.735e+07	16.6571	56.9869	22.9039	96.548	
2.74e+07	36.6549	113.212	33.0124	182.88	
2.745e+07	33.702	130.302	37.1306	201.135	
2.75e+07	36.6727	94.3592	24.4449	155.477	
2.755e+07	88.0367	79.8857	37.6253	205.548	
2.76e+07	35.7406	57.542	46.0971	139.38	
2.765e+07	17.3978	174.78	31.4043	223.582	
2.77e+07	190.455	17.992	38.591	247.038	
2.775e+07	79.8767	23.351	38.041	141.269	
2.78e+07	66.702	130.997	47.3227	245.021	
2.785e+07	86.9714	41.9592	19.5063	148.437	
2.79e+07	28.2824	95.4369	51.7543	175.474	
2.795e+07	14.311	34.4767	90.5855	139.373	
2.8e+07	15.0041	47.1724	133.719	195.896	
2.805e+07	12.1439	34.7029	62.5284	109.375	
2.81e+07	38.0335	14.8335	211.055	263.922	
2.815e+07	139.58	59.9584	101.287	300.825	
2.82e+07	113.685	26.4827	64.7267	204.894	
2.825e+07	52.6124	35.5927	99.6767	187.882	
2.83e+07	91.1635	98.2196	33.1839	222.567	
2.835e+07	26.4753	68.6286	13.2784	108.382	
2.84e+07	52.8206	95.6155	16.6386	165.075	
2.845e+07	103.983	20.8982	27.9324	152.813	
2.85e+07	45.4498	51.9339	28.9063	126.29	
2.855e+07	198.53	38.7592	32.7869	270.076	
2.86e+07	77.5012	73.5855	26.3398	177.427	
2.865e+07	66.9896	33.0335	38.3396	138.363	
2.87e+07	68.1682	30.9543	36.1796	135.302	
2.875e+07	30.4906	52.7227	14.111	97.3243	
2.88e+07	38.942	78.5706	46.3396	163.852	
2.885e+07	107.861	21.5357	74.8939	204.291	
2.89e+07	122.336	51.2653	10.4582	184.059	
2.895e+07	74.342	90.6253	6.37633	171.344	
2.9e+07	118.919	73.2369	31.2141	223.37	
2.905e+07	73.7398	20.8824	36.0753	130.698	
2.91e+07	41.3855	46.6378	69.9967	158.02	
2.915e+07	26.7635	34.3927	44.5896	105.746	
2.92e+07	107.997	16.3529	100.298	224.648	
2.925e+07	46.36	40.2296	186.144	272.733	
2.93e+07	127.904	17.6182	42.8124	188.334	
2.935e+07	30.8049	32.2998	128.99	192.094	
2.94e+07	18.3227	39.5927	129.826	187.742	
2.945e+07	50.3053	36.7829	120.418	207.506	
2.95e+07	68.0778	41.0492	39.8906	149.018	
2.955e+07	165.233	20.5896	17.2686	203.092	
2.96e+07	65.0296	49.4296	25.6124	140.072	
2.965e+07	29.7869	17.4367	33.9439	81.1676	
2.97e+07	26.4712	65.6563	38.9682	131.096	
2.975e+07	76.3798	169.148	20.7153	266.243	
2.98e+07	14.9192	101.078	13.8163	129.813	
2.985e+07	51.1298	55.662	35.7192	142.511	
2.99e+07	28.4941	23.4571	22.712	74.6633	
2.995e+07	52.1839	28.5763	36.9839	117.744	
3e+07	119.598	69.6212	161.094	350.313	
3.005e+07	61.4753	16.21	68.65	146.335	
3.01e+07	42.7869	22.6998	69.912	135.399	
3.015e+07	30.9553	36.6778	35.2049	102.838	
3.02e+07	38.641	21.7029	32.6329	92.9767	
3.025e+07	57.361	50.7471	63.6614	171.77	
3.03e+07	41.352	196.833	67.1478	305.333	
3.035e+07	41.1324	43.3039	163.99	248.426	
3.04e+07	59.0563	67.9012	73.0778	200.035	
3.045e+07	62.6941	32.6327	127.384	222.711	
3.05e+07	35.542	38.5012	45.5192	119.562	
3.055e+07	26.5284	90.4998	33.392	150.42	
3.06e+07	63.5012	193.576	38.6549	295.732	
3.065e+07	74.1724	84.5298	37.1053	195.808	
3.07e+07	27.4982	30.5978	58.8206	116.917	
3.075e+07	91.392	57.512	56.0141	204.918	
3.08e+07	22.7569	66.2563	14.8492	103.862	
3.085e+07	15.0329	43.3039	46.5967	104.933	
3.09e+07	42.5339	161.76	19.9569	224.251	
3.095e+07	17.5855	55.3763	224.504	297.466	
3.1e+07	52.5184	109.297	23.7798	185.595	
3.105e+07	40.21	98.9592	36.1396	175.309	
3.11e+07	27.3635	50.7071	76.3684	154.439	
3.115e+07	17.8563	59.8427	81.69	159.389	
3.12e+07	9.33143	44.1039	201.021	254.456	
3.125e+07	37.9796	188.026	107.837	333.843	
3.13e+07	90.4182	71.3806	25.7227	187.521	
3.135e+07	36.8767	174.532	71.6041	283.013	
3.14e+07	14.862	46.0849	29.4571	90.4041	
3.145e+07	37.0612	19.5063	67.2212	123.789	
3.15e+07	32.2982	60.5469	60.3624	153.208	
3.155e+07	26.7012	28.1967	117.563	172.461	
3.16e+07	5.23286	16.9192	294.004	316.156	
3.165e+07	98.1235	89.0971	123.554	310.775	
3.17e+07	13.7692	148.957	82.2824	245.009	
3.175e+07	52.5896	73.6998	20.0196	146.309	
3.18e+07	18.1227	29.7135	48.5543	96.3904	
3.185e+07	65.3355	34.4998	15.5553	115.391	
3.19e+07	59.352	37.0367	64.4084	160.797	
3.195e+07	22.6141	78.5839	24.7396	125.938	
3.2e+07	63.7929	21.791	20.8212	106.405	
3.205e+07	54.1886	103.033	74.8492	232.071	
3.21e+07	58.1682	74.4582	20.7896	153.416	
3.215e+07	38.742	72.8824	12.6824	124.307	
3.22e+07	111.016	16.3724	37.2563	164.645	
3.225e+07	24.1355	24.5584	93.0563	141.75	
3.23e+07	59.8084	8.69408	33.2563	101.759	
3.235e+07	51.4296	63.2369	24.0124	138.679	
3.24e+07	88.3553	72.2712	34.8971	195.524	
3.245e+07	84.5053	91.6612	21.512	197.679	
3.25e+07	47.4778	20.4212	98.4563	166.355	
3.255e+07	27.7355	71.4335	78.192	177.361	
3.26e+07	108.694	68.5298	83.192	260.416	
3.265e+07	12.3349	48.7806	87.1069	148.222	
3.27e+07	29.6049	32.7806	61.7298	124.115	
3.275e+07	82.2824	122.049	8.96347	213.295	
3.28e+07	89.1839	126.524	32.6998	248.408	
3.285e+07	218.625	14.9053	79.7706	313.301	
3.29e+07	47.1706	251.091	74.2743	372.536	
3.295e+07	69.7235	131.347	49.1992	250.27	
3.3e+07	70.9855	28.0727	96.792	195.85	
3.305e+07	88.8082	23.2182	17.8827	129.909	
3.31e+07	45.7439	212.788	29.8457	288.377	
3.315e+07	19.7543	239.505	38.8849	298.144	
3.32e+07	11.4824	264.855	13.2212	289.559	
3.325e+07	53.9643	80.6182	86.9896	221.572	
3.33e+07	82.8949	41.352	22.0614	146.308	
3.335e+07	11.9967	86.7978	107.911	206.706	
3.34e+07	16.5992	51.6957	22.56	90.8549	
3.345e+07	53.6778	103.331	20.8124	177.821	
3.35e+07	16.161	82.2286	35.7927	134.182	
3.355e+07	101.804	61.0141	56.712	219.53	
3.36e+07	35.7349	47.6286	21.0212	104.385	
3.365e+07	45.5284	111.141	40.3878	197.057	
3.37e+07	22.4612	20.1684	68.8753	111.505	
3.375e+07	11.4084	60.6329	210.821	282.862	
3.38e+07	14.3682	47.7967	68.7855	130.95	
3.385e+07	100.254	27.8696	49.4482	177.572	
3.39e+07	42.2743	29.7469	183.694	255.715	
3.395e+07	16.791	45.5298	56.7227	119.043	
3.4e+07	18.7153	81.2786	31.791	131.785	
3.405e+07	76.8049	9.27776	84.8563	170.939	
3.41e+07	39.8082	112.485	84.7355	237.029	
3.415e+07	26.6171	15.2941	90.1855	132.097	
3.42e+07	59.0263	78.3927	45.0982	182.517	
3.425e+07	89.9112	28.8492	56.511	175.271	
3.43e+07	64.9039	75.7806	100.449	241.134	
3.435e+07	117.599	95.5763	11.161	224.337	
3.44e+07	92.7512	39.3235	72.09	204.165	
3.445e+07	64.9349	21.4369	33.9314	120.303	
3.45e+07	27.2124	128.726	37.2539	193.192	
3.455e+07	98.9806	119.158	38.0727	256.212	
3.46e+07	39.7112	24.7012	63.2255	127.638	
3.465e+07	177.878	68.6753	26.4906	273.044	
3.47e+07	46.8849	58.3798	87.3529	192.618	
3.475e+07	143.964	44.6196	17.4124	205.996	
3.48e+07	43.1298	28.2539	36.2735	107.657	
3.485e+07	36.992	48.7478	18.56	104.3	
3.49e+07	35.6041	95.311	21.0753	151.99	
3.495e+07	58.3624	55.5584	90.2835	204.204	
3.5e+07	326.617	70.2549	9.15429	406.026	
3.505e+07	86.9339	32.361	46.4367	165.732	
3.51e+07	67.2827	129.473	23.69	220.445	
3.515e+07	11.8712	41.2539	21.2949	74.42	
3.52e+07	32.5063	14.1053	48.5584	95.17	
3.525e+07	38.6041	47.4541	37.0849	123.143	
3.53e+07	14.7829	38.8263	19.6084	73.2176	
3.535e+07	36.4263	33.6541	129.42	199.5	
3.54e+07	95.9235	91.2982	184.563	371.785	
3.545e+07	96.5439	29.7592	91.8827	218.186	
3.55e+07	70.3992	23.6378	73.2263	167.263	
3.555e+07	161.437	33.1855	23.7855	218.408	
3.56e+07	235.513	15.5798	46.0712	297.164	
3.565e+07	102.335	35.8296	98.6335	236.798	
3.57e+07	173.907	42.3029	44.6441	260.854	
3.575e+07	111.113	67.1349	19.6141	197.862	
3.58e+07	109.61	93.6612	43.8441	247.115	
3.585e+07	16.0255	58.3069	21.9929	96.3253	
3.59e+07	35.9635	62.64	45.942	144.546	
3.595e+07	67.6206	58.1641	133.963	259.748	
3.6e+07	244.764	20.2727	33.8663	298.903	
3.605e+07	20.0327	55.6686	9.47837	85.1796	
3.61e+07	49.9071	22.4049	102.791	175.103	
3.615e+07	31.4171	27.6253	69.2753	128.318	
3.62e+07	18.6686	15.8767	129.181	163.727	
3.625e+07	11.1053	27.7284	151.176	190.01	
3.63e+07	19.4653	18.1186	124.666	162.249	
3.635e+07	16.3469	39.751	41.3284	97.4263	
3.64e+07	58.9135	61.862	60.441	181.217	
3.645e+07	81.6498	49.9896	8.42061	140.06	
3.65e+07	285.948	10.591	36.8498	333.389	
3.655e+07	65.3798	37.9284	12.1192	115.427	
3.66e+07	50.1186	11.8482	157.588	219.554	
3.665e+07	16.7469	82.3349	21.0824	120.164	
3.67e+07	172.183	42.8329	9.38551	224.401	
3.675e+07	13.2827	80.6449	76.9349	170.862	
3.68e+07	21.2296	41.5543	128.136	190.92	
3.685e+07	38.8335	27.7798	382.433	449.047	
3.69e+07	49.662	103.199	47.9886	200.85	
3.695e+07	7.8998	85.3349	34.2335	127.468	
3.7e+07	21.8939	20.6441	137.34	179.878	
3.705e+07	11.3398	28.3584	184.65	224.348	
3.71e+07	17.1553	25.8253	64.502	107.483	
3.715e+07	109.017	23.4263	77.1471	209.591	
3.72e+07	58.3692	42.3706	33.9029	134.643	
3.725e+07	93.6563	43.1257	69.9069	206.689	
3.73e+07	127.625	21.9012	34.5339	184.06	
3.735e+07	90.6082	36.462	20.6049	147.675	
3.74e+07	46.6582	57.8998	25.3406	129.899	
3.745e+07	116.119	194.587	52.6196	363.326	
3.75e+07	32.262	146.028	29.7814	208.071	
3.755e+07	130.923	21.2563	46.4982	198.677	
3.76e+07	105.094	60.84	10.0196	175.954	
3.765e+07	67.7469	27.6155	63.16	158.522	
3.77e+07	43.7641	147.62	25.992	217.376	
3.775e+07	80.1406	43.6941	30.2049	154.04	
3.78e+07	78.9512	55.3135	148.005	282.27	
3.785e+07	27.5357	43.0263	152.277	222.839	
3.79e+07	90.6155	37.792	15.5706	143.978	
3.795e+07	16.6906	107.221	90.8939	214.806	
3.8e+07	24.241	20.1192	44.2196	88.5798	
3.805e+07	45.8827	41.7267	69.352	156.961	
3.81e+07	18.7869	14.5429	76.641	109.971	
3.815e+07	25.902	18.2753	70.8369	115.014	
3.82e+07	20.4092	68.3306	32.4378	121.178	
3.825e+07	26.3039	47.392	16.4214	90.1173	
3.83e+07	50.4998	48.7135	10.0278	109.241	
3.835e+07	21.01	80.5798	93.8427	195.432	
3.84e+07	26.1227	97.2696	30.1306	153.523	
3.845e+07	11.7039	54.6941	41.6563	108.054	
3.85e+07	68.8263	28.7324	13.9839	111.543	
3.855e+07	115.204	211.963	61.8563	389.024	
3.86e+07	23.1806	69.6335	43.361	136.175	
3.865e+07	17.3192	123.107	52.4457	192.872	
3.87e+07	18.6212	43.2949	94.6467	156.563	
3.875e+07	39.6712	37.8939	70.4253	147.99	
3.88e+07	70.7396	34.8906	95.6214	201.252	
3.885e+07	21.7763	54.1763	55.2482	131.201	
3.89e+07	121.507	111.275	23.7184	256.501	
3.895e+07	153.654	32.4827	19.8082	205.945	
3.9e+07	264.456	100.134	26.0467	390.637	
3.905e+07	167.466	52.8255	15.3927	235.684	
3.91e+07	92.1682	11.5584	149.18	252.906	
3.915e+07	21.3684	197.466	11.1298	229.964	
3.92e+07	11.6467	26.4196	80.3682	118.434	
3.925e+07	15.1684	14.9339	67.1806	97.2829	
3.93e+07	169.763	15.6549	14.5757	199.994	
3.935e+07	42.8857	55.2155	20.6212	118.722	
3.94e+07	21.1267	18.1186	50.4653	89.7106	
3.945e+07	33.1978	28.1039	75.2082	136.51	
3.95e+07	30.4686	18.4367	28.4335	77.3388	
3.955e+07	13.3012	14.6043	193.941	221.846	
3.96e+07	20.3398	45.2824	83.8049	149.427	
3.965e+07	24.6824	56.1227	154.963	235.769	
3.97e+07	20.2467	145.483	16.5978	182.328	
3.975e+07	56.7992	55.6327	95.3624	207.794	
3.98e+07	141.558	11.312	37.0386	189.909	
3.985e+07	55.2449	41.8824	63.3584	160.486	
3.99e+07	305.732	133.021	35.2082	473.962	
3.995e+07	56.3184	32.1512	110.678	199.148	
4e+07	86.9029	58.1869	50.3886	195.478	
4.005e+07	351.136	29.0539	47.7478	427.937	
4.01e+07	76.911	49.592	20.6778	147.181	
4.015e+07	192.637	81.5878	16.4182	290.643	
4.02e+07	45.3529	32.1569	17.2939	94.8037	
4.025e+07	19.4155	40.1682	38.9135	98.4971	
4.03e+07	54.4482	45.0549	55.4049	154.908	
4.035e+07	27.5112	17.2482	30.7063	75.4657	
4.04e+07	16.9471	36.7339	39.862	93.5431	
4.045e+07	21.4753	127.144	125.697	274.316	
4.05e+07	44.302	154.838	16.9682	216.108	
4.055e+07	53.1398	44.4653	100.993	198.598	
4.06e+07	45.9053	41.0835	74.4492	161.438	
4.065e+07	66.2296	41.9063	26.5869	134.723	
4.07e+07	63.7396	100.126	20.3869	184.252	
4.075e+07	20.4767	192.296	75.5635	288.336	
4.08e+07	26.9396	147.409	55.5869	229.936	
4.085e+07	28.5529	316.61	35.5706	380.733	
4.09e+07	70.1339	212.58	16.5235	299.237	
4.095e+07	36.1471	55.7886	56.7349	148.671	
4.1e+07	151.004	28.591	182.475	362.07	
4.105e+07	19.3227	54.7029	103.473	177.498	
4.11e+07	20.8043	60.5543	30.6696	112.028	
4.115e+07	27.7724	156.218	48.3592	232.35	
4.12e+07	65.3641	53.0824	29.6041	148.051	
4.125e+07	115.163	79.9339	35.0124	230.11	
4.13e+07	22.9069	46.9298	89.9592	159.796	
4.135e+07	55.8141	104.65	143.311	303.775	
4.14e+07	53.3063	89.3069	58.3829	200.996	
4.145e+07	7.98388	77.8049	76.7306	162.519	
4.15e+07	11.5724	134.218	44.241	190.032	
4.155e+07	47.9039	92.1543	69.5186	209.577	
4.16e+07	141.971	61.81	67.312	271.093	
4.165e+07	160.198	22.6367	143.187	326.021	
4.17e+07	173.723	77.0743	48.401	299.198	
4.175e+07	106.801	61.3706	41.8753	210.047	
4.18e+07	82.5112	67.9398	7.07265	157.524	
4.185e+07	140.458	9.75122	60.3624	210.572	
4.19e+07	61.2539	33.9471	30.4369	125.638	
4.195e+07	84.3869	84.1039	67.9543	236.445	
4.2e+07	151.999	47.2906	34.7829	234.073	
4.205e+07	30.2327	28.3684	103.112	161.713	
4.21e+07	46.7112	12.5469	118.361	177.619	
4.215e+07	32.2753	41.2182	87	160.493	
4.22e+07	162.592	20.6043	32.5927	215.789	
4.225e+07	107.266	22.6206	26.4427	156.33	
4.23e+07	66.6457	39.1624	36.4939	142.302	
4.235e+07	50.862	13.2982	38.0084	102.169	
4.24e+07	92.4778	116.318	9.48347	218.28	
4.245e+07	152.389	24.4084	58.8049	235.602	
4.25e+07	105.262	10.9584	57.462	173.682	
4.255e+07	40	19.6867	46.8163	106.503	
4.26e+07	102.616	90.7992	26.6753	220.09	
4.265e+07	31.062	43.1584	28.241	102.461	
4.27e+07	18.0941	80.2329	48.3684	146.695	
4.275e+07	63.742	62.1798	62.0655	187.987	
4.28e+07	140.302	88.0386	24.6084	252.949	
4.285e+07	130.523	82.4263	47.7135	260.663	
4.29e+07	116.094	38.711	40.6539	195.459	
4.295e+07	48.7855	47.9439	36.9829	133.712	
4.3e+07	23.3886	83.6941	49.951	157.034	
4.305e+07	112.748	22.4655	30.1886	165.402	
4.31e+07	15.7855	17.0824	78.2541	111.122	
4.315e+07	29.8367	33.5039	30.0498	93.3904	
4.32e+07	217.328	25.952	35.0092	278.29	
4.325e+07	210.456	159.119	7.9398	377.515	
4.33e+07	202.887	37.1298	27.7039	267.72	
4.335e+07	111.433	96.7682	18.8767	227.078	
4.34e+07	35.8163	14.4563	57.7406	108.013	
4.345e+07	39.1439	49.0653	15.0492	103.258	
4.35e+07	104.447	14.1992	21.7992	140.445	
4.355e+07	50.0541	115.458	28.6696	194.182	
4.36e+07	105.229	54.7692	12.6898	172.688	
4.365e+07	39.4196	48.0614	44.2196	131.701	
4.37e+07	33.7798	102.548	83.1796	219.507	
4.375e+07	5.98143	38.9829	250.273	295.237	
4.38e+07	37.9063	15.1706	24.2653	77.3422	
4.385e+07	33.7978	69.1439	9.81714	112.759	
4.39e+07	40.3192	100.732	69.2867	210.338	
4.395e+07	149.698	92.7829	70.6612	313.142	
4.4e+07	23.7967	54.6971	38.4182	116.912	
4.405e+07	44.9724	45.0196	17.9069	107.899	
4.41e+07	105.233	30.5839	45.4857	181.302	
4.415e+07	43.1039	133.844	73.4735	250.421	
4.42e+07	17.961	225.363	55.2278	298.552	
4.425e+07	45.601	24.3012	134.999	204.901	
4.43e+07	30.3063	39.9324	86.8982	157.137	
4.435e+07	81.641	54.441	33.6786	169.761	
4.44e+07	51.4663	38.9682	65.4949	155.929	
4.445e+07	35.4253	46.4278	56.902	138.755	
4.45e+07	106.78	37.9324	67.5512	212.263	
4.455e+07	74.0386	29.2939	30.0655	133.398	
4.46e+07	35.902	10.0539	91.7796	137.736	
4.465e+07	57.9306	70.8084	102.043	230.782	
4.47e+07	49.5355	25.1053	82.3324	156.973	
4.475e+07	59.8212	22.8941	154.562	237.278	
4.48e+07	61.7763	24.3543	76.7529	162.883	
4.485e+07	24.1439	54.3478	15.512	94.0037	
4.49e+07	38.5224	16.1829	108.176	162.881	
4.495e+07	153.961	36.2124	39.8263	230	
4.5e+07	108.313	75.9063	66.9053	251.125	
4.505e+07	256.485	16.401	43.3978	316.284	
4.51e+07	89.3553	111.928	33.1192	234.403	
4.515e+07	46.9967	124.69	46.8084	218.495	
4.52e+07	40.9184	343.751	6.96245	391.632	
4.525e+07	189.912	80.9053	90.7184	361.536	
4.53e+07	44.2049	69.6278	94.9624	208.795	
4.535e+07	54.1755	55.4563	42.1478	151.78	
4.54e+07	34.3878	47.9682	48.6549	131.011	
4.545e+07	48.3684	17.4043	98.2084	163.981	
4.55e+07	13.2124	45.5339	96.5553	155.302	
4.555e+07	80.4084	100.826	22.1112	203.346	
4.56e+07	130.501	157.53	31.3839	319.415	
4.565e+07	45.9512	32.8727	22.7814	101.605	
4.57e+07	8.0849	103.186	18.5135	129.784	
4.575e+07	149.269	10.1529	92.6212	252.043	
4.58e+07	35.0939	40.4253	284.218	359.737	
4.585e+07	94.8498	21.2941	124.704	240.848	
4.59e+07	37.8141	95.9406	30.3839	164.139	
4.595e+07	148.261	69.2367	69.4492	286.947	
4.6e+07	49.8982	39.3635	58.0457	147.307	
4.605e+07	34.8335	32.192	107.78	174.805	
4.61e+07	46.2214	137.957	11.751	195.929	
4.615e+07	16.8906	174.707	56.3641	247.962	
4.62e+07	25.2563	98.4255	107.964	231.646	
4.625e+07	37.2778	60.0498	44.8971	142.225	
4.63e+07	44.8335	81.7053	35.2182	161.757	
4.635e+07	17.1012	168.016	76.9839	262.101	
4.64e+07	38.2124	46.041	15.1796	99.4331	
4.645e+07	242.131	23.2369	9.19776	274.566	
4.65e+07	112.941	52.1298	35.6296	200.7	
4.655e+07	95.2049	13.6906	74.7284	183.624	
4.66e+07	40.3584	38.0498	66.3992	144.807	
4.665e+07	5.72265	71.5243	55.5224	132.769	
4.67e+07	41.3339	80.9324	37.2835	159.55	
4.675e+07	43.5396	168.751	111.764	324.055	
4.68e+07	46.8171	80.8998	48.3553	176.072	
4.685e+07	20.2482	43.5569	47.601	111.406	
4.69e+07	15.4286	42.7512	98.761	156.941	
4.695e+07	43.8784	104.848	34.8539	183.58	
4.7e+07	23.1298	185.694	32.6735	241.497	
4.705e+07	106.155	77.641	12.5284	196.325	
4.71e+07	57.1192	33.6784	78.4329	169.23	
4.715e+07	59.9349	14.7967	103.605	178.337	
4.72e+07	67.1724	24.0114	26.2212	117.405	
4.725e+07	17.1896	113.047	27.4941	157.73	
4.73e+07	7.86857	107.498	44.0427	159.409	
4.735e+07	32.8441	109.963	96.142	238.95	
4.74e+07	117.405	8.78776	165.523	291.715	
4.745e+07	39.361	77.3298	39.2441	155.935	
4.75e+07	48.0612	214.751	56.4712	319.284	
4.755e+07	27.6539	37.1314	34.361	99.1463	
4.76e+07	27.2906	35.111	63.7227	126.124	
4.765e+07	103.357	128.393	105.302	337.052	
4.77e+07	21.6278	175.844	104.368	301.84	
4.775e+07	32.4735	72.3396	104.922	209.736	
4.78e+07	99.4767	53.3135	86.6663	239.457	
4.785e+07	26.6163	31.8084	116.008	174.433	
4.79e+07	13.3314	68.1643	89.6957	171.191	
4.795e+07	36.6906	17.9339	65.5967	120.221	
4.8e+07	29.1039	28.3469	107.368	164.819	
4.805e+07	26.3814	184.153	98.8124	309.347	
4.81e+07	225.102	74.21	204.506	503.818	
4.815e+07	92.7284	34.3243	47.0957	174.148	
4.82e+07	131.357	31.8712	18.8329	182.061	
4.825e+07	37.3153	100.393	43.6084	181.316	
4.83e+07	37.2212	160.954	52.3829	250.558	
4.835e+07	70.0571	60.2835	39.6	169.941	
4.84e+07	60.6778	53.6043	32.4941	146.776	
4.845e+07	40.1584	22.1069	31.1992	93.4645	
4.85e+07	22.9192	157.157	193.256	373.332	
4.855e+07	46.3978	37.7039	14.1978	98.2994	
4.86e+07	106.029	56.2686	69.312	231.609	
4.865e+07	61.0696	30.6582	29.7855	121.513	
4.87e+07	24.9349	38.2784	99.9692	163.182	
4.875e+07	8.39265	94.311	187.764	290.468	
4.88e+07	33.2141	83.3184	52.311	168.843	
4.885e+07	64.3478	63.5684	107.74	235.656	
4.89e+07	21.0171	66.312	90.1324	177.462	
4.895e+07	71.2906	40.5706	81.9829	193.844	
4.9e+07	152.993	63.1396	25.1396	241.272	
4.905e+07	12.7592	37.0327	59.942	109.734	
4.91e+07	26.0369	229.911	22.6492	278.597	
4.915e+07	22.1349	115.426	6.06857	143.63	
4.92e+07	61.6767	32.392	46.9478	141.017	
4.925e+07	59.5112	112.997	26.8998	199.408	
4.93e+07	131.751	46.7355	12.4124	190.899	
4.935e+07	26.6653	25.2571	11.8196	63.742	
4.94e+07	241.357	24.742	36.8663	302.965	
4.945e+07	53.1029	135.557	21.9053	210.565	
4.95e+07	76.5192	58.4614	27.9349	162.916	
4.955e+07	114.462	157.049	27.6286	299.14	
4.96e+07	46.69	85.7878	52.8549	185.333	
4.965e+07	22.0335	97.4549	35.8941	155.382	
4.97e+07	43.462	76.1063	91.2482	210.817	
4.975e+07	131.062	91.8386	56.1814	279.082	
4.98e+07	8.46551	38.9584	132.563	179.987	
4.985e+07	178.02	7.03776	62.8278	247.885	
4.99e+07	26.4767	93.7357	64.8043	185.017	
4.995e+07	66.3553	164.198	25.8124	256.366	
5e+07	153.932	93.2655	22.7039	269.902	
5.005e+07	192.73	40.1992	18.5806	251.51	
5.01e+07	46.3039	50.0492	38.7478	135.101	
5.015e+07	38.312	90.0778	43.6582	172.048	
5.02e+07	24.2735	103.923	26.2614	154.458	
5.025e+07	48.8141	39.9992	75.3798	164.193	
5.03e+07	65.7896	27.0041	43.5186	136.312	
5.035e+07	103.372	30.2898	57.1724	190.835	
5.04e+07	21.7978	66.7757	117.89	206.463	
5.045e+07	36.1706	63.9053	41.3406	141.417	
5.05e+07	28.3314	28.3543	41.6335	98.3192	
5.055e+07	126.001	43.6835	49.0141	218.699	
5.06e+07	37.0441	33.3967	61.4982	131.939	
5.065e+07	167.071	28.5757	43.9624	239.609	
5.07e+07	59.9184	155.951	42.6084	258.478	
5.075e+07	19.0498	148.98	57.4971	225.527	
5.08e+07	48.6778	63.5755	61.2441	173.497	
5.085e+07	22.4492	78.0467	63.5878	164.084	
5.09e+07	65.1878	21.711	45.391	132.29	
5.095e+07	88.0296	32.8278	40.1927	161.05	
5.1e+07	56.5257	56.5339	39.6041	152.664	
5.105e+07	98.4492	30.592	67.2824	196.324	
5.11e+07	29.1227	17.0467	59.3635	105.533	
5.115e+07	23.6467	38.4727	33.9896	96.109	
5.12e+07	229.075	56.0655	33.1927	318.333	
5.125e+07	16.1543	177.532	27.9878	221.674	
5.13e+07	110.254	60.542	12.4712	183.267	
5.135e+07	79.6735	45.2049	33.2092	158.088	
5.14e+07	11.5267	224.531	21.3053	257.363	
5.145e+07	22.4743	114.641	31.3724	168.488	
5.15e+07	46.0614	61.96	85.1306	193.152	
5.155e+07	33.3439	28.1992	64.5039	126.047	
5.16e+07	149.98	32.6286	68.1512	250.759	
5.165e+07	33.2949	80.8712	27.1357	141.302	
5.17e+07	44.4378	16.9512	39.2767	100.666	
5.175e+07	152.144	134.282	65.4492	351.876	
5.18e+07	47.2212	21.3267	13.8467	82.3947	
5.185e+07	62.8686	34.8784	41.9396	139.687	
5.19e+07	121.941	24.5839	51.5339	198.058	
5.195e+07	17.9298	69.6335	67.352	154.915	
5.2e+07	21.8278	44.4196	160.244	226.491	
5.205e+07	117.719	49.0998	116.228	283.046	
5.21e+07	141.111	44.4212	76.2482	261.78	
5.215e+07	128.498	37.0441	7.98286	173.525	
5.22e+07	333.74	20.7553	31.3349	385.83	
5.225e+07	56.1298	20.5298	28.1967	104.856	
5.23e+07	67.4498	136.369	14.6286	218.448	
5.235e+07	61.0427	47.311	45.1153	153.469	
5.24e+07	15.4492	39.8712	88.8441	144.164	
5.245e+07	25.0482	84.8612	81.6612	191.571	
5.25e+07	47.0571	53.111	45.551	145.719	
5.255e+07	23.5153	53.3635	61.5724	138.451	
5.26e+07	12.4327	73.7267	33.8539	120.013	
5.265e+07	21.7584	217.421	36.9624	276.141	
5.27e+07	13.3039	53.7227	27.1112	94.1378	
5.275e+07	11.6824	65.9063	23.0735	100.662	
5.28e+07	81.2196	255.704	31.0441	367.968	
5.285e+07	57.992	94.1135	19.3324	171.438	
5.29e+07	11.0335	141.27	16.8049	169.108	
5.295e+07	12.8778	26.3135	116.105	155.297	
5.3e+07	15.8982	93.1029	143.33	252.331	
5.305e+07	39.0263	15.5112	149.127	203.664	
5.31e+07	140.23	49.201	58.7839	248.214	
5.315e+07	35.9839	31.9978	16.36	84.3416	
5.32e+07	122.728	63.3355	35.16	221.224	
5.325e+07	71.9553	194.104	60.2857	326.345	
5.33e+07	65.2982	138.163	24.3763	227.838	
5.335e+07	23.4784	35.76	65.8327	125.071	
5.34e+07	54.1069	72.9012	39.8784	166.887	
5.345e+07	24.992	161.571	155.6	342.163	
5.35e+07	57.8655	189.78	31.8784	279.524	
5.355e+07	58.1927	43.4196	48.0655	149.678	
5.36e+07	87.712	60.1569	31.9298	179.799	
5.365e+07	39.2278	259.612	204.091	502.931	
5.37e+07	36.9071	31.3469	51.3306	119.585	
5.375e+07	93.2092	105.425	51.2655	249.9	
5.38e+07	52.4049	104.199	16.5969	173.201	
5.385e+07	17.5306	120.016	24.0849	161.632	
5.39e+07	15.6941	54.8778	59.3755	129.947	
5.395e+07	27.7349	45.5855	15.0549	88.3753	
5.4e+07	166.162	5.87531	21.9641	194.002	
5.405e+07	21.0182	64.0296	153.507	238.555	
5.41e+07	15.5692	90.9267	200.519	307.014	
5.415e+07	24.0296	23.9512	26.1569	74.1378	
5.42e+07	14.1796	12.1243	78.4041	104.708	
5.425e+07	89.8441	70.2671	30.9692	191.08	
5.43e+07	55.0041	19.8549	36.96	111.819	
5.435e+07	52.1878	83.0767	6.58959	141.854	
5.44e+07	92.7339	365.837	15.5992	474.17	
5.445e+07	97.5869	350.907	16.5755	465.07	
5.45e+07	22.5796	45.7869	55.1967	123.563	
5.455e+07	80.5224	32.2786	39.5284	152.329	
5.46e+07	52.7869	124.504	127.947	305.238	
5.465e+07	23.5396	18.9396	360.058	402.537	
5.47e+07	165.987	23.7063	101.249	290.942	
5.475e+07	56.1706	21.4467	172.742	250.359	
5.48e+07	270.878	22.4335	119.873	413.185	
5.485e+07	26.3992	49.2329	245.906	321.538	
5.49e+07	41.3878	85.0498	46.1992	172.637	
5.495e+07	174.514	35.4255	34.112	244.052	
5.5e+07	32.7012	190.628	40.2141	263.543	
5.505e+07	95.4612	40.1814	83.6212	219.264	
5.51e+07	181.671	26.5798	173.735	381.986	
5.515e+07	89.7878	72.49	14.9069	177.185	
5.52e+07	35.4778	89.4982	59.1543	184.13	
5.525e+07	104.923	70.2549	19.5257	194.704	
5.53e+07	94.8286	153.255	43.2563	291.34	
5.535e+07	69.5992	31.4614	8.23347	109.294	
5.54e+07	26.7227	30.3439	147.09	204.157	
5.545e+07	74.8492	44.8084	170.641	290.299	
5.55e+07	35.4655	22.5839	64.5471	122.597	
5.555e+07	57.0539	40.2735	68.3039	165.631	
5.56e+07	32.8686	56.7298	19.312	108.91	
5.565e+07	30.0155	40.6867	29.1553	99.8576	
5.57e+07	34.2329	9.63694	68.6369	112.507	
5.575e+07	36.8212	72.1641	25.0957	134.081	
5.58e+07	24.7878	111.704	98.5978	235.089	
5.585e+07	15.2712	142.016	140.971	298.257	
5.59e+07	67.5967	39.6255	200.161	307.383	
5.595e+07	23.8212	17.7978	68.1053	109.724	
5.6e+07	55.2092	18.4092	25.912	99.5304	
5.605e+07	39.8196	46.951	79.0753	165.846	
5.61e+07	32.5978	94.6906	69.0941	196.382	
5.615e+07	8.16918	31.8335	74.3192	114.322	
5.62e+07	48.6427	36.8296	87.7135	173.186	
5.625e+07	20.6449	144.997	47.3967	213.039	
5.63e+07	13.942	35.0196	48.6263	97.588	
5.635e+07	40.6549	16.7398	62.0114	119.406	
5.64e+07	247.781	28.0712	28.5235	304.375	
5.645e+07	41.1235	38.7798	99.6327	179.536	
5.65e+07	22.5135	57.7257	80.0727	160.312	
5.655e+07	39.5592	74.4541	36.8827	150.896	
5.66e+07	30.6686	57.7855	43.3763	131.83	
5.665e+07	27.6784	44.7724	29.7927	102.243	
5.67e+07	53.1796	34.3039	61.0092	148.493	
5.675e+07	38.5624	17.942	38.6727	95.1771	
5.68e+07	168.848	31.1355	116.306	316.29	
5.685e+07	78.0549	26.4369	77.7135	182.205	
5.69e+07	23.4998	57.2784	69.4369	150.215	
5.695e+07	45.3267	155.747	20.041	221.115	
5.7e+07	46.0614	99.201	57.7869	203.049	
5.705e+07	29.2278	80.0155	18.5284	127.772	
5.71e+07	18.0563	47.1635	69.3298	134.55	
5.715e+07	76.6727	8.95531	134.454	220.082	
5.72e+07	13.862	57.7398	197.387	268.989	
5.725e+07	51.5624	149.866	82.1641	283.592	
5.73e+07	29.4141	132.984	35.8124	198.21	
5.735e+07	142.984	10.4296	152.833	306.246	
5.74e+07	56.1757	43.1243	99.2212	198.521	
5.745e+07	119.932	33.8906	44.8727	198.696	
5.75e+07	84.391	83.2196	16.9478	184.558	
5.755e+07	10.1396	34.7184	162.927	207.785	
5.76e+07	82.0982	24.7339	40.6255	147.458	
5.765e+07	109.799	15.3235	54.9635	180.086	
5.77e+07	64.641	39.8696	66.3635	170.874	
5.775e+07	4.18776	193.221	107.104	304.513	
5.78e+07	38.5929	62.5978	50.441	151.632	
5.785e+07	52.9053	55.041	129.586	237.532	
5.79e+07	15.3398	28.742	111.148	155.23	
5.795e+07	8.16918	63.4082	40.5355	112.113	
5.8e+07	39.5406	16.0196	52.752	108.312	
5.805e+07	36.7584	21.4386	287.784	345.981	
5.81e+07	45.0671	64.8049	39.0141	148.886	
5.815e+07	28.641	69.9406	90.1324	188.714	
5.82e+07	51.9992	31.561	229.816	313.377	
5.825e+07	39.6049	61.9992	134.944	236.548	
5.83e+07	24.8857	24.7641	227.878	277.528	
5.835e+07	21.5967	50.2498	339.918	411.765	
5.84e+07	34.3478	8.72673	128.837	171.911	
5.845e+07	90.6041	51.5967	19.5896	161.79	
5.85e+07	22.462	79.6778	55.9324	158.072	
5.855e+07	77.6655	117.93	19.7724	215.368	
5.86e+07	57.4767	35.6253	107.902	201.004	
5.865e+07	19.1635	88.3284	84.2335	191.725	
5.87e+07	140.336	34.5355	101.812	276.683	
5.875e+07	103.563	99.0141	48.7512	251.329	
5.88e+07	151.218	25.2124	22.801	199.232	
5.885e+07	8.55429	61.792	77.992	148.338	
5.89e+07	91.3969	71.3478	28.7763	191.521	
5.895e+07	8.58388	46.1755	45.3267	100.086	
5.9e+07	67.4753	22.6498	62.3714	152.497	
5.905e+07	53.1584	8.78551	81.5355	143.479	
5.91e+07	44.7553	41.6971	26.8278	113.28	
5.915e+07	20.3349	73.1398	59.1135	152.588	
5.92e+07	173.927	36.3553	55.4214	265.703	
5.925e+07	137.501	177.658	23.8441	339.003	
5.93e+07	40.2049	132.098	35.2378	207.541	
5.935e+07	20.942	29.711	109.701	160.354	
5.94e+07	51.2082	50.9512	83.8084	185.968	
5.945e+07	24.3978	86.4767	99.4778	210.352	
5.95e+07	27.69	16.1643	270.711	314.565	
5.955e+07	26.4663	51.4982	55.3992	133.364	
5.96e+07	46.9855	14.0427	33.5641	94.5922	
5.965e+07	68.1235	75.6753	20.9439	164.743	
5.97e+07	61.0778	28.2549	55.7706	145.103	
5.975e+07	63.0278	39.2824	151.776	254.087	
5.98e+07	17.912	65.2957	70.2827	153.49	
5.985e+07	90.5682	25.3224	54.3349	170.226	
5.99e+07	13.3878	40.0612	75.7063	129.155	
5.995e+07	50.1135	43.2939	38.8549	132.262	
6e+07	20.4329	77.8906	19.0263	117.35	
6.005e+07	66.8835	376.018	185.932	628.834	
6.01e+07	8.67122	70.8253	69.3324	148.829	
6.015e+07	85.2563	13.8712	77.3324	176.46	
6.02e+07	98.9706	52.7478	42.9267	194.645	
6.025e+07	68.0329	49.5553	89.24	206.828	
6.03e+07	20.552	51.7267	86.3624	158.641	
6.035e+07	19.89	141.41	46.192	207.492	
6.04e+07	46.6378	55.2941	43.6957	145.628	
6.045e+07	21.0696	19.3192	259.043	299.431	
6.05e+07	35.2296	101	27.2753	163.505	
6.055e+07	40.342	52.0939	32.4906	124.927	
6.06e+07	44.6253	33.0549	277.078	354.759	
6.065e+07	34.4253	46.9284	150.598	231.951	
6.07e+07	7.49408	72.2939	290.601	370.389	
6.075e+07	129.728	92.0182	47.5896	269.336	
6.08e+07	72.3706	47.6467	174.883	294.901	
6.085e+07	11.2212	92.6563	14.4263	118.304	
6.09e+07	23.4255	40.5692	123.732	187.727	
6.095e+07	24.9406	73.9192	59.9829	158.843	
6.1e+07	86.8441	97.8367	67.0696	251.75	
6.105e+07	292.33	16.4541	24.8582	333.642	
6.11e+07	132.731	29.7529	57.0712	219.556	
6.115e+07	39.6941	39.3969	45.6492	124.74	
6.12e+07	44.1063	43.742	19.7186	107.567	
6.125e+07	22.6263	74.8539	46.311	143.791	
6.13e+07	29.0727	50.2214	92.1478	171.442	
6.135e+07	82.8467	10.4941	24.3396	117.68	
6.14e+07	39.3355	27.49	108.168	174.994	
6.145e+07	46.3839	29.4939	177.42	253.297	
6.15e+07	53.401	43.6767	73.3896	170.467	
6.155e+07	193.626	33.1512	20.3814	247.159	
6.16e+07	35.8	64.9553	28.1298	128.885	
6.165e+07	264.361	20.3135	20.9184	305.593	
6.17e+07	212.112	44.1969	17.1063	273.415	
6.175e+07	61.2857	58.4492	30.9641	150.699	
6.18e+07	39.4582	61.5339	34.8196	135.812	
6.185e+07	25.502	82.3227	26.2206	134.045	
6.19e+07	57.352	24.4655	33.7714	115.589	
6.195e+07	65.2539	16.7186	60.8124	142.785	
6.2e+07	57.6939	37.8614	49.5978	145.153	
6.205e+07	13.8467	67.2378	58.9855	140.07	
6.21e+07	129.443	38.9714	173.048	341.462	
6.215e+07	63.1192	21.3469	151.935	236.401	
6.22e+07	49.5978	76.5355	61.9814	188.115	
6.225e+07	42.3543	81.991	20.8124	145.158	
6.23e+07	16.3227	26.6982	132.357	175.378	
6.235e+07	20.3069	79.6827	180.13	280.119	
6.24e+07	13.2498	19.9349	84.4171	117.602	
6.245e+07	23.1855	49.1643	105.93	178.28	
6.25e+07	152.506	44.4327	35.7855	232.724	
6.255e+07	25.5929	51.8671	107.504	184.964	
6.26e+07	51.2563	128.964	45.1992	225.42	
6.265e+07	83.8367	20.4539	100.586	204.876	
6.27e+07	123.571	22.9855	115.078	261.634	
6.275e+07	59.8753	113.357	79.2743	252.507	
6.28e+07	107.008	162.761	54.4686	324.238	
6.285e+07	31.9227	131.906	27.2141	191.043	
6.29e+07	58.9569	82.5692	31.1839	172.71	
6.295e+07	64.3682	164.075	46.6206	275.064	
6.3e+07	29.711	22.0386	37.2196	88.9692	
6.305e+07	106.405	62.4335	32.7135	201.552	
6.31e+07	72.761	38.7806	104.74	216.281	
6.315e+07	19.3641	45.5878	120.323	185.274	
6.32e+07	45.65	78.8867	124.204	248.741	
6.325e+07	48.2141	107.364	26.7063	182.284	
6.33e+07	84.761	133.789	37.5978	256.147	
6.335e+07	71.8653	14.3012	42.6549	128.821	
6.34e+07	87.2778	65.7029	27.5886	180.569	
6.345e+07	84.1706	71.6614	16.7406	172.573	
6.35e+07	48.6727	47.601	22.2492	118.523	
6.355e+07	134.475	6.36245	51.0867	191.924	
6.36e+07	302.414	11.0941	23.7814	337.29	
6.365e+07	126.073	17.7478	54.3349	198.156	
6.37e+07	61.2386	76.3624	56.0043	193.605	
6.375e+07	184.811	13.8255	39.24	237.877	
6.38e+07	145.291	17.0296	15.0467	177.367	
6.385e+07	70.3355	9.8998	12.1069	92.3422	
6.39e+07	29.7635	28.6998	44.5927	103.056	
6.395e+07	88.7314	46.8784	158.934	294.544	
6.4e+07	94.2767	21.9512	81.4253	197.653	
6.405e+07	49.942	52.6286	63.8898	166.46	
6.41e+07	17.3396	46.9641	43.4092	107.713	
6.415e+07	16.8767	101.25	166.273	284.399	
6.42e+07	11.311	96.4824	139.564	247.358	
6.425e+07	45.0498	39.3135	15.2084	99.5716	
6.43e+07	27.1869	68.511	26.1512	121.849	
6.435e+07	48.0663	22.6957	37.0939	107.856	
6.44e+07	65.8982	29.1927	21.0582	116.149	
6.445e+07	342.787	104.359	108.9	556.046	
6.45e+07	22.3243	30.3063	41.2196	93.8502	
6.455e+07	11.8335	38.6663	131.788	182.288	
6.46e+07	26.0441	16.5641	275.283	317.891	
6.465e+07	88.0549	46.9829	30.7992	165.837	
6.47e+07	21.4263	144.078	114.176	279.68	
6.475e+07	24.0727	115.625	62.3439	202.042	
6.48e+07	15.6571	83.6367	68.9967	168.291	
6.485e+07	150.507	21.6369	198.131	370.274	
6.49e+07	31.961	61.9227	143.291	237.174	
6.495e+07	126.044	55.5978	105.551	287.193	
6.5e+07	152.605	7.59102	44.2696	204.466	
6.505e+07	58.0386	73.3029	46.992	178.333	
6.51e+07	38.7478	41.1967	50.4982	130.443	
6.515e+07	22.2857	110.368	21.2849	153.939	
6.52e+07	59.0084	366.061	9.86143	434.931	
6.525e+07	65.0163	101.789	23.8041	190.609	
6.53e+07	19.2786	80.2386	116.817	216.334	
6.535e+07	77.3071	18.5324	73.5339	169.373	
6.54e+07	25.3339	80.4727	61.7349	167.541	
6.545e+07	13.6498	40.8378	80.0441	134.532	
6.55e+07	43.6727	50.7298	40.4655	134.868	
6.555e+07	138.34	51.0971	23.4824	212.919	
6.56e+07	166.501	42.1763	93.1512	301.829	
6.565e+07	70.1927	41.9063	54.6084	166.707	
6.57e+07	67.5682	14.1641	97.0335	178.766	
6.575e+07	59.4253	34.9724	68.2498	162.648	
6.58e+07	88.2369	104.005	112.498	304.74	
6.585e+07	30.2541	23.9153	131.112	185.281	
6.59e+07	31.161	27.2849	209.886	268.332	
6.595e+07	23.1763	58.6182	76.7969	158.591	
6.6e+07	76.9355	76.1429	64.6498	217.728	
6.605e+07	55.2041	78.9798	212.56	346.744	
6.61e+07	101.39	24.7398	103.075	229.205	
6.615e+07	51.3349	74.7569	58.0482	184.14	
6.62e+07	111.641	93.5192	37.0124	242.173	
6.625e+07	138.928	45.4084	25.8498	210.187	
6.63e+07	64.2696	112.208	31.9349	208.413	
6.635e+07	61.1692	242.804	24.3406	328.314	
6.64e+07	61.4549	38.3512	45.8212	145.627	
6.645e+07	33.8949	65.9814	60.1398	160.016	
6.65e+07	90.3355	28.3406	154.625	273.301	
6.655e+07	13.0998	21.1927	111.192	145.484	
6.66e+07	16.4949	30.4663	229.511	276.472	
6.665e+07	67.8753	47.0441	40.5692	155.489	
6.67e+07	119.358	32.841	21.8712	174.071	
6.675e+07	91.351	76.69	20.2482	188.289	
6.68e+07	46.561	13.2335	118.467	178.262	
6.685e+07	57.8849	43.4335	60.6827	162.001	
6.69e+07	57.2155	203.523	11.2939	272.033	
6.695e+07	19.161	131.789	13.4482	164.398	
6.7e+07	50.0784	101.59	68.5324	220.2	
6.705e+07	33.5112	31.2163	22.6482	87.3757	
6.71e+07	26.302	28.6043	60.6092	115.516	
6.715e+07	30.5896	65.542	59.0141	155.146	
6.72e+07	32.3478	36.0906	20.89	89.3284	
6.725e+07	42.7053	16.8155	59.8278	119.349	
6.73e+07	42.1967	65.512	62.0982	169.807	
6.735e+07	15.8655	17.1153	64.1692	97.15	
6.74e+07	30.6092	79.3355	184.324	294.269	
6.745e+07	16.0614	29.6849	44.961	90.7073	
6.75e+07	15.4982	56.911	85.2582	157.667	
6.755e+07	45.0982	58.0482	84.8906	188.037	
6.76e+07	56.2549	78.0539	49.3682	183.677	
6.765e+07	42.262	38.8263	88.2124	169.301	
6.77e+07	116.204	30.7692	160.862	307.836	
6.775e+07	19.7512	57.4906	47.9706	125.212	
6.78e+07	86.9878	105.649	36.9339	229.571	
6.785e+07	57.6196	23.1553	14.5349	95.3098	
6.79e+07	14.7796	77.2041	125.605	217.589	
6.795e+07	27.7135	19.7896	165.305	212.808	
6.8e+07	94.8182	18.9186	296.999	410.736	
6.805e+07	216.473	111.856	15.4196	343.749	
6.81e+07	19.2712	61.1624	16.361	96.7947	
6.815e+07	149.633	61.0906	20.791	231.514	
6.82e+07	162.25	13.8084	70.2614	246.32	
6.825e+07	41.3227	94.8582	26.2049	162.386	
6.83e+07	136.49	138.47	26.5355	301.495	
6.835e+07	24.0827	75.3896	40.3355	139.808	
6.84e+07	48.0971	64.2378	76.7357	189.071	
6.845e+07	63.3569	100.409	9.54694	173.313	
6.85e+07	137.399	17.3839	31.8582	186.641	
6.855e+07	57.5112	54.5339	16.7682	128.813	
6.86e+07	70.5192	36.8206	12.8998	120.24	
6.865e+07	64.111	89.6141	171.312	325.037	
6.87e+07	26.4614	113.426	158.114	298.002	
6.875e+07	32.4957	96.8329	92.7478	222.076	
6.88e+07	32.1967	82.6	93.9757	208.772	
6.885e+07	68.3896	9.0549	92.1635	169.608	
6.89e+07	13.1478	68.6549	47.7284	129.531	
6.895e+07	114.105	38.3641	128.614	281.083	
6.9e+07	24.5755	16.9349	101.752	143.262	
6.905e+07	36.512	22.1641	88.312	146.988	
6.91e+07	14.992	108.398	40.9314	164.321	
6.915e+07	38.2867	43.3806	63.7071	145.374	
6.92e+07	21.6671	189.618	150.784	362.069	
6.925e+07	103.105	76.5796	7.59265	187.278	
6.93e+07	99.192	40.4253	24.9355	164.553	
6.935e+07	44.7257	58.662	49.4335	152.821	
6.94e+07	93.161	14.6998	13.4141	121.275	
6.945e+07	34.7692	10.96	58.25	103.979	
6.95e+07	32.2712	102.397	52.0778	186.746	
6.955e+07	80.6998	17.4084	172.494	270.602	
6.96e+07	12.25	60.4335	103.914	176.598	
6.965e+07	123.094	10.1684	47.8041	181.066	
6.97e+07	89.5706	48.8549	51.29	189.716	
6.975e+07	141.392	11.0671	82.3243	234.783	
6.98e+07	31.5927	77.801	101.454	210.848	
6.985e+07	67.5298	19.6286	45.3069	132.465	
6.99e+07	60.8498	23.7798	88.2255	172.855	
6.995e+07	34.351	13.3584	56.6212	104.331	
7e+07	86.5635	124.39	106.914	317.867	
7.005e+07	75.2367	32.752	41.2727	149.261	
7.01e+07	15.3349	95.6084	31.512	142.455	
7.015e+07	30.2467	45.9992	43.6906	119.937	
7.02e+07	88.391	26.8941	97.7469	213.032	
7.025e+07	17.4206	74.7855	83.0082	175.214	
7.03e+07	15.1624	339.164	19.6582	373.985	
7.035e+07	40.6141	74.8427	27.8498	143.307	
7.04e+07	117.478	17.3243	114.256	249.059	
7.045e+07	18.8278	29.8549	120.058	168.741	
7.05e+07	44.9641	12.2735	93.5927	150.83	
7.055e+07	73.1355	49.0655	137.94	260.141	
7.06e+07	21.1112	29.6114	24.1324	74.8551	
7.065e+07	52.1978	40.6084	43.5349	136.341	
7.07e+07	17.591	269.391	20.7396	307.722	
7.075e+07	53.5757	18.2957	75.2712	147.143	
7.08e+07	55.1257	77.9184	31.6049	164.649	
7.085e+07	76.2335	95.992	33.65	205.876	
7.09e+07	35.2155	57.4253	37.9512	130.592	
7.095e+07	31.9829	132.932	23.7355	188.651	
7.1e+07	37.592	161.041	82.2824	280.916	
7.105e+07	69.4457	202.981	85.2092	357.636	
7.11e+07	61.8155	11.9324	151.192	224.94	
7.115e+07	50.2441	16.4696	94.3796	161.093	
7.12e+07	37.561	113.447	19.6849	170.693	
7.125e+07	44.2655	54.5227	28.0467	126.835	
7.13e+07	15.4727	155.728	25.0835	196.284	
7.135e+07	87.8492	104.045	73.9641	265.858	
7.14e+07	28.8827	98.4653	51.5569	178.905	
7.145e+07	102.425	14.7192	100.078	217.222	
7.15e+07	17.5635	61.0982	75.1339	153.796	
7.155e+07	37.7869	6.49388	57.711	101.992	
7.16e+07	30.8255	52.041	46.9063	129.773	
7.165e+07	82.4957	35.991	204.188	322.674	
7.17e+07	19.4196	41.9569	111.307	172.684	
7.175e+07	19.2906	118.285	159.58	297.155	
7.18e+07	46.1396	53.6653	34.2171	134.022	
7.185e+07	22.0867	200.992	69.29	292.369	
7.19e+07	43.241	99.2296	16.4906	158.961	
7.195e+07	158.247	56.1339	26.9682	241.349	
7.2e+07	135.976	44.9692	33.9153	214.86	
7.205e+07	29.8941	82.0253	133.42	245.339	
7.21e+07	25.4563	32.9406	176.833	235.23	
7.215e+07	41.0369	26.3135	66.4212	133.772	
7.22e+07	111.384	47.5512	66.7029	225.638	
7.225e+07	29.6835	112.618	236.225	378.527	
7.23e+07	40.6786	58.7339	25.5757	124.988	
7.235e+07	55.3471	51.2563	48.8369	155.44	
7.24e+07	65.8563	51.2335	31.5339	148.624	
7.245e+07	27.1243	141.825	31.7855	200.735	
7.25e+07	63.6998	19.2957	31.9692	114.965	
7.255e+07	112.34	22.9724	54.1324	189.444	
7.26e+07	103.592	103.527	64.0263	271.145	
7.265e+07	159.168	40.6367	58.0457	257.851	
7.27e+07	109.951	36.1478	22.7829	168.882	
7.275e+07	32.8541	59.4278	11.5967	103.879	
7.28e+07	19.6263	35.3284	24.1512	79.1059	
7.285e+07	24.9992	14.4957	51.7135	91.2084	
7.29e+07	19.1529	22.4753	104.74	146.368	
7.295e+07	92.961	14.9192	30.6498	138.53	
7.3e+07	52.4824	52.5153	29.0114	134.009	
7.305e+07	37.6214	59.0182	22.4327	119.072	
7.31e+07	23.1135	98.7355	50.8735	172.722	
7.315e+07	26.5553	28.8824	141.593	197.03	
7.32e+07	87.3798	36.912	161.581	285.872	
7.325e+07	129.874	31.761	261.474	423.11	
7.33e+07	58.9967	18.76	33.9755	111.732	
7.335e+07	10.1869	29.4163	170.993	210.596	
7.34e+07	17.5869	32.2335	532.071	581.892	
7.345e+07	11.6124	27.2735	236.761	275.647	
7.35e+07	43.4539	25.1978	99.6778	168.329	
7.355e+07	62.9839	77.7112	97.5553	238.25	
7.36e+07	41.5135	106.256	48.752	196.522	
7.365e+07	9.47265	67.6212	38.5298	115.624	
7.37e+07	90.5339	19.342	76.8206	186.697	
7.375e+07	60.6124	20.9053	16.791	98.3088	
7.38e+07	32.41	53.4296	72.9284	158.768	
7.385e+07	60.8367	26.1235	78.0182	164.978	
7.39e+07	96.5186	70.4335	20.7029	187.655	
7.395e+07	32.4263	66.4712	24.2163	123.114	
7.4e+07	111.999	17.5192	35.601	165.119	
7.405e+07	132.478	15.9635	13.4743	161.916	
7.41e+07	23.7339	105.559	25.7641	155.057	
7.415e+07	20.9706	52.4141	150.666	224.05	
7.42e+07	27.8824	33.791	26.8124	88.4859	
7.425e+07	32.3896	156.399	22.3478	211.137	
7.43e+07	205.23	16.1814	16.4498	237.861	
7.435e+07	98.9967	12.6092	117.621	229.227	
7.44e+07	33.8563	23.9878	35.152	92.9961	
7.445e+07	45.5355	34.4614	70.6296	150.627	
7.45e+07	12.9569	157.04	37.1692	207.166	
7.455e+07	115.534	117.127	21.6114	254.272	
7.46e+07	49.5012	50.1584	45.7692	145.429	
7.465e+07	98.5406	12.5798	9.83673	120.957	
7.47e+07	63.3706	19.1635	23.8824	106.417	
7.475e+07	75.5069	19.0906	59.5641	154.162	
7.48e+07	121.078	51.462	119.398	291.938	
7.485e+07	200.157	28.45	64.1763	292.783	
7.49e+07	200.135	28.3314	28.6367	257.103	
7.495e+07	65.2712	154.701	33.641	253.613	
7.5e+07	34.5896	14.0329	105.581	154.204	
7.505e+07	29.4114	37.8582	37.192	104.462	
7.51e+07	28.7478	19.241	99.9624	147.951	
7.515e+07	133.249	69.0092	95.7569	298.015	
7.52e+07	57.241	161.991	65.7339	284.966	
7.525e+07	118.734	81.641	19.5978	219.973	
7.53e+07	82.961	11.9714	73.241	168.173	
7.535e+07	29.4767	53.0541	77.0114	159.542	
7.54e+07	18.142	32.4696	43.9192	94.5308	
7.545e+07	88.9896	54.5267	49.8971	193.413	
7.55e+07	6.40837	126.931	92.9839	226.323	
7.555e+07	41.2906	38.6824	190.5	270.473	
7.56e+07	29.4784	30.4906	209.901	269.87	
7.565e+07	8.04265	22.0743	99.7796	129.897	
7.57e+07	17.4467	31.6653	84.6784	133.79	
7.575e+07	113.713	29.2255	114.838	257.777	
7.58e+07	87.5349	94.5839	20.5406	202.659	
7.585e+07	142.04	29.2906	41.5839	212.914	
7.59e+07	80.3553	88.742	50.3978	219.495	
7.595e+07	30.3553	112.421	34.3724	177.149	
7.6e+07	66.2041	13.9992	106.741	186.944	
7.605e+07	20.841	24.3012	143.113	188.256	
7.61e+07	192.152	108.65	42.5186	343.32	
7.615e+07	10.8278	19.8124	37.61	68.2502	
7.62e+07	40.0849	24.04	88.9724	153.097	
7.625e+07	103.269	23.0778	24.9063	151.253	
7.63e+07	37.9039	63.7069	35.4767	137.088	
7.635e+07	49.2653	179.331	52.2286	280.825	
7.64e+07	16.7267	46.1135	69.8212	132.661	
7.645e+07	18.0671	60.0049	120.118	198.19	
7.65e+07	51.7978	123.458	55.0957	230.352	
7.655e+07	68.7349	26.312	14.0671	109.114	
7.66e+07	36.16	17.0549	79.6278	132.843	
7.665e+07	53.0427	33.2253	31.1069	117.375	
7.67e+07	22.6278	32.9878	112.776	168.392	
7.675e+07	60.1682	31.8712	220.871	312.911	
7.68e+07	29.441	114.312	188.562	332.316	
7.685e+07	34.1978	21.1186	43.9992	99.3155	
7.69e+07	32.2549	27.5012	54.6906	114.447	
7.695e+07	63.7755	35.7886	53.4735	153.038	
7.7e+07	24.6571	10.0263	104.319	139.003	
7.705e+07	45.4939	152.511	29.8849	227.89	
7.71e+07	25.7798	60.0084	37.502	123.29	
7.715e+07	114.354	15.2155	112.694	242.264	
7.72e+07	40.7306	22.0327	20.3814	83.1447	
7.725e+07	81.591	12.2492	78.7355	172.576	
7.73e+07	26.2498	70.5714	45.6263	142.448	
7.735e+07	31.4671	16.3814	62.7306	110.579	
7.74e+07	37.1355	71.4278	119.751	228.314	
7.745e+07	31.2767	15.7855	38.4041	85.4663	
7.75e+07	39.4263	31.6253	59.2263	130.278	
7.755e+07	57.951	88.1682	15.5029	161.622	
7.76e+07	68.0949	33.7192	32.6084	134.422	
7.765e+07	111.931	42.2049	22.6941	176.83	
7.77e+07	27.4767	121.303	52.9814	201.761	
7.775e+07	149.665	20.8155	42.3184	212.799	
7.78e+07	104.169	33.2712	49.4082	186.849	
7.785e+07	30.2849	93.7186	33.4784	157.482	
7.79e+07	150.713	76.3978	13.1186	240.23	
7.795e+07	79.4941	113.568	37.8482	230.91	
7.8e+07	138.243	153.391	34.3267	325.96	
7.805e+07	55.0263	16.9355	85.1706	157.132	
7.81e+07	64.9512	26.7829	18.8124	110.547	
7.815e+07	23.441	49.1192	54.2867	126.847	
7.82e+07	24.0696	11.7349	83.3135	119.118	
7.825e+07	25.2671	126.368	15.2367	166.872	
7.83e+07	32.311	35.1798	52.8735	120.364	
7.835e+07	124.368	28.1978	123.854	276.42	
7.84e+07	72.9569	65.7012	26.8998	165.558	
7.845e+07	105.512	109.13	86.4612	301.103	
7.85e+07	51.502	34.6784	17.5471	103.728	
7.855e+07	65.462	103.372	32.9969	201.831	
7.86e+07	130.217	25.8441	64.7967	220.858	
7.865e+07	59.342	13.6278	114.799	187.769	
7.87e+07	112.188	19.8367	19.5869	151.611	
7.875e+07	67.2367	49.9896	51.3763	168.603	
7.88e+07	57.2753	46.6263	22.1855	126.087	
7.885e+07	33.8906	36.2263	100.576	170.693	
7.89e+07	13.25	82.2084	43.7284	139.187	
7.895e+07	22.5814	142.907	79.3235	244.812	
7.9e+07	60.0696	61.791	36.2563	158.117	
7.905e+07	105.744	26.8084	92.6998	225.252	
7.91e+07	38.8278	31.8614	31.0906	101.78	
7.915e+07	110.358	14.9763	14.9478	140.282	
7.92e+07	181.958	18.4441	35.3967	235.799	
7.925e+07	42.0867	109.838	14.1806	166.105	
7.93e+07	22.2686	35.0155	70.3284	127.612	
7.935e+07	65.1227	58.1112	66.9355	190.169	
7.94e+07	16.0735	80.902	17.3643	114.34	
7.945e+07	12.6492	81.8655	188.553	283.068	
7.95e+07	68.9855	155.357	24.4549	248.797	
7.955e+07	33.6082	90.0286	45.8082	169.445	
7.96e+07	54.6196	22.4982	59.4255	136.543	
7.965e+07	22.4655	10.7112	159.79	192.966	
7.97e+07	15.6835	16.5706	158.008	190.262	
7.975e+07	78.9896	59.4998	23.9829	162.472	
7.98e+07	37.792	28.062	28.2671	94.1212	
7.985e+07	56.4467	30.6957	108.915	196.058	
7.99e+07	65.7012	58.3469	24.9053	148.953	
7.995e+07	16.7186	61.2541	154.001	231.974	
8e+07	32.7063	25.5682	101.473	159.748	
8.005e+07	18.7349	28.8727	83.8498	131.457	
8.01e+07	30.8196	37.2539	73.1927	141.266	
8.015e+07	97.6369	52.4671	16.5512	166.655	
8.02e+07	236.449	103.184	32.3635	371.997	
8.025e+07	82.8686	186.211	22.4278	291.508	
8.03e+07	32.2655	83.3763	13.9969	129.639	
8.035e+07	43.6367	194.014	24.1184	261.769	
8.04e+07	89.8939	87.9192	32.7192	210.532	
8.045e+07	42.4041	36.3396	20.0492	98.7929	
8.05e+07	30.6255	194.971	15.5814	241.178	
8.055e+07	77.5069	20.0571	28.7192	126.283	
8.06e+07	21.7641	12.841	126.384	160.989	
8.065e+07	43.3569	30.4278	25.2941	99.0788	
8.07e+07	46.6712	125.362	89.2212	261.255	
8.075e+07	19.3284	74.6906	128.569	222.588	
8.08e+07	22.6753	51.9039	98.7355	173.315	
8.085e+07	190.055	78.5992	18.0663	286.72	
8.09e+07	60.6539	62.191	109.84	232.685	
8.095e+07	52.3039	57.241	62.9012	172.446	
8.1e+07	15.2784	27.1529	188.958	231.39	
8.105e+07	148.94	63.6735	8.25408	220.867	
8.11e+07	80.1257	33.511	61.9298	175.567	
8.115e+07	91.0114	132.955	184.037	408.003	
8.12e+07	26.7706	34.4849	86.7624	148.018	
8.125e+07	45.112	32.8753	31.4335	109.421	
8.13e+07	12.0849	72.3714	35.3763	119.833	
8.135e+07	100.016	36.6482	14.9927	151.656	
8.14e+07	74.542	73.85	66.3339	214.726	
8.145e+07	93.4727	38.5227	21.9896	153.985	
8.15e+07	48.2671	22.0196	68.1112	138.398	
8.155e+07	62.191	115.536	149.326	327.052	
8.16e+07	53.9978	16.7927	39.9757	110.766	
8.165e+07	15.3553	44.7692	211.828	271.952	
8.17e+07	50.4296	63.0563	212.275	325.761	
8.175e+07	36.5298	57.9967	161.05	255.576	
8.18e+07	19.3112	79.3978	102.666	201.374	
8.185e+07	36.5306	41.21	69.4041	147.145	
8.19e+07	79.751	73.2857	69.161	222.198	
8.195e+07	297.193	63.4539	23.5706	384.217	
8.2e+07	61.6253	30.5063	72.5635	164.695	
8.205e+07	65.0753	43.2827	30.0778	138.436	
8.21e+07	26.5592	22.5324	39.662	88.7537	
8.215e+07	74.3763	65.2449	15.4835	155.105	
8.22e+07	35.2655	158.682	46.1153	240.063	
8.225e+07	32.9967	52.1798	44.0206	129.197	
8.23e+07	47.7339	17.3053	123.283	188.322	
8.235e+07	54.2549	46.441	137.507	238.203	
8.24e+07	93.1406	32.8427	100.282	226.266	
8.245e+07	70.3927	16.6386	66.4549	153.486	
8.25e+07	41.3298	23.6563	140.176	205.162	
8.255e+07	115.843	44.9763	14.8492	175.668	
8.26e+07	29.1755	50.9029	19.4378	99.5161	
8.265e+07	109.804	31.6563	31.5069	172.968	
8.27e+07	137.477	64.0467	128.804	330.328	
8.275e+07	271.225	63.9478	28.0778	363.251	
8.28e+07	147.73	22.5469	28.0784	198.355	
8.285e+07	27.5349	95.29	102.621	225.446	
8.29e+07	31.1512	37.7135	42.3469	111.212	
8.295e+07	60.8327	63.4369	105.993	230.262	
8.3e+07	28.8457	158.298	89.192	276.336	
8.305e+07	184.103	54.2441	111.969	350.316	
8.31e+07	122.564	28.742	24.8041	176.11	
8.315e+07	123.94	34.9796	18.4155	177.335	
8.32e+07	31.262	12.7235	26.6043	70.5898	
8.325e+07	12.641	34.352	43.6735	90.6665	
8.33e+07	72.6206	50.4712	20.4	143.492	
8.335e+07	134.298	89.8539	26.5692	250.721	
8.34e+07	93.9012	87.6998	8.36245	189.963	
8.345e+07	28.8482	59.1053	26.1355	114.089	
8.35e+07	56.6114	70.1896	28.6263	155.427	
8.355e+07	28.5429	89.1469	21.2982	138.988	
8.36e+07	99.1969	52.7978	32.3039	184.299	
8.365e+07	67.5643	275.854	26.1324	369.551	
8.37e+07	51.8141	19.5878	57.4906	128.892	
8.375e+07	26.9478	53.591	28.1724	108.711	
8.38e+07	39.0386	26.9798	84.6867	150.705	
8.385e+07	69.2253	137.426	28.5257	235.177	
8.39e+07	21.5324	53.2784	14.5624	89.3733	
8.395e+07	80.9478	31.9192	147.14	260.007	
8.4e+07	56.2735	113.523	86.6655	256.462	
8.405e+07	113.144	168.85	33.8906	315.884	
8.41e+07	46.3257	65.9339	24.5396	136.799	
8.415e+07	49.6998	100.64	23.5039	173.844	
8.42e+07	43.4743	40.2539	191.511	275.239	
8.425e+07	24.1267	41.6141	103.971	169.712	
8.43e+07	66.1798	117.841	217.324	401.345	
8.435e+07	47.9224	36.8449	27.6196	112.387	
8.44e+07	14.2686	39.112	112.254	165.635	
8.445e+07	50.7978	34.2141	178.705	263.717	
8.45e+07	28.7267	16.5306	97.2539	142.511	
8.455e+07	29.4	35.5706	123.355	188.326	
8.46e+07	57.6898	183.397	52.3896	293.476	
8.465e+07	81.4582	99.3396	137.654	318.452	
8.47e+07	20.542	38.1755	24.9349	83.6524	
8.475e+07	86.6753	83.6163	28.6727	198.964	
8.48e+07	35.9143	86.6571	13.7267	136.298	
8.485e+07	31.5584	53.8767	24.1406	109.576	
8.49e+07	16.2753	22.8753	28.5298	67.6804	
8.495e+07	126.528	91.3896	54.0182	271.936	
8.5e+07	13.6	58.8335	42.142	114.576	
8.505e+07	64.2653	45.8571	83.6541	193.777	
8.51e+07	34.8753	99.4835	98.6982	233.057	
8.515e+07	7.3398	145.106	123.351	275.797	
8.52e+07	73.0196	63.7324	22.2998	159.052	
8.525e+07	39.3355	20.1284	19.6727	79.1365	
8.53e+07	161.233	46.9855	31.1886	239.407	
8.535e+07	47.7798	44.6449	96.7798	189.204	
8.54e+07	41.7227	72.6329	61.41	175.766	
8.545e+07	74.2092	16.9257	46.7396	137.874	
8.55e+07	160.319	13.7592	44.1992	218.278	
8.555e+07	48.1967	23.9186	43.112	115.227	
8.56e+07	137.633	97.3806	68.2482	303.262	
8.565e+07	69.6253	39.5992	41.791	151.016	
8.57e+07	42.36	26.391	13.2155	81.9665	
8.575e+07	25.3543	61.96	47.5186	134.833	
8.58e+07	30.0182	48.0696	57.9969	136.085	
8.585e+07	77.8386	139.723	47.6492	265.21	
8.59e+07	20.3349	47.9184	81.041	149.294	
8.595e+07	109.336	111.871	101.898	323.105	
8.6e+07	33.04	18.3227	148.335	199.698	
8.605e+07	15.3053	205.38	12.0263	232.711	
8.61e+07	20.662	97.352	31.4857	149.5	
8.615e+07	131.414	121.307	22.2467	274.968	
8.62e+07	40.0549	25.391	117.021	182.467	
8.625e+07	133.702	9.07837	74.9569	217.737	
8.63e+07	15.6898	25.3512	26.0824	67.1235	
8.635e+07	104.07	74.2182	25.2939	203.582	
8.64e+07	14.9471	72.761	20.2335	107.942	
8.645e+07	64.9763	64.0941	40.0712	169.142	
8.65e+07	114.59	29.5298	94.4849	238.604	
8.655e+07	132.122	46.7755	86.8663	265.764	
8.66e+07	151.675	44.2084	101.341	297.224	
8.665e+07	63.2571	77.3349	27.4663	168.058	
8.67e+07	7.58959	15.1406	136.674	159.404	
8.675e+07	52.2612	28.1553	15.0571	95.4737	
8.68e+07	17.6563	48.1682	49.5706	115.395	
8.685e+07	41.7398	14.5855	250.914	307.24	
8.69e+07	19.6182	58.0255	190.241	267.885	
8.695e+07	24.2835	51.512	182.456	258.252	
8.7e+07	37.1592	26.8457	54.8043	118.809	
8.705e+07	89.4835	15.9927	33.3763	138.852	
8.71e+07	94.191	108.444	11.3757	214.011	
8.715e+07	61.3512	18.2786	16.7839	96.4137	
8.72e+07	26.1692	23.9355	38.3706	88.4753	
8.725e+07	22.1706	136.151	28.0971	186.419	
8.73e+07	34.2906	75.4498	37.5069	147.247	
8.735e+07	88.2467	24.2441	13.49	125.981	
8.74e+07	35.4743	13.8196	32.2941	81.588	
8.745e+07	69.5878	55.5192	21.8092	146.916	
8.75e+07	17.2141	75.2278	203.348	295.79	
8.755e+07	12.3224	190.913	70.0114	273.247	
8.76e+07	67.1478	61.761	53.3757	182.284	
8.765e+07	66.8727	69.7406	74.6196	211.233	
8.77e+07	62.4492	138.041	12.2614	212.752	
8.775e+07	67.5806	123.38	21.0296	211.99	
8.78e+07	49.4335	32.6182	175.883	257.935	
8.785e+07	48.2767	91.0663	101.1	240.443	
8.79e+07	121.755	63.4278	23.3829	208.566	
8.795e+07	113.29	79.5153	205.34	398.145	
8.8e+07	51.7635	38.542	51.4296	141.735	
8.805e+07	21.6849	80.3967	34.6124	136.694	
8.81e+07	30.1757	32.0206	176.208	238.404	
8.815e+07	68.1439	14.5967	39.16	121.901	
8.82e+07	137.078	95.2084	13.2971	245.583	
8.825e+07	144.254	71.4941	90.6335	306.381	
8.83e+07	79.1584	14.6784	51.5469	145.384	
8.835e+07	19.2467	45.0427	155.1	219.389	
8.84e+07	18.1192	44.2441	287.49	349.853	
8.845e+07	97.1927	37.6614	264.694	399.548	
8.85e+07	67.4735	34.3406	56.601	158.415	
8.855e+07	23.2563	45.911	66.0182	135.186	
8.86e+07	170.576	28.8212	6.31122	205.708	
8.865e+07	32.6327	133.25	52.391	218.273	
8.87e+07	31.4941	81.0212	21.4296	133.945	
8.875e+07	26.0941	90.8378	44.6492	161.581	
8.88e+07	22.302	80.0906	223.764	326.157	
8.885e+07	21.8727	44.1396	101.184	167.196	
8.89e+07	46.4614	24.6982	61.3641	132.524	
8.895e+07	60.3012	55.5192	70.4767	186.297	
8.9e+07	97.0753	41.751	20.5829	159.409	
8.905e+07	17.4998	52.4539	33.8971	103.851	
8.91e+07	16.0857	153.641	119.095	288.822	
8.915e+07	33.0998	63.1706	76.6849	172.955	
8.92e+07	16.641	70.1284	137.043	223.812	
8.925e+07	77.7012	15.8335	37.8482	131.383	
8.93e+07	34.8498	147.311	28.8835	211.044	
8.935e+07	18.1396	155.616	72.561	246.317	
8.94e+07	48.6329	33.3069	109.123	191.063	
8.945e+07	105.861	21.7478	44.4467	172.056	
8.95e+07	31.7469	36.5478	59.2539	127.549	
8.955e+07	44.7257	29.641	67.8498	142.217	
8.96e+07	28.6498	42.5543	29.9284	101.132	
8.965e+07	8.11102	104.878	35.6253	148.614	
8.97e+07	86.0686	53.4335	106.501	246.003	
8.975e+07	100.948	53.9543	304.246	459.148	
8.98e+07	109.033	73.4386	22.7641	205.236	
8.985e+07	148.41	31.2441	26.5478	206.202	
8.99e+07	42.61	30.5012	90.0778	163.189	
8.995e+07	47.2082	18.7184	49.7012	115.628	
9e+07	163.762	90.1927	74.2457	328.201	
9.005e+07	39.0835	49.7692	47.3153	136.168	
9.01e+07	30.3763	9.55918	31.7053	71.6408	
9.015e+07	98.0482	9.19102	45.6049	152.844	
9.02e+07	12.8712	40.4982	62.192	115.561	
9.025e+07	89.9478	378.671	33.392	502.011	
9.03e+07	49.7257	37.2367	18.3439	105.306	
9.035e+07	195.421	45.8867	13.3763	254.684	
9.04e+07	42.7896	30.7478	58.5053	132.043	
9.045e+07	133.54	34.5243	47.6582	215.722	
9.05e+07	32.2563	8.79286	66.6278	107.677	
9.055e+07	28.1012	27.3227	23.0835	78.5073	
9.06e+07	20.9339	64.0141	111.226	196.173	
9.065e+07	15.3855	85.1635	40.7039	141.253	
9.07e+07	34.4049	137.976	24.142	196.522	
9.075e+07	34.4563	116.731	31.7512	182.938	
9.08e+07	60.1069	187.961	70.9706	319.039	
9.085e+07	22.6971	63.0263	30.7112	116.435	
9.09e+07	46.511	30.6449	100.311	177.467	
9.095e+07	35.7643	16.2441	32.7184	84.7267	
9.1e+07	93.5135	92.9512	25.3869	211.852	
9.105e+07	69.8906	24.3306	29.192	123.413	
9.11e+07	40.3235	32.4563	38.3324	111.112	
9.115e+07	27.2163	29.9406	107.751	164.908	
9.12e+07	53.1796	18.5398	96.7992	168.519	
9.125e+07	54.6857	100.421	27.2735	182.38	
9.13e+07	20.0712	41.991	63.1339	125.196	
9.135e+07	36.7512	61.9357	22.6329	121.32	
9.14e+07	24.9543	39.7798	37.7298	102.464	
9.145e+07	15.6043	46.3349	38.6498	100.589	
9.15e+07	72.2335	23.8124	52.7406	148.787	
9.155e+07	32.9469	299.336	17.9069	350.189	
9.16e+07	31.2778	25.4141	52.29	108.982	
9.165e+07	63.2206	16.2492	50.662	130.132	
9.17e+07	64.2163	11.1798	19.9886	95.3847	
9.175e+07	202.104	16.9635	51.942	271.009	
9.18e+07	32.4753	30.9869	50.9053	114.368	
9.185e+07	15.7806	33.5339	250.082	299.397	
9.19e+07	10.6712	100.601	155.104	266.376	
9.195e+07	77.5298	15.45	76.5878	169.568	
9.2e+07	50.3714	12.8784	99.0549	162.305	
9.205e+07	99.3839	84.3969	21.9063	205.687	
9.21e+07	217.731	31.8171	36.2049	285.753	
9.215e+07	57.9641	71.6835	163.644	293.292	
9.22e+07	21.6727	39.4449	66.5396	127.657	
9.225e+07	18.712	178.986	49.2671	246.965	
9.23e+07	51.4949	149.454	8.10633	209.055	
9.235e+07	36.5798	54.6778	40.911	132.169	
9.24e+07	181.189	15.8753	21.3069	218.371	
9.245e+07	93.4196	16.8655	22.8614	133.147	
9.25e+07	35.1978	50.6092	55.0041	140.811	
9.255e+07	43.4784	114.897	133.025	291.401	
9.26e+07	79.9257	26.56	22.9039	129.39	
9.265e+07	54.0653	47.9192	66.4124	168.397	
9.27e+07	55.9349	53.3543	73.5635	182.853	
9.275e+07	62.6263	101.662	57.61	221.898	
9.28e+07	36.712	25.6655	61.5012	123.879	
9.285e+07	67.7135	84.312	35.8253	187.851	
9.29e+07	15.2253	67.2206	15.3869	97.8329	
9.295e+07	33.84	16.791	24.8784	75.5094	
9.3e+07	78.2498	28.29	38.961	145.501	
9.305e+07	27.8214	5.31837	43.8041	76.9439	
9.31e+07	52.1992	34.6939	17.4327	104.326	
9.315e+07	132.621	13.1635	31.9992	177.784	
9.32e+07	21.7355	76.8049	121.761	220.301	
9.325e+07	14.1543	17.7757	159.85	191.78	
9.33e+07	25.6155	44.0212	302.654	372.291	
9.335e+07	33.3896	36.4492	158.241	228.08	
9.34e+07	32.9069	41.5324	129.312	203.751	
9.345e+07	7.13388	34.2539	118.711	160.099	
9.35e+07	55.8753	22.4327	81.6827	159.991	
9.355e+07	9.96245	86.711	37.5053	134.179	
9.36e+07	159.768	5.75837	91.1224	256.649	
9.365e+07	14.6335	31.3706	126.856	172.86	
9.37e+07	38.8212	58.3192	48.4767	145.617	
9.375e+07	37.4982	17.5796	264.096	319.173	
9.38e+07	31.9235	116.028	42.7553	190.707	
9.385e+07	69.2998	56.5339	54.3967	180.23	
9.39e+07	42.1267	8.83694	76.5355	127.499	
9.395e+07	49.0982	49.5135	176.826	275.438	
9.4e+07	59.1798	39.6655	86.2563	185.102	
9.405e+07	148.771	99.4084	43.5469	291.726	
9.41e+07	43.4206	31.8824	110.941	186.244	
9.415e+07	20.5029	101.505	41.2263	163.234	
9.42e+07	36.4563	134.144	38.9112	209.511	
9.425e+07	21.3584	95.8092	23.4196	140.587	
9.43e+07	79.6671	50.2712	112.3	242.238	
9.435e+07	57.6041	36.0982	22.2835	115.986	
9.44e+07	32.9029	93.5029	42.8712	169.277	
9.445e+07	161.633	56.9992	35.1439	253.777	
9.45e+07	217.233	20.4	25.9529	263.586	
9.455e+07	35.5992	22.0369	27.0082	84.6443	
9.46e+07	38.0278	49.6296	113.128	200.786	
9.465e+07	10.61	49.2743	148.305	208.19	
9.47e+07	31.2278	55.45	72.1839	158.862	
9.475e+07	77.1967	43.6092	55.2441	176.05	
9.48e+07	137.7	35.5349	54.5314	227.766	
9.485e+07	142.818	167.348	25.1469	335.313	
9.49e+07	41.8449	277.976	51.5706	371.391	
9.495e+07	60.4124	103.054	64.2906	227.757	
9.5e+07	203.997	19.0696	44.4369	267.503	
9.505e+07	38.6941	68.2449	119.954	226.893	
9.51e+07	32.7063	32.2369	36.5469	101.49	
9.515e+07	29.9967	78.2824	16.8998	125.179	
9.52e+07	47.6827	23.5357	31.9682	103.187	
9.525e+07	41.311	60.8457	41.7396	143.896	
9.53e+07	34.8253	177.119	17.6369	229.581	
9.535e+07	13.511	36.5796	46.1186	96.2092	
9.54e+07	60.9584	14.2614	20.9012	96.121	
9.545e+07	37.5471	9.46959	119.225	166.242	
9.55e+07	30.9584	43.1355	22.1763	96.2702	
9.555e+07	134.447	96.0753	13.592	244.114	
9.56e+07	44.7053	21.2155	33.712	99.6329	
9.565e+07	41.0541	72.2767	71.8196	185.15	
9.57e+07	93.841	18.0539	14.1692	126.064	
9.575e+07	77.5339	37.76	47.9257	163.22	
9.58e+07	28.3569	25.9512	283.849	338.157	
9.585e+07	20.6263	42.9184	62.1724	125.717	
9.59e+07	176.862	134.244	14.6206	325.727	
9.595e+07	142.469	32.9112	129.157	304.537	
9.6e+07	53.3243	81.2212	114.89	249.435	
9.605e+07	34.1235	232.747	10.9529	277.823	
9.61e+07	63.9192	119.258	126.665	309.843	
9.615e+07	40.1682	205.105	25.96	271.233	
9.62e+07	49.8655	42.6467	12.4824	104.995	
9.625e+07	28.7324	52.8857	39.1927	120.811	
9.63e+07	21.8441	38.2824	50.1529	110.279	
9.635e+07	22.0335	163.697	30.3798	216.11	
9.64e+07	65.9012	36.742	65.4655	168.109	
9.645e+07	72.0563	68.0124	21.2898	161.359	
9.65e+07	124.237	10.112	16.3839	150.733	
9.655e+07	33.7896	21.961	40.6563	96.4069	
9.66e+07	16.2563	43.8441	83.2549	143.355	
9.665e+07	21.5692	44.0982	80.7439	146.411	
9.67e+07	56.1829	95.9927	12.2824	164.458	
9.675e+07	49.2696	19.5814	33.5829	102.434	
9.68e+07	41.8735	20.062	17.5798	79.5153	
9.685e+07	104.454	31.9796	27.4253	163.859	
9.69e+07	40.4482	19.9927	35.3398	95.7806	
9.695e+07	24.2767	42.4696	90.5757	157.322	
9.7e+07	39.6778	12.9135	101.958	154.55	
9.705e+07	20.2335	69.0827	21.6655	110.982	
9.71e+07	87.7398	16.3284	68.5471	172.615	
9.715e+07	65.4655	57.5063	27.3641	150.336	
9.72e+07	175.363	16.9763	39.9355	232.275	
9.725e+07	162.519	47.9839	15.0563	225.559	
9.73e+07	44.262	37.5896	49.152	131.004	
9.735e+07	41.7978	17.8539	47.3839	107.036	
9.74e+07	118.873	78.3039	27.9967	225.174	
9.745e+07	62.712	44.2696	42.2857	149.267	
9.75e+07	37.6778	61.7992	84.4549	183.932	
9.755e+07	60.8082	212.282	12.2327	285.323	
9.76e+07	44.7839	158.877	53.24	256.901	
9.765e+07	67.8778	153.098	27.0941	248.07	
9.77e+07	27.7039	182.122	131.711	341.537	
9.775e+07	43.0998	110.408	85.1396	238.648	
9.78e+07	78.4778	61.7267	22.5398	162.744	
9.785e+07	19.2329	169.386	39.44	228.058	
9.79e+07	60.9324	21.6655	57.5012	140.099	
9.795e+07	38.8784	126.911	21.542	187.332	
9.8e+07	44.2612	87.1814	18.912	150.355	
9.805e+07	320.118	15.2957	54.0386	389.453	
9.81e+07	158.535	49.6949	84.2182	292.448	
9.815e+07	93.2253	134.123	20.0427	247.391	
9.82e+07	47.2982	20.5755	58.6206	126.494	
9.825e+07	102.918	23.0441	40.0114	165.974	
9.83e+07	59.0092	116.826	49.9284	225.763	
9.835e+07	108.477	15.9553	36.5529	160.985	
9.84e+07	235.79	17.01	32.7584	285.558	
9.845e+07	48.262	109.841	36.6427	194.746	
9.85e+07	31.5635	43.9478	52.4278	127.939	
9.855e+07	74.6043	253.511	16.6196	344.735	
9.86e+07	25.1069	34.0767	144.095	203.279	
9.865e+07	15.2778	17.7339	146.957	179.969	
9.87e+07	30.2327	42.7635	30.2784	103.274	
9.875e+07	18.2163	53.5839	80.9298	152.73	
9.88e+07	83.6898	42.462	49.7806	175.932	
9.885e+07	50.1298	27.1569	24.0441	101.331	
9.89e+07	49.8971	41.792	197.491	289.18	
9.895e+07	56.5227	18.3298	116.34	191.192	
9.9e+07	29.5569	41.3243	17.6778	88.559	
9.905e+07	48.4824	22.641	32.9869	104.11	
9.91e+07	106.14	47.1635	73.0712	226.374	
9.915e+07	45.1406	108.98	22.4124	176.533	
9.92e+07	82.29	19.8492	38.2614	140.401	
9.925e+07	50.0786	115.861	13.1396	179.08	
9.93e+07	49.4327	336.797	44.0182	430.248	
9.935e+07	36.902	220.33	21.0982	278.33	
9.94e+07	73.2849	218.18	35.9339	327.398	
9.945e+07	77.3967	45.9257	23.8124	147.135	
9.95e+07	21.6614	213.762	37.6427	273.067	
9.955e+07	18.4696	217.942	65.5755	301.987	
9.96e+07	61.3314	256.532	15.0727	332.937	
9.965e+07	25.8727	53.8296	100.997	180.699	
9.97e+07	38.2206	75.0286	39.56	152.809	
9.975e+07	68.8539	72.8849	30.8824	172.621	
9.98e+07	27.4784	120.136	200.359	347.973	
9.985e+07	30.3012	50.9592	215.397	296.657	
9.99e+07	97.2278	163.462	45.2427	305.932	
9.995e+07	172.618	32.352	69.3798	274.35	
1e+08	12.4857	55.8696	102.7	171.055	
