# 
# registered features: 
# 
# FeatureMoleculesIO
# 	Number of monomers: 110
# 	max connectivity: 7
# FeatureBox
# FeatureBondset<FastBondset>
# FeatureLattice<bool>
# FeatureExcludedVolumeSc<FeatureLattice<bool> >
# 
# not registered features: 
# 
# #!version
# 
# Created by AnalyzerRadiusOfGyration
# file contains time series of average Rg_squared (Rg2) over all analyzed groups
# format: mcs	 Rg2X	 Rg2Y	 Rg2Z	 Rg2Total

100000	560.493	132.283	112.058	804.834	
150000	107.082	62.4906	58.6096	228.182	
200000	135.845	36.802	184.169	356.816	
250000	435.173	23.9418	131.841	590.956	
300000	219.01	149.481	126.202	494.693	
350000	231.509	120.927	33.1517	385.587	
400000	69.0979	373.42	81.4315	523.95	
450000	105.191	104.154	113.213	322.559	
500000	55.1472	84.3154	195.836	335.299	
550000	72.6069	72.8443	55.4443	200.896	
600000	29.5088	169.638	79.2116	278.358	
650000	45.6563	123.185	71.5914	240.433	
700000	125.967	146.761	152.265	424.993	
750000	218.336	495.284	48.8641	762.484	
800000	33.0906	424.435	87.9974	545.523	
850000	195.81	421.159	55.2261	672.194	
900000	33.2516	303.18	61.6334	398.065	
950000	36.1673	137.306	103.265	276.739	
1e+06	24.276	67.7207	147.734	239.731	
1.05e+06	26.6926	55.7402	108.752	191.185	
1.1e+06	83.2318	57.2681	70.0569	210.557	
1.15e+06	59.3888	189.523	29.0152	277.927	
1.2e+06	99.3343	192.969	68.9818	361.285	
1.25e+06	65.4272	23.676	108.861	197.964	
1.3e+06	48.3699	193.802	68.597	310.769	
1.35e+06	85.5307	65.5191	73.0173	224.067	
1.4e+06	91.1125	31.0569	65.6652	187.835	
1.45e+06	142.689	81.1524	45.2807	269.122	
1.5e+06	140.84	64.3472	43.2797	248.467	
1.55e+06	146.036	82.005	108.306	336.347	
1.6e+06	202.43	69.5538	56.1588	328.143	
1.65e+06	60.44	157.129	90.4665	308.036	
1.7e+06	82.167	98.0993	170.752	351.019	
1.75e+06	88.3211	57.6751	197.131	343.127	
1.8e+06	32.3111	76.3881	107.281	215.98	
1.85e+06	85.1379	56.7029	142.883	284.724	
1.9e+06	192.95	26.4499	37.3045	256.705	
1.95e+06	102.493	88.1455	24.0641	214.702	
2e+06	44.3898	95.3673	49.4454	189.202	
2.05e+06	218.52	18.4963	116.433	353.449	
2.1e+06	364.693	67.7623	29.5908	462.046	
2.15e+06	188.512	31.4718	55.6679	275.652	
2.2e+06	171.897	42.7273	65.3198	279.944	
2.25e+06	105.63	17.4702	84.4036	207.504	
2.3e+06	182.178	143.469	85.0681	410.715	
2.35e+06	99.7429	176.953	28.0447	304.741	
2.4e+06	117.988	220.412	16.1198	354.52	
2.45e+06	56.6896	52.9078	54.1838	163.781	
2.5e+06	39.9756	164.516	53.7732	258.265	
2.55e+06	45.4645	100.479	166.336	312.279	
2.6e+06	41.5264	211.117	46.5309	299.175	
2.65e+06	62.7243	153.009	63.8698	279.603	
2.7e+06	113.818	103.369	53.7078	270.894	
2.75e+06	319.806	240.056	22.8179	582.68	
2.8e+06	557.926	166.543	18.2702	742.739	
2.85e+06	402.761	121.977	27.2251	551.963	
2.9e+06	265.802	107.45	60.2311	433.483	
2.95e+06	453.04	65.2516	54.0751	572.366	
3e+06	419.468	63.446	24.3125	507.226	
3.05e+06	323.87	29.8414	81.3517	435.063	
3.1e+06	150.152	47.8305	31.5074	229.49	
3.15e+06	113.612	67.5991	40.9425	222.154	
3.2e+06	34.6063	37.5393	62.3706	134.516	
3.25e+06	42.955	94.1005	50.1902	187.246	
3.3e+06	54.4129	87.4318	62.7191	204.564	
3.35e+06	40.1561	67.5947	73.0245	180.775	
3.4e+06	71.7855	111.522	119.967	303.275	
3.45e+06	117.372	37.3627	42.1042	196.839	
3.5e+06	161.857	41.1611	35.1898	238.207	
3.55e+06	44.5396	34.197	70.7306	149.467	
3.6e+06	113.585	43.9111	46.0202	203.516	
3.65e+06	59.847	63.0698	91.1554	214.072	
3.7e+06	205.777	159.76	88.9224	454.459	
3.75e+06	52.7198	160.074	190.867	403.662	
3.8e+06	128.727	102.267	238.216	469.21	
3.85e+06	88.5842	123.557	238.579	450.721	
3.9e+06	72.3214	35.8261	193.941	302.088	
3.95e+06	29.7716	74.9111	264.645	369.328	
4e+06	47.2714	72.9224	267.888	388.082	
4.05e+06	139.734	278.87	60.0625	478.666	
4.1e+06	91.0079	152.772	109.743	353.523	
4.15e+06	65.517	101.752	63.479	230.748	
4.2e+06	42.5524	333.194	48.8414	424.588	
4.25e+06	28.5902	408.625	128.129	565.344	
4.3e+06	38.7726	531.232	73.1309	643.135	
4.35e+06	52.7954	525.297	24.3517	602.444	
4.4e+06	20.2615	431.408	47.0261	498.696	
4.45e+06	38.085	174.417	48.1815	260.683	
4.5e+06	57.2542	200.577	127.972	385.803	
4.55e+06	85.1045	248.898	97.45	431.452	
4.6e+06	28.8532	81.61	66.9425	177.406	
4.65e+06	74.7716	82.7587	81.4087	238.939	
4.7e+06	79.0909	139.727	49.3636	268.181	
4.75e+06	99.0388	133.747	56.035	288.821	
4.8e+06	67.8199	173.138	68.4069	309.365	
4.85e+06	68.805	84.6629	25.2943	178.762	
4.9e+06	99.2063	113.845	91.3736	304.425	
4.95e+06	71.3851	123.523	25.8063	220.714	
5e+06	40.6682	81.1082	27.0024	148.779	
5.05e+06	140.972	24.769	84.9687	250.71	
5.1e+06	114.154	59.7141	37.2305	211.099	
5.15e+06	47.7524	72.0447	102.267	222.065	
5.2e+06	117.893	60.0674	25.6434	203.604	
5.25e+06	96.2536	61.9623	51.1633	209.379	
5.3e+06	149.849	43.8563	27.0929	220.798	
5.35e+06	32.8996	40.7524	160.074	233.726	
5.4e+06	52.7925	211.966	170.608	435.366	
5.45e+06	78.0497	66.8811	81.5174	226.448	
5.5e+06	150.048	67.4999	18.6033	236.151	
5.55e+06	123.031	135.384	28.4107	286.826	
5.6e+06	228.803	108.927	114.078	451.808	
5.65e+06	294.043	148.159	163.921	606.123	
5.7e+06	79.9716	64.6678	59.7488	204.388	
5.75e+06	104.714	88.9224	42.4714	236.108	
5.8e+06	96.8834	40.2381	28.3451	165.467	
5.85e+06	31.3227	137.187	67.9765	236.486	
5.9e+06	99.9517	209.954	49.7214	359.627	
5.95e+06	79.6338	164.651	35.0847	279.369	
6e+06	113.549	103.624	123.22	340.393	
6.05e+06	285.835	108.958	40.0681	434.861	
6.1e+06	338.526	65.5224	59.4397	463.488	
6.15e+06	285.235	53.5505	185.187	523.972	
6.2e+06	17.5517	31.2447	249.435	298.231	
6.25e+06	69.6988	41.0751	93.5025	204.276	
6.3e+06	66.7954	106.84	54.5369	228.172	
6.35e+06	63.079	48.0215	94.7088	205.809	
6.4e+06	116.462	59.3442	140.844	316.651	
6.45e+06	42.6909	58.6879	136.167	237.546	
6.5e+06	40.2232	94.1125	247.671	382.007	
6.55e+06	53.1951	355.173	145.549	553.917	
6.6e+06	122.142	222.377	131.064	475.583	
6.65e+06	54.3505	461.46	38.4827	554.293	
6.7e+06	94.2942	490.37	95.9187	680.583	
6.75e+06	63.0863	438.441	142.423	643.951	
6.8e+06	26.2063	273.549	53.2847	353.04	
6.85e+06	61.2079	220.936	38.6897	320.833	
6.9e+06	76.9836	99.116	96.8079	272.908	
6.95e+06	128.13	198.463	140.228	466.82	
7e+06	99.047	124.838	38.0202	261.905	
7.05e+06	193.148	112.476	66.5905	372.214	
7.1e+06	183.091	31.1736	69.9488	284.213	
7.15e+06	119.481	102.63	63.6202	285.731	
7.2e+06	90.0797	59.7732	40.3045	190.157	
7.25e+06	97.3243	191.45	63.2636	352.038	
7.3e+06	22.776	171.627	71.6834	266.086	
7.35e+06	37.8493	175.623	117.321	330.794	
7.4e+06	31.8745	46.4943	67.3869	145.756	
7.45e+06	72.3154	54.326	125.257	251.898	
7.5e+06	169.575	37.3716	168.273	375.22	
7.55e+06	264.847	207.649	16.5009	488.997	
7.6e+06	49.167	349.038	78.1769	476.382	
7.65e+06	35.2615	116.263	258.719	410.243	
7.7e+06	33.0315	24.3951	369.704	427.13	
7.75e+06	44.279	128.858	367.79	540.927	
7.8e+06	38.5306	76.2355	294.541	409.307	
7.85e+06	67.2625	112.699	283.717	463.679	
7.9e+06	16.1554	33.8817	263.737	313.774	
7.95e+06	140.258	53.0641	203.123	396.445	
8e+06	75.3226	179.617	58.3769	313.316	
8.05e+06	59.6288	129.184	59.435	248.248	
8.1e+06	79.8447	71.926	36.0724	187.843	
8.15e+06	108.086	108.706	56.5236	273.316	
8.2e+06	87.966	71.29	27.5297	186.786	
8.25e+06	120.795	41.9627	33.1818	195.94	
8.3e+06	262.391	35.6993	41.486	339.577	
8.35e+06	504.01	160.167	64.6542	728.831	
8.4e+06	422.442	195.08	66.0778	683.599	
8.45e+06	527.172	61.0414	121.304	709.518	
8.5e+06	326.499	34.3379	43.6933	404.53	
8.55e+06	474.558	42.2202	96.8761	613.655	
8.6e+06	258.753	70.2497	265.868	594.871	
8.65e+06	201.134	78.3108	177.366	456.81	
8.7e+06	191.355	37.7336	301.766	530.855	
8.75e+06	472.369	198.631	107.002	778.002	
8.8e+06	238.81	128.516	128.283	495.609	
8.85e+06	33.197	36.7223	63.4133	133.333	
8.9e+06	51.9091	36.0063	63.5869	151.502	
8.95e+06	43.1997	40.802	28.326	112.328	
9e+06	23.6334	28.6823	117.317	169.633	
9.05e+06	53.5954	27.4569	132.595	213.647	
9.1e+06	43.802	39.9224	264.549	348.273	
9.15e+06	89.6311	138.036	113.268	340.935	
9.2e+06	46.6863	177.071	52.6123	276.37	
9.25e+06	82.6383	95.8751	230.54	409.054	
9.3e+06	28.4943	85.21	268.2	381.904	
9.35e+06	77.7372	60.2269	426.342	564.307	
9.4e+06	85.776	44.6509	268.002	398.429	
9.45e+06	62.052	92.7938	396.842	551.688	
9.5e+06	40.3445	37.7765	120.929	199.05	
9.55e+06	21.2563	161.046	161.287	343.59	
9.6e+06	55.6169	162.177	30.5588	248.352	
9.65e+06	42.3554	336.347	46.0636	424.766	
9.7e+06	20.4136	83.2156	70.0334	173.663	
9.75e+06	45.5623	80.6433	153.989	280.194	
9.8e+06	34.2282	32.5479	88.4641	155.24	
9.85e+06	165.46	86.5852	40.4615	292.506	
9.9e+06	34.595	81.2305	214.593	330.419	
9.95e+06	117.086	33.8579	42.2096	193.153	
1e+07	114.549	96.4199	62.5623	273.531	
1.005e+07	178.096	116.394	97.0645	391.555	
1.01e+07	204.467	231.854	69.8943	506.216	
1.015e+07	157.34	351.141	22.7402	531.221	
1.02e+07	38.2778	57.4463	52.5451	148.269	
1.025e+07	31.7356	143.828	121.864	297.428	
1.03e+07	43.7455	207.086	96.776	347.607	
1.035e+07	37.0817	179.842	64.2933	281.217	
1.04e+07	78.7005	218.814	169.79	467.304	
1.045e+07	271.005	187.258	56.3633	514.626	
1.05e+07	165.49	130.712	111.571	407.773	
1.055e+07	259.941	25.3005	48.5396	333.781	
1.06e+07	330.399	40.9402	66.1588	437.498	
1.065e+07	176.086	40.5726	35.2334	251.892	
1.07e+07	223.141	50.6069	21.4388	295.186	
1.075e+07	302.997	108.486	47.8781	459.361	
1.08e+07	221.07	70.8036	89.9918	381.865	
1.085e+07	30.7108	242.088	60.6305	333.43	
1.09e+07	11.995	213.624	39.9851	265.605	
1.095e+07	37.6272	355.474	50.2625	443.364	
1.1e+07	30.1534	127.552	67.3732	225.079	
1.105e+07	109.452	91.086	42.1624	242.7	
1.11e+07	49.9402	220.904	28.7788	299.623	
1.115e+07	26.5402	200.214	29.7243	256.478	
1.12e+07	39.195	165.795	33.7115	238.701	
1.125e+07	34.1154	68.5474	77.447	180.11	
1.13e+07	56.5888	86.0414	51.0355	193.666	
1.135e+07	51.5805	314.412	87.2165	453.209	
1.14e+07	96.4669	220.999	85.2529	402.718	
1.145e+07	48.1352	154.522	75.805	278.462	
1.15e+07	68.5809	180.1	52.8751	301.556	
1.155e+07	34.3438	106.099	57.7687	198.211	
1.16e+07	72.8169	110.067	157.547	340.431	
1.165e+07	95.5954	253.342	147.357	496.295	
1.17e+07	184.792	179.208	194.818	558.818	
1.175e+07	31.522	365.221	156.304	553.047	
1.18e+07	164.855	101.448	17.2107	283.514	
1.185e+07	93.9623	93.0136	32.8278	219.804	
1.19e+07	40.2641	62.7538	60.8972	163.915	
1.195e+07	58.1342	60.2493	99.3372	217.721	
1.2e+07	91.1623	44.0315	41.129	176.323	
1.205e+07	67.5607	77.7032	50.8388	196.103	
1.21e+07	87.76	115.341	44.1342	247.235	
1.215e+07	165.553	231.152	42.2636	438.969	
1.22e+07	172.027	91.7805	43.0334	306.841	
1.225e+07	141.035	147.002	96.6817	384.719	
1.23e+07	83.3429	109.289	106.883	299.516	
1.235e+07	87.9488	120.954	106.28	315.183	
1.24e+07	59.9388	78.5918	94.3772	232.908	
1.245e+07	84.8582	75.7624	18.5111	179.132	
1.25e+07	81.0024	28.7336	47.0509	156.787	
1.255e+07	146.736	97.1369	67.316	311.189	
1.26e+07	175.4	43.2926	109.171	327.863	
1.265e+07	53.322	72.5326	74.8745	200.729	
1.27e+07	34.5772	118.485	64.4464	217.509	
1.275e+07	45.7198	157.221	370.222	573.163	
1.28e+07	46.8993	122.502	80.2327	249.634	
1.285e+07	89.8879	88.446	180.307	358.641	
1.29e+07	72.155	37.5898	56.2493	165.994	
1.295e+07	27.805	185.351	27.8582	241.014	
1.3e+07	60.6116	91.0582	61.3881	213.058	
1.305e+07	143.452	39.767	55.129	238.348	
1.31e+07	256.392	45.7583	76.2893	378.44	
1.315e+07	192.626	40.8565	50.2302	283.713	
1.32e+07	84.726	135.085	128.48	348.291	
1.325e+07	210.594	173.296	43.2302	427.12	
1.33e+07	50.959	38.1752	54.6665	143.801	
1.335e+07	124.121	59.6529	264.107	447.881	
1.34e+07	170.415	223.59	28.0661	422.072	
1.345e+07	63.5769	131.521	44.5141	239.612	
1.35e+07	83.5005	45.4641	102.008	230.973	
1.355e+07	77.6156	34.4487	195.167	307.231	
1.36e+07	70.722	18.5983	358.302	447.622	
1.365e+07	181.63	40.2216	134.507	356.359	
1.37e+07	119.547	55.4893	39.1352	214.172	
1.375e+07	80.4265	26.5917	98.2579	205.276	
1.38e+07	61.6542	31.7782	37.3161	130.749	
1.385e+07	125.5	153.035	43.5356	322.071	
1.39e+07	89.116	120.753	60.6338	270.503	
1.395e+07	209.9	68.1029	126.235	404.238	
1.4e+07	71.209	45.376	32.7793	149.364	
1.405e+07	38.5264	104.588	41.3243	184.439	
1.41e+07	67.0245	146.445	40.8317	254.301	
1.415e+07	22.5987	71.9224	59.3987	153.92	
1.42e+07	32.0702	53.1038	136.317	221.491	
1.425e+07	33.3736	104.064	110.454	247.891	
1.43e+07	63.9716	95.5352	33.3869	192.894	
1.435e+07	66.8036	39.5214	230.485	336.81	
1.44e+07	32.3226	45.8827	216.28	294.485	
1.445e+07	55.7256	56.9505	437.147	549.823	
1.45e+07	30.8314	90.3243	50.6745	171.83	
1.455e+07	40.6434	80.2569	42.8443	163.745	
1.46e+07	59.446	51.4132	28.5752	139.434	
1.465e+07	109.582	175.562	36.7524	321.896	
1.47e+07	144.698	72.007	150.288	366.993	
1.475e+07	109.079	44.3902	75.4691	228.938	
1.48e+07	124.114	128.493	110.357	362.964	
1.485e+07	142.268	172.239	23.4036	337.91	
1.49e+07	72.9181	367.937	21.2152	462.071	
1.495e+07	36.5488	203.356	30.3125	270.217	
1.5e+07	36.6487	256.224	81.7363	374.609	
1.505e+07	56.0616	123.843	22.0278	201.933	
1.51e+07	48.9472	251.657	48.1408	348.745	
1.515e+07	27.6751	56.7108	36.2063	120.592	
1.52e+07	130.399	18.1716	37.7125	186.283	
1.525e+07	57.969	29.5805	65.1045	152.654	
1.53e+07	84.5207	109.84	95.5091	289.869	
1.535e+07	70.2942	47.6679	54.8232	172.785	
1.54e+07	34.526	81.976	163.647	280.149	
1.545e+07	41.2206	111.261	85.1951	237.677	
1.55e+07	90.6909	116.281	25.1578	232.129	
1.555e+07	68.1782	222.962	77.9769	369.117	
1.56e+07	107.86	61.3623	27.7141	196.936	
1.565e+07	168.081	58.3888	29.5815	256.051	
1.57e+07	120.134	111.824	65.3836	297.342	
1.575e+07	44.6988	55.8681	98.5869	199.154	
1.58e+07	51.5145	75.1765	23.9038	150.595	
1.585e+07	29.0315	212.846	55.9009	297.779	
1.59e+07	133.251	189.267	180.94	503.458	
1.595e+07	159.944	88.9914	144.687	393.623	
1.6e+07	107.938	99.0216	34.276	241.236	
1.605e+07	68.6132	66.3947	126.027	261.035	
1.61e+07	40.1488	56.3941	146.597	243.14	
1.615e+07	30.4133	72.2136	104.395	207.022	
1.62e+07	96.3888	160.787	17.9974	275.173	
1.625e+07	40.2988	232.007	85.3061	357.612	
1.63e+07	91.6807	38.2727	82.6761	212.63	
1.635e+07	31.1488	35.002	64.3336	130.484	
1.64e+07	143.007	25.4398	47.2856	215.732	
1.645e+07	170.799	42.6317	178.667	392.097	
1.65e+07	111.722	57.3524	136.755	305.83	
1.655e+07	63.1836	24.9769	358.152	446.313	
1.66e+07	29.0305	30.8827	363.081	422.994	
1.665e+07	32.3673	54.679	218.9	305.947	
1.67e+07	97.516	119.243	187.048	403.807	
1.675e+07	38.8298	143.348	114.012	296.19	
1.68e+07	47.1914	210.762	41.446	299.4	
1.685e+07	35.7802	164.9	235.832	436.512	
1.69e+07	27.8625	70.1934	77.69	175.746	
1.695e+07	41.2579	115.006	52.1269	208.391	
1.7e+07	40.9951	103.581	104.005	248.581	
1.705e+07	48.0632	113.68	64.8036	226.547	
1.71e+07	64.4797	46.8272	102.704	214.011	
1.715e+07	67.486	39.1836	77.4807	184.15	
1.72e+07	89.686	53.8826	131.005	274.574	
1.725e+07	50.046	54.2615	101.864	206.171	
1.73e+07	27.9623	21.3545	169.046	218.363	
1.735e+07	48.2165	47.2215	95.7869	191.225	
1.74e+07	50.969	63.6879	194.024	308.681	
1.745e+07	86.2979	63.2811	46.1402	195.719	
1.75e+07	107.675	46.0034	55.0107	208.689	
1.755e+07	85.1405	108.05	144.04	337.23	
1.76e+07	89.3224	18.729	231.998	340.05	
1.765e+07	181.228	32.5045	279.017	492.75	
1.77e+07	38.8496	59.8383	494.997	593.685	
1.775e+07	83.4381	42.3997	540.353	666.191	
1.78e+07	220.139	39.7174	209.729	469.586	
1.785e+07	147.421	98.0079	46.012	291.441	
1.79e+07	136.372	71.9788	40.1108	248.462	
1.795e+07	53.5369	75.8727	102.435	231.845	
1.8e+07	232.057	29.2608	92.6169	353.935	
1.805e+07	204.276	100.096	89.1743	393.547	
1.81e+07	194.162	74.5379	97.9293	366.63	
1.815e+07	107.141	44.3088	243.906	395.356	
1.82e+07	54.8261	31.0751	40.4179	126.319	
1.825e+07	242.486	104.396	17.602	364.484	
1.83e+07	239.005	58.2079	32.1088	329.322	
1.835e+07	27.1181	182.544	43.7716	253.433	
1.84e+07	107.878	82.967	132.035	322.88	
1.845e+07	140.517	112.126	50.3736	303.017	
1.85e+07	208.134	35.2132	155.952	399.299	
1.855e+07	145.088	74.2145	234.922	454.225	
1.86e+07	54.3406	61.7687	430.535	546.644	
1.865e+07	44.2388	50.2311	391.699	486.169	
1.87e+07	22.8314	63.2751	39.3269	125.433	
1.875e+07	81.2218	63.9438	44.2311	189.397	
1.88e+07	106.062	49.8702	57.1951	213.127	
1.885e+07	171.288	43.2536	165.443	379.985	
1.89e+07	39.452	233.227	279.417	552.095	
1.895e+07	22.8179	75.7881	281.543	380.149	
1.9e+07	55.7472	72.159	142.945	270.851	
1.905e+07	75.1934	101.815	289.486	466.494	
1.91e+07	41.3793	106.394	280.498	428.271	
1.915e+07	94.7769	63.3654	177.359	335.501	
1.92e+07	82.1211	23.1373	206.571	311.829	
1.925e+07	32.2107	78.8099	60.9607	171.981	
1.93e+07	84.8579	133.701	170.828	389.387	
1.935e+07	66.3127	105.936	160.672	332.921	
1.94e+07	33.5716	83.7293	155.144	272.445	
1.945e+07	11.8314	72.4943	140.207	224.533	
1.95e+07	31.6245	54.722	122.46	208.806	
1.955e+07	39.2563	67.8132	208.539	315.608	
1.96e+07	62.2136	53.9055	132.82	248.939	
1.965e+07	88.4447	59.772	246.334	394.551	
1.97e+07	101.309	98.3538	74.6347	274.297	
1.975e+07	55.7636	160.152	43.2311	259.147	
1.98e+07	71.6563	84.7174	136.508	292.882	
1.985e+07	192.858	27.4033	151.347	371.609	
1.99e+07	75.8778	83.5517	43.6232	203.053	
1.995e+07	28.6311	126.141	60.7005	215.472	
2e+07	37.0269	93.7343	110.562	241.324	
2.005e+07	89.3925	416.381	19.5669	525.341	
2.01e+07	67.1226	129.671	28.0327	224.826	
2.015e+07	32.1125	317.468	60.3914	409.972	
2.02e+07	81.4499	218.402	36.1716	336.024	
2.025e+07	93.0797	143.572	70.6311	307.282	
2.03e+07	89.0315	31.9154	76.4698	197.417	
2.035e+07	90.6724	71.9574	87.3838	250.014	
2.04e+07	211.323	47.2625	56.6579	315.243	
2.045e+07	259.927	81.1343	220.185	561.246	
2.05e+07	219.018	74.8311	77.1888	371.038	
2.055e+07	68.2414	89.7108	221.864	379.816	
2.06e+07	315.229	40.5211	82.6747	438.425	
2.065e+07	231.187	60.0702	69.9925	361.25	
2.07e+07	308.22	59.5323	91.807	459.56	
2.075e+07	183.389	49.567	195.103	428.059	
2.08e+07	80.2641	168.067	387.433	635.764	
2.085e+07	42.5451	59.9765	248.033	350.555	
2.09e+07	81.1947	35.7372	247.424	364.355	
2.095e+07	25.1914	104.264	126.264	255.719	
2.1e+07	47.2834	265.909	328.856	642.048	
2.105e+07	40.7326	80.679	112.752	234.164	
2.11e+07	166.03	130.231	275.606	571.868	
2.115e+07	52.7555	182.868	82.8579	318.481	
2.12e+07	71.3607	204.828	7.56537	283.754	
2.125e+07	51.8364	379.701	105.303	536.84	
2.13e+07	66.5508	276.079	271.645	614.275	
2.135e+07	31.3226	46.7578	230.102	308.182	
2.14e+07	182.867	34.7256	103.999	321.592	
2.145e+07	198.937	69.8033	172.899	441.639	
2.15e+07	338.205	29.1623	37.0669	404.435	
2.155e+07	270.756	76.2479	36.4288	383.433	
2.16e+07	97.6681	112.894	39.4305	249.993	
2.165e+07	60.296	97.8814	54.3954	212.573	
2.17e+07	115.734	38.5534	116.826	271.114	
2.175e+07	52.3908	58.1914	127.647	238.229	
2.18e+07	26.4645	24.6679	227.735	278.868	
2.185e+07	56.7418	26.0906	318.671	401.503	
2.19e+07	38.3227	135.102	414.571	587.995	
2.195e+07	74.1223	53.7045	235.199	363.026	
2.2e+07	102.338	31.4715	34.1124	167.922	
2.205e+07	74.1161	112.099	49.6136	235.829	
2.21e+07	36.9243	73.3429	37.9925	148.26	
2.215e+07	68.526	87.7418	72.246	228.514	
2.22e+07	93.5115	64.4136	61.2417	219.167	
2.225e+07	30.7061	267.795	66.4433	364.945	
2.23e+07	27.6811	198.169	73.6199	299.47	
2.235e+07	29.7425	246.417	28.4691	304.629	
2.24e+07	27.2897	109.149	274.249	410.687	
2.245e+07	37.6245	192.187	173.584	403.395	
2.25e+07	89.1802	178.581	176.067	443.829	
2.255e+07	102.392	273.972	54.8202	431.184	
2.26e+07	45.4702	125.327	84.45	255.247	
2.265e+07	165.95	29.5793	67.1534	262.683	
2.27e+07	51.3293	69.7342	40.435	161.499	
2.275e+07	95.4532	111.574	45.2054	252.232	
2.28e+07	20.1987	58.2817	79.517	157.997	
2.285e+07	30.9574	146.468	82.7323	260.158	
2.29e+07	172.755	147.038	261.917	581.71	
2.295e+07	410.438	38.9716	145.184	594.594	
2.3e+07	544.355	53.376	53.336	651.067	
2.305e+07	432.602	22.9788	32.5082	488.089	
2.31e+07	193.718	84.4443	28.247	306.409	
2.315e+07	122.174	114.886	34.6281	271.689	
2.32e+07	359.159	27.2843	182.64	569.083	
2.325e+07	148.262	46.5699	94.7607	289.593	
2.33e+07	276.143	19.7224	49.3187	345.184	
2.335e+07	218.02	80.2156	64.6599	362.896	
2.34e+07	17.7226	180.966	69.9141	268.602	
2.345e+07	81.8123	128.005	62.3898	272.207	
2.35e+07	111.177	147.708	117.243	376.128	
2.355e+07	101.113	58.6943	39.6682	199.475	
2.36e+07	114.527	10.7187	42.3078	167.553	
2.365e+07	187.75	56.3224	29.5656	273.639	
2.37e+07	130.091	11.0674	168.134	309.292	
2.375e+07	75.7108	105.015	58.4454	239.171	
2.38e+07	64.7336	67.0123	333.189	464.935	
2.385e+07	118.977	130.651	346.316	595.943	
2.39e+07	20.7115	117.344	462.297	600.353	
2.395e+07	152.732	21.8278	84.2334	258.793	
2.4e+07	125.488	107.267	61.0856	293.84	
2.405e+07	129.931	235.755	58.0132	423.699	
2.41e+07	58.9198	377.523	51.8499	488.292	
2.415e+07	68.1379	231.438	34.362	333.938	
2.42e+07	111.494	199.344	18.6397	329.478	
2.425e+07	132.737	124.105	25.1669	282.009	
2.43e+07	174.421	20.5108	32.04	226.971	
2.435e+07	240.33	88.0169	111.359	439.705	
2.44e+07	358.781	74.0608	51.2414	484.083	
2.445e+07	303.984	353.626	33.1005	690.71	
2.45e+07	270.811	134.862	27.7772	433.45	
2.455e+07	174.529	97.5633	23.2536	295.346	
2.46e+07	236.478	86.7127	63.9765	387.167	
2.465e+07	212.944	56.0996	191.662	460.706	
2.47e+07	194.696	48.8629	149.334	392.893	
2.475e+07	351.995	36.7914	35.8206	424.607	
2.48e+07	353.396	55.2454	36.3273	444.969	
2.485e+07	473.799	42.6781	48.4945	564.971	
2.49e+07	394.785	105.122	34.0747	533.982	
2.495e+07	84.1669	70.1802	72.5805	226.928	
2.5e+07	90.8702	153.124	49.9108	293.905	
2.505e+07	169.658	196.451	55.6096	421.718	
2.51e+07	185.664	37.0843	29.2129	251.961	
2.515e+07	233.272	126.417	26.8261	386.515	
2.52e+07	98.7726	25.129	41.9815	165.883	
2.525e+07	70.1124	334.735	40.9788	445.826	
2.53e+07	75.3699	297.929	228.413	601.712	
2.535e+07	92.0305	293.919	174.794	560.743	
2.54e+07	51.5154	466.206	363.063	880.785	
2.545e+07	114.304	425.452	224.704	764.46	
2.55e+07	91.9406	326.339	80.2993	498.579	
2.555e+07	117.463	345.894	124.857	588.214	
2.56e+07	111.966	251.131	68.0252	431.122	
2.565e+07	110.205	299.817	208.192	618.214	
2.57e+07	115.271	72.8169	253.187	441.275	
2.575e+07	35.8165	41.4761	168.79	246.083	
2.58e+07	151.854	66.45	202.818	421.122	
2.585e+07	62.9379	112.843	139.878	315.658	
2.59e+07	31.8497	50.7293	102.62	185.199	
2.595e+07	47.476	53.2383	424.705	525.42	
2.6e+07	49.3954	139.061	368.2	556.657	
2.605e+07	47.8017	267.621	138.795	454.218	
2.61e+07	60.7425	149.736	72.6993	283.177	
2.615e+07	64.1438	228.052	76.7016	368.897	
2.62e+07	142.606	157.972	229.949	530.527	
2.625e+07	216.668	123.835	128.468	468.971	
2.63e+07	190.391	53.4054	170.53	414.326	
2.635e+07	69.6747	140.766	182.774	393.214	
2.64e+07	200.125	153.917	37.5607	391.602	
2.645e+07	168.902	69.0569	31.1091	269.068	
2.65e+07	151.112	73.0807	55.3474	279.541	
2.655e+07	103.349	177.929	55.4499	336.728	
2.66e+07	38.8856	144.5	234.074	417.461	
2.665e+07	47.4569	144.576	171.138	363.17	
2.67e+07	63.4674	231.161	243.521	538.149	
2.675e+07	74.5534	125.002	318.665	518.22	
2.68e+07	99.652	169.01	179.164	447.826	
2.685e+07	68.0926	155.621	190.172	413.886	
2.69e+07	152.097	132.214	286.61	570.921	
2.695e+07	66.3838	104.462	56.8569	227.702	
2.7e+07	68.7805	209.847	28.9306	307.558	
2.705e+07	31.0532	368.136	24.9934	424.183	
2.71e+07	29.0107	392.911	115.606	537.528	
2.715e+07	19.41	312.933	25.3706	357.713	
2.72e+07	58.1342	111.511	90.0893	259.735	
2.725e+07	94.0856	66.7187	184.466	345.27	
2.73e+07	59.1174	99.6847	41.235	200.037	
2.735e+07	137.7	91.6398	35.0516	264.391	
2.74e+07	49.6616	72.6433	33.2778	155.583	
2.745e+07	82.567	95.2817	72.926	250.775	
2.75e+07	68.959	235.008	119.448	423.416	
2.755e+07	39.836	349.15	95.4529	484.439	
2.76e+07	50.3124	100.508	63.5198	214.34	
2.765e+07	87.4315	128.625	83.5379	299.595	
2.77e+07	109.395	278.365	39.3402	427.101	
2.775e+07	43.3256	194.903	67.7127	305.942	
2.78e+07	94.1908	49.7269	31.5905	175.508	
2.785e+07	63.079	88.2906	22.4615	173.831	
2.79e+07	139.181	54.1079	53.5111	246.8	
2.795e+07	291.802	66.6834	49.8599	408.345	
2.8e+07	412.605	124.353	80.7872	617.746	
2.805e+07	116.791	100.529	241.359	458.679	
2.81e+07	109.288	65.2615	77.8069	252.356	
2.815e+07	44.5125	166.774	232.577	443.864	
2.82e+07	72.6493	107.316	51.2599	231.225	
2.825e+07	200.379	147.523	73.8499	421.752	
2.83e+07	165.502	249.218	55.1352	469.855	
2.835e+07	33.052	242.073	19.2245	294.349	
2.84e+07	132.288	61.7925	66.0083	260.089	
2.845e+07	159.734	25.2218	170.592	355.547	
2.85e+07	87.0454	53.5872	39.3855	180.018	
2.855e+07	129.283	26.2873	81.116	236.686	
2.86e+07	38.4272	21.8173	191.39	251.635	
2.865e+07	99.3078	47.1016	69.445	215.854	
2.87e+07	112.569	15.4814	80.317	208.367	
2.875e+07	107.616	71.1078	53.0529	231.776	
2.88e+07	95.4202	183.19	69.4288	348.039	
2.885e+07	224.293	159.05	84.3373	467.68	
2.89e+07	208.935	25.835	99.2979	334.068	
2.895e+07	91.7174	132.355	160.035	384.108	
2.9e+07	100.417	73.847	96.3769	270.641	
2.905e+07	165.415	92.0317	58.1214	315.568	
2.91e+07	143.762	96.767	56.2317	296.761	
2.915e+07	281.516	144.863	47.2943	473.673	
2.92e+07	234.876	28.4979	130.22	393.594	
2.925e+07	95.0334	22.5372	166.458	284.029	
2.93e+07	34.9214	153.312	197.858	386.092	
2.935e+07	53.2107	325.409	105.038	483.657	
2.94e+07	178.322	280.738	165.103	624.163	
2.945e+07	168.83	209.003	200.888	578.721	
2.95e+07	96.9938	163.785	101.667	362.446	
2.955e+07	360.374	71.2879	135.102	566.764	
2.96e+07	332.236	77.6542	120.351	530.241	
2.965e+07	207.828	43.0497	166.947	417.825	
2.97e+07	113.539	63.5707	129.27	306.38	
2.975e+07	209.305	91.3838	123.963	424.653	
2.98e+07	153.867	118.388	135.058	407.313	
2.985e+07	144.971	53.2632	49.7223	247.956	
2.99e+07	129.834	121.81	177.657	429.301	
2.995e+07	447.849	73.1574	31.2251	552.232	
3e+07	290.599	44.7214	61.5396	396.86	
3.005e+07	147.027	22.3247	51.5207	220.872	
3.01e+07	312.744	80.4897	20.2702	413.504	
3.015e+07	397.763	16.7488	61.8136	476.326	
3.02e+07	73.9954	78.6674	50.6715	203.334	
3.025e+07	189.558	101.263	44.6136	335.435	
3.03e+07	151.737	181.338	69.9997	403.074	
3.035e+07	91.9005	38.8202	25.1836	155.904	
3.04e+07	39.5115	73.7607	96.4315	209.704	
3.045e+07	37.6447	175.394	56.4582	269.497	
3.05e+07	116.858	400.645	48.1732	565.676	
3.055e+07	178.549	333.974	33.1065	545.63	
3.06e+07	94.2615	126.867	65.8747	287.004	
3.065e+07	115.807	196.703	69.7141	382.224	
3.07e+07	164.904	140.5	48.7623	354.167	
3.075e+07	228.139	148.101	61.252	437.492	
3.08e+07	122.747	127.321	77.4636	327.532	
3.085e+07	54.0993	151.856	204.286	410.242	
3.09e+07	53.959	92.7005	76.2156	222.875	
3.095e+07	40.8582	173.827	78.0311	292.716	
3.1e+07	66.0579	233.3	31.6245	330.982	
3.105e+07	79.2305	218.356	106.754	404.341	
3.11e+07	34.1029	227.552	78.9583	340.614	
3.115e+07	36.2625	478.3	79.4933	594.056	
3.12e+07	72.7588	123.876	70.6698	267.305	
3.125e+07	27.8033	100.384	124.33	252.517	
3.13e+07	47.2443	110.025	196.613	353.883	
3.135e+07	36.6661	55.1393	126.577	218.382	
3.14e+07	36.1902	21.0334	225.176	282.399	
3.145e+07	58.1323	22.3402	122.179	202.652	
3.15e+07	285.545	112.133	44.8652	442.542	
3.155e+07	242.958	80.0714	56.2563	379.286	
3.16e+07	315.617	45.2426	45.4236	406.283	
3.165e+07	289.61	45.5851	138.179	473.374	
3.17e+07	234.921	121.879	189.668	546.468	
3.175e+07	115.152	143.22	161.263	419.636	
3.18e+07	160.939	38.729	123.67	323.338	
3.185e+07	69.209	117.663	168.693	355.565	
3.19e+07	45.7732	68.4999	190.347	304.621	
3.195e+07	42.7793	163.773	237.693	444.245	
3.2e+07	61.2596	214.124	444.204	719.588	
3.205e+07	99.8933	126.371	240.486	466.75	
3.21e+07	93.2579	55.9765	64.3115	213.546	
3.215e+07	37.3836	185.661	55.3545	278.4	
3.22e+07	102.904	36.3836	119.992	259.28	
3.225e+07	234.191	13.5293	134.969	382.69	
3.23e+07	87.3323	217.102	36.6251	341.059	
3.235e+07	132.704	123.558	28.7141	284.977	
3.24e+07	93.6278	96.9082	47.5491	238.085	
3.245e+07	102.213	93.04	35.1908	230.444	
3.25e+07	96.1111	110.954	16.5438	223.609	
3.255e+07	50.9769	383.907	89.4979	524.381	
3.26e+07	101.261	277.115	26.2397	404.616	
3.265e+07	46.5517	91.9736	89.7065	228.232	
3.27e+07	47.9772	239.144	87.3583	374.48	
3.275e+07	101.189	152.507	115.658	369.354	
3.28e+07	87.8152	50.9269	245.977	384.719	
3.285e+07	67.8797	32.7373	221.285	321.902	
3.29e+07	317.972	53.0351	80.8206	451.828	
3.295e+07	378.255	50.5396	210.734	639.528	
3.3e+07	753.123	46.6079	121.795	921.526	
3.305e+07	480.323	58.5038	242.376	781.202	
3.31e+07	385.113	25.036	253.487	663.636	
3.315e+07	341.413	55.01	349.668	746.091	
3.32e+07	25.2629	171.114	60.2397	256.617	
3.325e+07	74.9211	277.294	25.0714	377.287	
3.33e+07	54.7805	278.645	40.9074	374.333	
3.335e+07	103.322	185.563	64.3247	353.209	
3.34e+07	201.554	38.5726	40.2834	280.41	
3.345e+07	243.3	66.8814	85.1838	395.366	
3.35e+07	188.211	61.4542	90.8681	340.533	
3.355e+07	93.7214	47.0245	28.6133	169.359	
3.36e+07	192.449	129.988	23.0034	345.441	
3.365e+07	85.2398	470.243	68.7852	624.268	
3.37e+07	26.1065	169.391	37.557	233.054	
3.375e+07	47.9078	261.769	33.3538	343.03	
3.38e+07	29.729	373.633	38.6596	442.022	
3.385e+07	38.0516	180.762	40.007	258.821	
3.39e+07	25.1115	280.106	114.434	419.651	
3.395e+07	55.126	90.8714	252.747	398.745	
3.4e+07	26.2232	83.9805	330.717	440.921	
3.405e+07	24.2136	25.722	124.956	174.892	
3.41e+07	58.5881	50.0317	163.094	271.714	
3.415e+07	15.1226	60.7356	64.2933	140.152	
3.42e+07	81.9524	36.2678	150.654	268.874	
3.425e+07	32.3191	17.9008	289.151	339.371	
3.43e+07	80.6063	26.6582	113.926	221.19	
3.435e+07	88.7534	47.3583	261.726	397.837	
3.44e+07	51.3038	31.3243	285.915	368.543	
3.445e+07	74.929	102.036	204.999	381.964	
3.45e+07	38.4929	298.85	171.199	508.541	
3.455e+07	72.1379	419.9	18.7769	510.815	
3.46e+07	132.155	293.332	43.2054	468.693	
3.465e+07	105.79	172.486	41.41	319.685	
3.47e+07	150.499	48.5307	138.808	337.838	
3.475e+07	46.2017	121.825	67.8542	235.881	
3.48e+07	28.2215	97.41	79.009	204.64	
3.485e+07	83.6979	379.23	54.6017	517.53	
3.49e+07	77.1181	446.791	98.8652	622.774	
3.495e+07	37.6206	324.84	32.2464	394.707	
3.5e+07	56.6314	292.5	61.7406	410.872	
3.505e+07	46.9032	137.1	39.0123	223.015	
3.51e+07	93.1441	96.8797	73.8807	263.904	
3.515e+07	414.417	86.5078	52.0383	552.963	
3.52e+07	260.791	71.7191	70.7247	403.235	
3.525e+07	143.537	60.2116	131.52	335.269	
3.53e+07	87.0856	58.252	53.3611	198.699	
3.535e+07	160.506	59.209	52.2999	272.015	
3.54e+07	107.131	90.0943	27.917	225.142	
3.545e+07	141.119	81.7406	38.7561	261.615	
3.55e+07	97.0499	43.9161	57.1607	198.127	
3.555e+07	162.885	21.9441	61.6483	246.478	
3.56e+07	157.288	40.6807	38.3836	236.353	
3.565e+07	101.704	45.1061	54.9524	201.762	
3.57e+07	45.1352	50.4282	11.0569	106.62	
3.575e+07	108.926	329.726	45.6381	484.29	
3.58e+07	34.1187	332.349	9.65793	376.125	
3.585e+07	45.8281	491.654	57.6069	595.089	
3.59e+07	44.1115	243.311	66.7583	354.181	
3.595e+07	123.208	277.925	119.833	520.966	
3.6e+07	17.995	409.987	110.529	538.511	
3.605e+07	87.2751	499.908	219.942	807.125	
3.61e+07	156.405	304.467	198.025	658.898	
3.615e+07	60.4718	335.358	478.362	874.192	
3.62e+07	28.2133	542.01	360.043	930.266	
3.625e+07	71.3925	262.802	36.9174	371.112	
3.63e+07	76.1908	308.323	30.5293	415.043	
3.635e+07	37.1636	108.041	63.9888	209.194	
3.64e+07	40.1472	67.6615	167.104	274.913	
3.645e+07	126.252	98.5178	97.0996	321.869	
3.65e+07	53.6993	103.464	292.694	449.857	
3.655e+07	267.366	253.374	218.886	739.627	
3.66e+07	159.134	75.4563	120.99	355.581	
3.665e+07	239.331	210.116	67.0278	516.474	
3.67e+07	198.141	392.951	39.8463	630.938	
3.675e+07	262.562	209.507	32.3611	504.43	
3.68e+07	143.815	172.661	26.4745	342.95	
3.685e+07	61.6036	95.9124	42.4817	199.998	
3.69e+07	103.576	417.429	37.9408	558.946	
3.695e+07	177.42	448.202	90.9402	716.562	
3.7e+07	38.696	144.174	46.1687	229.039	
3.705e+07	139.005	60.6625	54.9534	254.621	
3.71e+07	126.838	16.9517	93.9788	237.769	
3.715e+07	150.377	50.1673	20.81	221.354	
3.72e+07	83.2856	45.7905	77.6933	206.769	
3.725e+07	179.149	123.61	107.929	410.688	
3.73e+07	195.35	156.062	77.3307	428.743	
3.735e+07	169.864	135.389	164.347	469.6	
3.74e+07	154.68	100.833	97.7379	353.251	
3.745e+07	110.226	62.0823	51.7372	224.046	
3.75e+07	242.995	60.2199	37.3538	340.568	
3.755e+07	274.494	66.8338	72.3174	413.646	
3.76e+07	115.202	58.7108	115.511	289.424	
3.765e+07	317.474	126.397	32.2493	476.121	
3.77e+07	19.0715	273.991	28.9207	321.983	
3.775e+07	34.3905	92.3888	93.8896	220.669	
3.78e+07	99.2698	125.329	67.0079	291.607	
3.785e+07	75.4388	143.493	38.2608	257.193	
3.79e+07	212.276	58.4826	48.2334	318.992	
3.795e+07	25.4096	46.3583	71.7125	143.48	
3.8e+07	81.6669	77.4545	23.6464	182.768	
3.805e+07	135.38	16.3636	80.8165	232.561	
3.81e+07	290.257	52.3974	83.8608	426.515	
3.815e+07	176.766	83.6929	54.1902	314.649	
3.82e+07	160.781	91.285	211.846	463.912	
3.825e+07	38.0054	69.9442	161.59	269.539	
3.83e+07	23.9525	77.5141	56.5141	157.981	
3.835e+07	94.2388	107.591	136.476	338.306	
3.84e+07	61.3578	22.1852	100.1	183.643	
3.845e+07	70.2563	45.2479	268.283	383.788	
3.85e+07	44.696	90.8625	122.308	257.866	
3.855e+07	47.4652	52.5429	151.224	251.232	
3.86e+07	24.1607	39.8182	306.06	370.038	
3.865e+07	37.1038	57.3198	193.985	288.409	
3.87e+07	39.4202	152.639	147.651	339.71	
3.875e+07	70.3726	66.0433	80.9402	217.356	
3.88e+07	63.9925	74.1472	42.1088	180.248	
3.885e+07	210.742	38.9838	66.5898	316.316	
3.89e+07	194.931	98.4616	30.1115	323.504	
3.895e+07	144.026	69.2681	34.6945	247.989	
3.9e+07	89.0893	48.3441	48.4893	185.923	
3.905e+07	142.971	96.1583	107.166	346.295	
3.91e+07	63.2999	85.8261	35.7633	184.889	
3.915e+07	126.176	132.377	66.9211	325.474	
3.92e+07	153.362	147.426	52.0216	352.81	
3.925e+07	183.046	249.475	102.488	535.009	
3.93e+07	44.3987	225.617	90.1588	360.174	
3.935e+07	39.5178	27.7852	110.272	177.575	
3.94e+07	38.7517	65.0834	174.745	278.58	
3.945e+07	70.6929	78.5074	161.813	311.013	
3.95e+07	103.149	48.486	117.415	269.05	
3.955e+07	72.3517	110.286	157.697	340.335	
3.96e+07	248.805	77.7908	114.369	440.965	
3.965e+07	326.171	20.6388	74.4463	421.256	
3.97e+07	384.854	24.079	70.8024	479.736	
3.975e+07	426.418	88.4327	61.0145	575.865	
3.98e+07	267.068	31.6232	71.1706	369.862	
3.985e+07	224.536	175.922	100.929	501.388	
3.99e+07	370.42	88.1954	112.061	570.677	
3.995e+07	171.095	70.6497	193.281	435.025	
4e+07	180.934	79.8661	53.8087	314.609	
4.005e+07	220.377	240.636	30.7954	491.808	
4.01e+07	167.934	315.763	65.447	549.144	
4.015e+07	98.0311	181.25	14.1925	293.473	
4.02e+07	79.0347	277.84	42.9505	399.825	
4.025e+07	140.688	270.391	83.5451	494.624	
4.03e+07	35.5964	215.653	113.944	365.194	
4.035e+07	21.5554	97.3472	134.215	253.118	
4.04e+07	45.129	95.1025	27.9925	168.224	
4.045e+07	58.7323	82.2665	30.3055	171.304	
4.05e+07	90.6596	40.9214	59.2652	190.846	
4.055e+07	89.3224	13.9441	172.493	275.759	
4.06e+07	77.4314	149.22	294.715	521.367	
4.065e+07	96.1372	46.3607	174.373	316.871	
4.07e+07	166.944	120.587	259.108	546.639	
4.075e+07	92.5736	46.9806	109.523	249.077	
4.08e+07	81.0652	22.7442	148.481	252.29	
4.085e+07	88.5842	142.981	75.1925	306.758	
4.09e+07	102.881	52.6447	120.125	275.65	
4.095e+07	118.719	204.117	28.4364	351.273	
4.1e+07	114.402	104.563	36.726	255.691	
4.105e+07	35.1181	63.9297	137.07	236.118	
4.11e+07	47.9851	38.3917	105.881	192.258	
4.115e+07	17.9264	61.0681	332.307	411.302	
4.12e+07	22.1917	33.7079	209.294	265.194	
4.125e+07	13.3898	32.3406	282.949	328.679	
4.13e+07	37.7534	70.9838	295.322	404.06	
4.135e+07	46.5974	56.8764	213.767	317.241	
4.14e+07	83.2169	199.17	93.2596	375.646	
4.145e+07	152.504	47.3802	109.925	309.809	
4.15e+07	236.413	31.4288	57.3161	325.158	
4.155e+07	268.443	26.0315	53.7898	348.265	
4.16e+07	171.667	101.99	68.9765	342.634	
4.165e+07	37.1141	94.0615	38.6334	169.809	
4.17e+07	60.3214	80.4702	72.1934	212.985	
4.175e+07	130.853	32.5214	66.8069	230.182	
4.18e+07	50.2338	72.7988	267.144	390.177	
4.185e+07	94.4156	77.2499	145.696	317.361	
4.19e+07	34.3941	71.2879	193.162	298.844	
4.195e+07	26.7611	44.9881	137.595	209.344	
4.2e+07	119.152	80.1441	164.07	363.367	
4.205e+07	298.621	36.2107	262.554	597.386	
4.21e+07	99.6298	20.9842	227.147	347.761	
4.215e+07	54.136	69.5309	130.482	254.149	
4.22e+07	36.3442	61.0447	121.312	218.701	
4.225e+07	45.3396	70.4156	168.294	284.05	
4.23e+07	74.9352	29.8351	55.8714	160.642	
4.235e+07	51.9782	66.6499	28.0532	146.681	
4.24e+07	98.8261	33.2063	96.0132	228.046	
4.245e+07	80.8315	29.5178	200.36	310.709	
4.25e+07	52.846	23.8751	139.285	216.006	
4.255e+07	99.4669	73.8278	26.7293	200.024	
4.26e+07	178.278	76.9352	20.1269	275.34	
4.265e+07	131.73	126.257	37.0724	295.059	
4.27e+07	95.6334	253.002	29.2674	377.903	
4.275e+07	77.2034	305.701	29.9369	412.841	
4.28e+07	113.064	117.311	46.7623	277.137	
4.285e+07	50.0778	89.8116	52.726	192.615	
4.29e+07	78.6302	46.3772	68.3538	193.361	
4.295e+07	336.694	28.155	51.5293	416.379	
4.3e+07	205.026	69.3902	48.769	323.185	
4.305e+07	234.664	43.2933	39.4497	317.407	
4.31e+07	166.687	26.0906	81.7517	274.53	
4.315e+07	72.3342	57.7545	109.704	239.792	
4.32e+07	20.719	70.3042	88.1307	179.154	
4.325e+07	21.0596	175.752	77.9042	274.716	
4.33e+07	42.8107	69.5369	105.16	217.508	
4.335e+07	15.6698	62.2645	177.99	255.924	
4.34e+07	56.8896	94.9627	67.8579	219.71	
4.345e+07	119.997	60.6827	72.5623	253.242	
4.35e+07	273.297	74.9706	87.2542	435.522	
4.355e+07	94.5174	48.0417	40.3545	182.914	
4.36e+07	101.093	201.734	60.4252	363.252	
4.365e+07	224.222	172.384	7.37562	403.981	
4.37e+07	188.617	32.7574	114.472	335.846	
4.375e+07	77.1954	61.755	68.3079	207.258	
4.38e+07	56.4433	155.339	11.5227	223.305	
4.385e+07	65.6245	146.174	21.9627	233.761	
4.39e+07	63.0532	376.028	60.1578	499.239	
4.395e+07	72.5988	347.719	63.9323	484.25	
4.4e+07	76.0261	435.511	118.536	630.073	
4.405e+07	37.4979	237.435	62.1226	337.056	
4.41e+07	66.7127	271.937	18.7842	357.434	
4.415e+07	72.0199	52.5079	62.6272	187.155	
4.42e+07	152.469	164.81	156.031	473.31	
4.425e+07	35.8751	104.158	187.202	327.235	
4.43e+07	19.2636	76.6674	322.719	418.65	
4.435e+07	64.4943	95.5716	168.562	328.628	
4.44e+07	64.8781	126.256	171.74	362.874	
4.445e+07	48.2145	117.422	548.284	713.921	
4.45e+07	22.4761	38.1545	159.685	220.316	
4.455e+07	31.0034	84.81	43.5091	159.322	
4.46e+07	59.0563	17.3224	101.288	177.667	
4.465e+07	124.413	41.6245	32.9079	198.945	
4.47e+07	186.152	291.305	112.772	590.229	
4.475e+07	145.754	315.921	111.675	573.351	
4.48e+07	244.698	440.929	183.494	869.121	
4.485e+07	119.618	190.108	210.792	520.518	
4.49e+07	200.86	184.562	73.0272	458.449	
4.495e+07	90.1707	121.144	183.457	394.772	
4.5e+07	52.5765	114.371	122.256	289.203	
4.505e+07	156.031	230.302	159.591	545.924	
4.51e+07	128.426	219.337	51.9243	399.688	
4.515e+07	168.376	258.19	26.1726	452.738	
4.52e+07	259.706	210.038	158.714	628.459	
4.525e+07	235.304	172.536	94.609	502.449	
4.53e+07	135.88	132.143	47.7633	315.786	
4.535e+07	149.336	118.537	211.372	479.245	
4.54e+07	53.5545	52.5656	112.616	218.736	
4.545e+07	110.079	107.712	130.45	348.241	
4.55e+07	48.696	121.071	71.9247	241.692	
4.555e+07	42.0943	144.947	200.633	387.675	
4.56e+07	105.598	112.298	266.036	483.932	
4.565e+07	56.0123	234.622	141.802	432.436	
4.57e+07	108.916	303.422	19.247	431.585	
4.575e+07	72.1326	58.285	33.1955	163.613	
4.58e+07	69.2136	257.017	65.5987	391.829	
4.585e+07	34.9032	293.317	98.4398	426.66	
4.59e+07	46.612	134.42	78.7181	259.75	
4.595e+07	61.4652	32.2487	47.7611	141.475	
4.6e+07	156.467	80.6834	46.4625	283.612	
4.605e+07	167.522	90.1425	59.8596	317.524	
4.61e+07	165.72	70.6834	78.0434	314.447	
4.615e+07	107.824	64.6926	25.3987	197.916	
4.62e+07	54.8079	75.2747	74.2136	204.296	
4.625e+07	170.356	96.8261	34.8718	302.054	
4.63e+07	120.371	66.1438	94.5342	281.049	
4.635e+07	134.231	72.247	79.4232	285.902	
4.64e+07	153.331	27.0636	220.355	400.75	
4.645e+07	262.15	56.8979	49.01	368.058	
4.65e+07	50.2145	152.088	87.6963	289.999	
4.655e+07	87.6652	68.7369	38.1505	194.553	
4.66e+07	28.3005	197.652	144.973	370.925	
4.665e+07	27.0487	204.516	279.612	511.177	
4.67e+07	88.0216	250.012	153.172	491.205	
4.675e+07	104.197	265.02	83.6129	452.83	
4.68e+07	34.0443	329.791	124.686	488.521	
4.685e+07	81.4136	274.565	26.602	382.581	
4.69e+07	25.3925	181.34	80.3154	287.048	
4.695e+07	78.3211	246.374	61.322	386.017	
4.7e+07	188.003	161.305	47.1336	396.442	
4.705e+07	144.033	73.6036	59.8381	277.475	
4.71e+07	52.7388	121.747	77.6856	252.172	
4.715e+07	140.832	39.5402	78.6827	259.055	
4.72e+07	29.3326	62.1851	164.494	256.012	
4.725e+07	47.8702	246.843	85.2454	379.958	
4.73e+07	26.2764	148.74	326.349	501.366	
4.735e+07	80.6945	177.41	196.602	454.706	
4.74e+07	17.6069	75.8156	31.9154	125.338	
4.745e+07	73.0778	139.354	78.8288	291.26	
4.75e+07	46.0069	74.526	45.7938	166.327	
4.755e+07	268.448	46.0747	21.3479	335.871	
4.76e+07	227.59	75.5243	37.1743	340.289	
4.765e+07	132.789	100.512	126.708	360.009	
4.77e+07	161.011	310.315	98.1115	569.438	
4.775e+07	224.034	105.212	79.0434	408.289	
4.78e+07	559.317	87.717	177.384	824.419	
4.785e+07	700.22	35.085	118.657	853.962	
4.79e+07	285.372	76.8929	113.369	475.634	
4.795e+07	125.008	82.7356	66.9273	274.671	
4.8e+07	388.464	63.1769	84.9045	536.546	
4.805e+07	286.66	39.9815	49.5307	376.172	
4.81e+07	403.166	78.0215	64.0724	545.26	
4.815e+07	267.553	52.9805	114.704	435.238	
4.82e+07	131.213	75.7836	42.5029	249.5	
4.825e+07	314.112	65.9805	28.8272	408.92	
4.83e+07	248.139	178.468	51.1772	477.784	
4.835e+07	116.499	174.953	35.246	326.698	
4.84e+07	204.72	79.9809	77.0608	361.761	
4.845e+07	245.035	95.3309	55.8579	396.224	
4.85e+07	306.257	69.8487	72.2317	448.337	
4.855e+07	231.658	45.0132	62.6355	339.307	
4.86e+07	81.5474	68.0625	83.1226	232.733	
4.865e+07	162.731	108.989	55.9588	327.678	
4.87e+07	319.321	45.1042	70.5587	434.984	
4.875e+07	38.5125	123.664	102.205	264.381	
4.88e+07	66.2133	127.632	24.3115	218.157	
4.885e+07	144.041	177.361	130.912	452.315	
4.89e+07	31.402	62.9673	141.039	235.408	
4.895e+07	92.8751	202.171	22.8338	317.88	
4.9e+07	77.0582	251.65	47.9782	376.686	
4.905e+07	26.326	194.753	63.0599	284.139	
4.91e+07	46.5307	163.244	67.7306	277.506	
4.915e+07	78.1908	29.8843	109.665	217.74	
4.92e+07	96.2278	31.4327	136.293	263.953	
4.925e+07	266.392	118.352	116.726	501.471	
4.93e+07	284.464	130.636	115.766	530.866	
4.935e+07	79.0317	46.759	41.2265	167.017	
4.94e+07	39.5408	92.7574	57.6781	189.976	
4.945e+07	25.2926	151.748	27.0493	204.09	
4.95e+07	46.4206	75.3772	68.3726	190.17	
4.955e+07	26.8152	142.523	121.141	290.479	
4.96e+07	66.3699	273.707	85.6483	425.725	
4.965e+07	49.2798	229.46	111.46	390.199	
4.97e+07	167.949	158.96	52.4054	379.314	
4.975e+07	127.427	92.1815	20.2383	239.846	
4.98e+07	89.6388	42.3396	22.3561	154.334	
4.985e+07	320.172	124.652	110.96	555.784	
4.99e+07	94.2679	27.2156	58.5079	179.991	
4.995e+07	50.5306	109.013	53.836	213.38	
5e+07	60.0069	73.0317	51.0169	184.056	
5.005e+07	97.636	260.881	44.5236	403.041	
5.01e+07	63.6933	168.578	29.2569	261.528	
5.015e+07	87.572	116.154	32.7838	236.51	
5.02e+07	89.566	56.5627	101.831	247.96	
5.025e+07	30.6979	51.5815	459.107	541.386	
5.03e+07	43.402	103.071	237.932	384.406	
5.035e+07	40.3074	126.093	152.497	318.898	
5.04e+07	130.172	17.5805	248.081	395.833	
5.045e+07	216.502	91.0797	79.7074	387.289	
5.05e+07	212.381	141.366	78.6781	432.425	
5.055e+07	243.403	82.9306	76.6364	402.97	
5.06e+07	133.43	50.566	87.8532	271.85	
5.065e+07	50.56	115.139	20.447	186.146	
5.07e+07	53.9488	162.777	51.4123	268.138	
5.075e+07	74.3914	71.2536	64.8847	210.53	
5.08e+07	38.7654	19.84	126.306	184.911	
5.085e+07	101.974	31.686	141.486	275.146	
5.09e+07	82.247	95.4169	164.357	342.021	
5.095e+07	64.3008	392.083	242.516	698.9	
5.1e+07	115.202	56.6698	72.8751	244.747	
5.105e+07	164.471	41.3918	166.174	372.037	
5.11e+07	172.982	35.4781	117.694	326.154	
5.115e+07	155.661	74.2629	102.089	332.013	
5.12e+07	37.0024	52.3869	81.3396	170.729	
5.125e+07	50.0063	153.399	62.6447	266.05	
5.13e+07	30.4129	24.5888	101.395	156.397	
5.135e+07	59.0398	37.7654	123.878	220.683	
5.14e+07	26.6652	66.1342	54.3429	147.142	
5.145e+07	75.846	84.7342	115.541	276.121	
5.15e+07	23.1111	81.5187	29.602	134.232	
5.155e+07	82.6145	320.694	19.8133	423.122	
5.16e+07	209.015	120.379	84.3451	413.739	
5.165e+07	96.8327	29.0499	284.504	410.387	
5.17e+07	151.67	46.1591	470.797	668.627	
5.175e+07	96.3772	60.9633	206.5	363.841	
5.18e+07	60.9561	91.7323	544.749	697.437	
5.185e+07	70.8747	65.9125	439.053	575.84	
5.19e+07	195.857	122.192	115.581	433.63	
5.195e+07	18.8433	126.863	45.609	191.315	
5.2e+07	34.1505	74.6993	99.0926	207.942	
5.205e+07	17.7805	160.625	43.1224	221.528	
5.21e+07	85.8087	385.39	64.9743	536.173	
5.215e+07	33.9736	290.217	70.0999	394.29	
5.22e+07	62.6315	496.506	22.1406	581.278	
5.225e+07	107.123	287.85	14.7524	409.725	
5.23e+07	47.2311	397.033	107.195	551.459	
5.235e+07	27.2569	285.662	78.936	391.854	
5.24e+07	37.8351	344.519	28.6599	411.014	
5.245e+07	40.41	310.319	136.425	487.154	
5.25e+07	39.7369	75.8156	35.6123	151.165	
5.255e+07	122.381	231.65	108.045	462.076	
5.26e+07	201.043	43.6942	99.3706	344.108	
5.265e+07	22.5451	112.803	156.875	292.223	
5.27e+07	38.2129	44.0129	217.137	299.363	
5.275e+07	59.4327	70.9588	507.93	638.321	
5.28e+07	72.5214	48.329	247.996	368.847	
5.285e+07	36.129	133.734	114.208	284.071	
5.29e+07	105.745	43.9045	89.0236	238.673	
5.295e+07	101.924	173.315	85.1442	360.383	
5.3e+07	88.2993	156.081	48.3898	292.77	
5.305e+07	96.4063	94.9326	74.9574	266.296	
5.31e+07	57.8608	90.6669	23.5941	172.122	
5.315e+07	114.429	72.1005	32.9343	219.464	
5.32e+07	111.438	204.359	25.447	341.244	
5.325e+07	184.054	44.8509	89.3307	318.236	
5.33e+07	153.519	127.298	128.944	409.76	
5.335e+07	73.4202	54.3008	52.9802	180.701	
5.34e+07	32.5207	37.9534	103.939	174.413	
5.345e+07	58.0199	20.1699	164.443	242.632	
5.35e+07	102.96	101.658	165.599	370.217	
5.355e+07	168.635	25.0608	88.6669	282.363	
5.36e+07	103.1	61.8152	168.975	333.89	
5.365e+07	63.286	57.2636	165.664	286.213	
5.37e+07	111.675	37.6906	192.846	342.212	
5.375e+07	44.402	71.3408	238.331	354.074	
5.38e+07	51.5223	23.8629	266.337	341.722	
5.385e+07	33.3925	171.613	280.894	485.9	
5.39e+07	35.7472	161.072	271.94	468.76	
5.395e+07	62.3005	84.8993	122.789	269.989	
5.4e+07	31.1687	110.033	155.602	296.804	
5.405e+07	79.2979	67.7687	26.1243	173.191	
5.41e+07	68.172	30.8499	43.6926	142.715	
5.415e+07	168.269	98.7716	115.374	382.414	
5.42e+07	230.661	81.4355	111.956	424.053	
5.425e+07	245.355	77.0879	42.6714	365.115	
5.43e+07	88.0123	74.0199	31.5438	193.576	
5.435e+07	137.784	22.0817	65.1607	225.026	
5.44e+07	98.4727	32.4669	31.6036	162.543	
5.445e+07	65.8116	67.3161	184.185	317.313	
5.45e+07	31.6288	55.6797	163.897	251.206	
5.455e+07	155.115	16.6107	75.955	247.681	
5.46e+07	134.831	73.7908	55.9211	264.543	
5.465e+07	62.2261	72.696	232.362	367.284	
5.47e+07	82.719	299.07	40.9363	422.725	
5.475e+07	85.1838	324.961	43.8669	454.012	
5.48e+07	37.7342	133.497	68.4351	239.667	
5.485e+07	134.62	59.16	31.9211	225.701	
5.49e+07	353.468	39.3541	50.1356	442.958	
5.495e+07	101.754	98.6532	49.4206	249.828	
5.5e+07	165.206	56.4645	25.2454	246.916	
5.505e+07	106.742	55.1815	82.9842	244.908	
5.51e+07	228.899	142.921	59.526	431.345	
5.515e+07	250.521	94.0596	151.64	496.22	
5.52e+07	182.852	31.9773	120.456	335.285	
5.525e+07	178.081	236.852	36.9881	451.921	
5.53e+07	74.0024	171.301	33.8797	279.183	
5.535e+07	131.812	408.061	32.1408	572.014	
5.54e+07	89.1726	70.7633	40.49	200.426	
5.545e+07	333.25	101.308	54.8764	489.434	
5.55e+07	140.959	27.0479	207.792	375.799	
5.555e+07	25.6579	39.2629	468.347	533.268	
5.56e+07	50.6347	30.1525	333.65	414.437	
5.565e+07	76.0063	18.1954	149.351	243.552	
5.57e+07	160.157	61.9082	111.085	333.15	
5.575e+07	206.05	24.1687	140.385	370.604	
5.58e+07	370.824	36.6691	144.726	552.22	
5.585e+07	69.6679	52.0305	35.6751	157.373	
5.59e+07	42.9517	65.5445	268.667	377.164	
5.595e+07	137.814	121.547	91.2747	350.636	
5.6e+07	58.0338	142.7	211.287	412.021	
5.605e+07	339.585	212.766	116.846	669.197	
5.61e+07	460.343	78.9191	195.018	734.28	
5.615e+07	177.512	33.7908	187.838	399.141	
5.62e+07	129.773	45.5406	277.711	453.025	
5.625e+07	91.9934	72.4798	307.397	471.87	
5.63e+07	38.846	24.8569	211.693	275.396	
5.635e+07	155.264	86.296	302.03	543.59	
5.64e+07	20.9406	43.5656	323.851	388.357	
5.645e+07	98.8536	110.978	492.225	702.057	
5.65e+07	17.366	98.0463	49.3756	164.788	
5.655e+07	68.2152	241.781	191.372	501.368	
5.66e+07	44.3402	80.119	195.299	319.758	
5.665e+07	48.1524	102.321	78.9925	229.466	
5.67e+07	123.105	288.056	112.058	523.22	
5.675e+07	80.9111	157.742	175.789	414.442	
5.68e+07	25.9008	119.734	107.132	252.767	
5.685e+07	76.0278	185.926	118.428	380.382	
5.69e+07	100.726	166.794	129.843	397.363	
5.695e+07	80.1809	82.8311	124.772	287.784	
5.7e+07	42.8347	63.9065	289.343	396.084	
5.705e+07	119.795	36.8398	147.209	303.843	
5.71e+07	122.227	61.1125	161.229	344.568	
5.715e+07	60.5752	89.6896	65.6652	215.93	
5.72e+07	326.253	194.149	67.3769	587.779	
5.725e+07	220.4	31.9633	151.717	404.08	
5.73e+07	341.057	33.8817	173.507	548.445	
5.735e+07	344.167	71.7669	31.2443	447.178	
5.74e+07	280.576	130.641	57.807	469.024	
5.745e+07	234.929	188.043	39.597	462.569	
5.75e+07	74.1772	174.195	108.122	356.495	
5.755e+07	313.657	135.734	27.6761	477.067	
5.76e+07	118.241	112.026	33.035	263.303	
5.765e+07	157.159	37.2487	45.0834	239.491	
5.77e+07	99.9451	63.9905	57.8823	221.818	
5.775e+07	47.9409	117.952	130.843	296.736	
5.78e+07	80.1842	70.7198	37.7025	188.606	
5.785e+07	29.3726	610.34	57.5207	697.233	
5.79e+07	28.9256	62.2979	35.3743	126.598	
5.795e+07	52.6565	114.014	41.1743	207.844	
5.8e+07	67.2334	163.294	40.7055	271.233	
5.805e+07	127.947	105.592	81.9405	315.48	
5.81e+07	188.421	116.966	171.738	477.125	
5.815e+07	47.286	56.6933	155.246	259.225	
5.82e+07	157.506	146.445	206.876	510.827	
5.825e+07	135.022	119.82	92.1561	346.998	
5.83e+07	51.7191	26.1055	406.471	484.296	
5.835e+07	73.1154	29.4942	459.921	562.531	
5.84e+07	73.5591	32.2414	289.537	395.337	
5.845e+07	161.26	29.6929	189.329	380.281	
5.85e+07	75.3872	41.4132	177.614	294.414	
5.855e+07	39.8641	132.334	357.952	530.15	
5.86e+07	19.9187	59.6179	107.949	187.485	
5.865e+07	111.482	82.1343	75.0152	268.631	
5.87e+07	183.362	14.9372	401.65	599.949	
5.875e+07	89.8487	110.341	147.657	347.846	
5.88e+07	106.883	52.4388	150.652	309.974	
5.885e+07	159.193	204.443	73.9842	437.62	
5.89e+07	302.795	171.615	79.6463	554.056	
5.895e+07	116.461	125.283	10.7938	252.538	
5.9e+07	57.2864	180.506	30.3451	268.138	
5.905e+07	54.1869	112.665	37.412	204.263	
5.91e+07	42.7174	162.326	64.246	269.289	
5.915e+07	34.6863	62.7669	79.7743	177.228	
5.92e+07	45.6616	51.6063	157.65	254.918	
5.925e+07	148.821	114.082	42.476	305.378	
5.93e+07	139.332	161.955	94.8652	396.153	
5.935e+07	193.012	75.9038	50.1987	319.114	
5.94e+07	77.8311	87.6563	64.1211	229.608	
5.945e+07	164.317	52.4579	158.883	375.658	
5.95e+07	341.024	52.7623	50.7505	444.537	
5.955e+07	347.789	31.1088	253.94	632.838	
5.96e+07	233.121	87.2943	69.0873	389.502	
5.965e+07	109.519	38.2355	201.035	348.789	
5.97e+07	60.6943	74.6156	179.436	314.746	
5.975e+07	89.7198	45.1396	228.686	363.545	
5.98e+07	153.072	18.2278	125.75	297.051	
5.985e+07	51.4388	37.1772	214.202	302.818	
5.99e+07	21.2629	11.085	309.253	341.601	
5.995e+07	115.121	16.7607	143.857	275.738	
6e+07	103.334	113.04	19.4156	235.789	
6.005e+07	128.847	107.376	48.2265	284.45	
6.01e+07	81.8314	23.5005	84.6909	190.023	
6.015e+07	54.6674	39.7872	56.6305	151.085	
6.02e+07	50.1342	24.9699	89.7154	164.82	
6.025e+07	67.0823	34.1914	78.5207	179.794	
6.03e+07	52.0272	80.4563	50.3743	182.858	
6.035e+07	280.675	113.67	65.6615	460.007	
6.04e+07	251.032	27.2069	72.2645	350.503	
6.045e+07	238.072	36.8532	21.6496	296.575	
6.05e+07	260.74	84.3307	93.885	438.956	
6.055e+07	440.27	149.817	36.6532	626.74	
6.06e+07	230.834	67.2856	59.9687	358.088	
6.065e+07	146.394	29.9088	44.6807	220.983	
6.07e+07	146.371	53.722	142.221	342.313	
6.075e+07	26.4017	68.2397	66.5752	161.217	
6.08e+07	95.4179	30.5032	220.595	346.516	
6.085e+07	45.1578	51.1264	114.299	210.583	
6.09e+07	105.833	107.888	96.1716	309.893	
6.095e+07	68.4807	82.2317	102.283	252.995	
6.1e+07	94.1918	89.5669	43.5855	227.344	
6.105e+07	54.8596	182.502	67.2152	304.576	
6.11e+07	186.046	85.5743	52.0302	323.651	
6.115e+07	149.372	185.26	49.7782	384.41	
6.12e+07	143.838	176.981	82.3836	403.203	
6.125e+07	122.498	30.4761	48.6245	201.598	
6.13e+07	83.5451	122.772	47.0747	253.391	
6.135e+07	177.192	105.661	106.337	389.191	
6.14e+07	173.788	26.5032	48.5451	248.836	
6.145e+07	455.764	9.08339	200.363	665.21	
6.15e+07	160.717	36.696	198.377	395.79	
6.155e+07	134.293	49.4499	38.5773	222.32	
6.16e+07	310.7	58.2797	21.5561	390.535	
6.165e+07	226.894	198.475	104.522	529.891	
6.17e+07	92.8069	99.5517	37.2245	229.583	
6.175e+07	133.531	18.3905	247.177	399.098	
6.18e+07	363.174	38.0883	81.7561	483.019	
6.185e+07	252.26	184.276	126.981	563.516	
6.19e+07	74.235	82.172	296.342	452.75	
6.195e+07	20.4069	92.6906	215.147	328.245	
6.2e+07	51.8206	33.7082	218.424	303.953	
6.205e+07	78.2245	24.1772	247.875	350.276	
6.21e+07	31.8542	44.3769	166.594	242.825	
6.215e+07	104.795	53.9342	121.312	280.042	
6.22e+07	57.917	27.876	158.752	244.545	
6.225e+07	142.384	35.4906	165.271	343.146	
6.23e+07	111.087	158.185	45.317	314.59	
6.235e+07	65.5743	152.827	21.5524	239.954	
6.24e+07	57.1479	251.289	13.116	321.553	
6.245e+07	109.89	250.813	58.6629	419.366	
6.25e+07	105.662	169.944	65.1588	340.765	
6.255e+07	73.2236	128.905	17.9174	220.046	
6.26e+07	71.9336	134.408	71.8972	278.239	
6.265e+07	76.5472	95.7706	179.624	351.942	
6.27e+07	122.481	60.0761	233.886	416.442	
6.275e+07	96.0251	58.8398	181.599	336.464	
6.28e+07	69.9055	60.7772	333.482	464.164	
6.285e+07	36.4202	69.7042	299.244	405.369	
6.29e+07	96.3706	117.795	93.7611	307.927	
6.295e+07	126.25	43.5656	87.7611	257.577	
6.3e+07	233.417	31.3925	56.195	321.004	
6.305e+07	259.122	40.7534	25.285	325.161	
6.31e+07	396.069	42.1588	52.5154	490.743	
6.315e+07	239.631	29.1772	16.8625	285.671	
6.32e+07	77.7396	20.4879	160.735	258.963	
6.325e+07	45.9815	47.959	76.04	169.98	
6.33e+07	80.5805	118.115	43.3154	242.011	
6.335e+07	39.045	294.336	90.7005	424.081	
6.34e+07	43.16	214.274	197.563	454.998	
6.345e+07	85.2083	253.285	232.005	570.498	
6.35e+07	167.868	143.61	154.317	465.795	
6.355e+07	227.906	63.3687	57.526	348.801	
6.36e+07	175.225	43.9293	190.15	409.305	
6.365e+07	204.027	65.3441	139.867	409.238	
6.37e+07	134.795	43.2993	58.2652	236.36	
6.375e+07	263.681	69.247	141.103	474.031	
6.38e+07	442.054	47.8906	29.7223	519.667	
6.385e+07	175.778	29.2834	19.7373	224.799	
6.39e+07	342.195	58.7074	14.9408	415.843	
6.395e+07	365.815	28.6979	66.245	460.758	
6.4e+07	354.58	62.959	116.264	533.804	
6.405e+07	217.875	91.2414	85.5654	394.681	
6.41e+07	449.355	26.8351	108.577	584.767	
6.415e+07	140.664	30.7852	73.1243	244.573	
6.42e+07	67.4565	47.7336	134.92	250.11	
6.425e+07	27.7583	68.5009	146.711	242.97	
6.43e+07	37.322	112.758	116.705	266.786	
6.435e+07	83.3065	65.5055	86.7545	235.566	
6.44e+07	85.6179	32.567	81.0024	199.187	
6.445e+07	290.955	63.6317	64.9178	419.505	
6.45e+07	75.0864	120.736	67.5925	263.415	
6.455e+07	84.2929	60.9611	58.5181	203.772	
6.46e+07	102.748	33.0826	73.3954	209.226	
6.465e+07	446.177	93.5534	38.1578	577.888	
6.47e+07	341.74	77.3869	60.835	479.961	
6.475e+07	240.69	135.802	44.4817	420.973	
6.48e+07	237.908	387.339	165.518	790.765	
6.485e+07	72.8334	197.299	224.238	494.371	
6.49e+07	105.579	281.065	80.9045	467.549	
6.495e+07	54.1815	78.5505	19.7065	152.439	
6.5e+07	34.1534	40.4096	79.5788	154.142	
6.505e+07	164.7	53.367	163.833	381.9	
6.51e+07	147.649	25.1908	57.476	230.316	
6.515e+07	67.635	64.8487	42.6199	175.104	
6.52e+07	64.6036	29.8679	148.468	242.94	
6.525e+07	90.602	40.4315	168.901	299.934	
6.53e+07	55.7451	81.3061	214.62	351.671	
6.535e+07	80.0747	47.9723	30.7934	158.84	
6.54e+07	31.6317	47.2169	49.7623	128.611	
6.545e+07	53.4315	44.9214	79.569	177.922	
6.55e+07	92.117	49.8069	26.3111	168.235	
6.555e+07	102.01	35.6347	49.6388	187.283	
6.56e+07	51.6278	117.627	21.9656	191.22	
6.565e+07	101.354	77.9888	51.9881	231.331	
6.57e+07	126.468	149.407	20.9396	296.815	
6.575e+07	74.0747	92.7042	39.4024	206.181	
6.58e+07	103.053	185.774	82.4798	371.307	
6.585e+07	114.418	57.9393	130.747	303.105	
6.59e+07	78.9633	44.3902	170.995	294.349	
6.595e+07	110.627	51.885	166.388	328.9	
6.6e+07	18.2873	112.988	154.089	285.365	
6.605e+07	126.587	101.261	45.6433	273.492	
6.61e+07	129.424	62.1524	24.2454	215.822	
6.615e+07	127.544	29.3583	49.7078	206.61	
6.62e+07	34.6315	125.997	286.835	447.464	
6.625e+07	40.4747	56.797	492.276	589.548	
6.63e+07	38.3402	81.4747	392.682	512.497	
6.635e+07	127.024	51.3379	383.878	562.24	
6.64e+07	39.2669	82.8245	384.558	506.649	
6.645e+07	64.4499	31.4136	128.012	223.875	
6.65e+07	56.2079	208.749	135.322	400.279	
6.655e+07	39.2608	267.359	29.8724	336.492	
6.66e+07	285.207	231.996	22.3309	539.534	
6.665e+07	290.774	25.4979	33.8278	350.1	
6.67e+07	228.152	118.154	20.5941	366.901	
6.675e+07	262.711	116.991	71.7005	451.403	
6.68e+07	257.349	201.931	43.7005	502.98	
6.685e+07	205.236	125.389	180.47	511.095	
6.69e+07	157.63	32.3607	120.74	310.731	
6.695e+07	35.479	93.1124	58.6317	187.223	
6.7e+07	84.9588	87.0017	94.162	266.122	
6.705e+07	31.2334	91.3941	25.8282	148.456	
6.71e+07	42.0834	91.1224	76.9226	210.128	
6.715e+07	55.7479	324.479	136.101	516.328	
6.72e+07	216.731	130.758	95.8479	443.337	
6.725e+07	415.577	19.9769	213.101	648.655	
6.73e+07	226.444	54.5855	127.075	408.104	
6.735e+07	257.101	31.2536	186.075	474.43	
6.74e+07	167.521	70.6629	83.966	322.15	
6.745e+07	95.3815	47.2024	79.176	221.76	
6.75e+07	62.847	201.355	134.67	398.872	
6.755e+07	13.4454	356.286	28.4641	398.195	
6.76e+07	153.934	201.158	71.126	426.218	
6.765e+07	95.9038	167.576	39.4156	302.895	
6.77e+07	33.5191	51.7442	111.615	196.878	
6.775e+07	115.028	43.0364	59.8929	217.957	
6.78e+07	205.898	59.8179	87.7881	353.504	
6.785e+07	77.2579	112.943	328.293	518.494	
6.79e+07	81.9925	55.5342	390.867	528.394	
6.795e+07	20.0317	55.4509	507.913	583.395	
6.8e+07	88.2636	37.7079	256.079	382.05	
6.805e+07	28.376	99.235	111.507	239.118	
6.81e+07	25.9954	63.012	51.6278	140.635	
6.815e+07	57.5838	55.8334	34.7623	148.18	
6.82e+07	65.3954	152.555	68.2397	286.19	
6.825e+07	138.798	284.529	68.4727	491.8	
6.83e+07	38.4281	167.891	64.4979	270.817	
6.835e+07	66.407	151.187	106.111	323.705	
6.84e+07	38.6681	163.978	186.556	389.202	
6.845e+07	23.7852	78.6179	60.0493	162.452	
6.85e+07	77.0863	121.772	95.8826	294.741	
6.855e+07	23.8579	152.005	66.5578	242.421	
6.86e+07	92.3624	109.162	72.4388	273.964	
6.865e+07	209.57	80.7402	57.9951	348.305	
6.87e+07	375.123	198.023	61.4206	634.566	
6.875e+07	184.914	70.8827	84.9607	340.758	
6.88e+07	169.205	66.4718	58.5247	294.202	
6.885e+07	98.7191	65.0698	79.3042	243.093	
6.89e+07	149.777	44.3954	90.6797	284.852	
6.895e+07	182.113	68.9425	42.2542	293.309	
6.9e+07	226.544	150.137	77.3373	454.019	
6.905e+07	349.312	105.767	70.9178	525.997	
6.91e+07	339.521	92.8778	37.1127	469.511	
6.915e+07	229.167	40.7805	141.051	410.999	
6.92e+07	497.947	51.9987	53.8906	603.837	
6.925e+07	230.102	89.84	70.0625	390.005	
6.93e+07	51.7264	238.053	54.435	344.215	
6.935e+07	68.7269	345.252	64.7038	478.682	
6.94e+07	32.4496	108.202	91.2447	231.896	
6.945e+07	85.5273	82.6182	38.2261	206.372	
6.95e+07	34.5836	37.359	43.2334	115.176	
6.955e+07	39.4698	76.7793	35.6417	151.891	
6.96e+07	155.021	108.464	40.9488	304.433	
6.965e+07	61.1145	77.9178	37.3125	176.345	
6.97e+07	106.148	132.762	25.6302	264.54	
6.975e+07	190.73	19.317	40.6232	250.67	
6.98e+07	100.316	107.625	127.278	335.219	
6.985e+07	50.157	95.355	205.589	351.101	
6.99e+07	71.5836	97.0083	536.04	704.632	
6.995e+07	58.4625	226.761	109.997	395.221	
7e+07	57.5342	105.285	244.662	407.481	
7.005e+07	39.8447	30.2608	167.163	237.268	
7.01e+07	73.1488	29.8398	135.668	238.657	
7.015e+07	110.947	141.233	312.254	564.434	
7.02e+07	154.462	46.2636	148.127	348.853	
7.025e+07	208.119	46.1425	184.276	438.537	
7.03e+07	284.731	16.876	289.1	590.706	
7.035e+07	299.033	27.4388	319.205	645.677	
7.04e+07	105.034	154.465	140.74	400.238	
7.045e+07	159.736	33.1524	171.54	364.428	
7.05e+07	459.177	59.7898	93.9756	612.942	
7.055e+07	251.704	162.265	122.869	536.838	
7.06e+07	266.795	114.209	72.8929	453.897	
7.065e+07	240.977	80.8943	39.1491	361.02	
7.07e+07	206.49	70.9038	53.5732	330.967	
7.075e+07	416.815	13.4745	56.5363	486.825	
7.08e+07	284.922	47.3441	54.5154	386.782	
7.085e+07	95.1736	42.6993	85.886	223.759	
7.09e+07	126.185	50.0896	169.415	345.69	
7.095e+07	122.366	161.623	84.0906	368.08	
7.1e+07	147.181	127.975	40.6926	315.849	
7.105e+07	116.592	107.893	33.1198	257.606	
7.11e+07	45.576	30.0778	122.779	198.433	
7.115e+07	230.972	48.0996	40.0107	319.082	
7.12e+07	116.955	80.1127	103.922	300.99	
7.125e+07	74.316	47.8156	225.984	348.115	
7.13e+07	63.1016	128.828	202.1	394.029	
7.135e+07	208.384	77.3851	170.656	456.425	
7.14e+07	62.9451	80.4906	73.6608	217.097	
7.145e+07	62.9554	66.1905	47.5772	176.723	
7.15e+07	98.5788	67.4464	72.9578	238.983	
7.155e+07	41.4311	69.4996	192.358	303.288	
7.16e+07	141.104	64.1491	41.2496	246.503	
7.165e+07	139.035	83.8879	104.581	327.504	
7.17e+07	248.62	118.33	30.7743	397.724	
7.175e+07	171.525	32.9191	61.0542	265.498	
7.18e+07	169.844	36.6896	64.0615	270.595	
7.185e+07	169.029	42.3297	118.468	329.826	
7.19e+07	232.987	52.4645	86.126	371.578	
7.195e+07	660.104	39.9633	195.114	895.182	
7.2e+07	674.352	124.57	269.189	1068.11	
7.205e+07	360.836	111.234	284.002	756.072	
7.21e+07	136.657	80.8265	33.1623	250.646	
7.215e+07	197.936	110.106	32.7673	340.81	
7.22e+07	132.802	162.995	115.057	410.855	
7.225e+07	224.515	279.926	149.995	654.436	
7.23e+07	218.221	219.72	17.8269	455.767	
7.235e+07	109.271	304.984	286.076	700.331	
7.24e+07	24.1379	335.467	263.351	622.956	
7.245e+07	65.172	172.988	20.1388	258.299	
7.25e+07	35.2347	213.23	14.285	262.75	
7.255e+07	63.886	125.972	28.4942	218.352	
7.26e+07	51.8454	127.902	142.949	322.696	
7.265e+07	79.7524	63.7488	150.721	294.222	
7.27e+07	61.4596	22.2251	30.9941	114.679	
7.275e+07	65.9256	90.4132	42.9438	199.283	
7.28e+07	202.347	92.2083	127.097	421.653	
7.285e+07	466.955	75.3545	30.4669	572.777	
7.29e+07	210.595	75.0288	10.6883	296.312	
7.295e+07	154.321	233.847	131.172	519.34	
7.3e+07	233.242	118.361	198.694	550.297	
7.305e+07	56.9455	65.3898	63.0493	185.384	
7.31e+07	60.3902	62.0136	64.9756	187.379	
7.315e+07	200.454	11.1451	231.229	442.828	
7.32e+07	332.566	108.979	29.1541	470.699	
7.325e+07	956.215	60.9214	22.3425	1039.48	
7.33e+07	577.894	55.8999	165.448	799.242	
7.335e+07	436.606	63.3342	144.519	644.459	
7.34e+07	100.67	75.5408	29.1736	205.384	
7.345e+07	72.5538	70.0278	39.9307	182.512	
7.35e+07	105.534	165.529	25.3888	296.452	
7.355e+07	18.9032	134.137	52.5687	205.609	
7.36e+07	115.341	99.5226	164.6	379.463	
7.365e+07	76.1908	28.6034	98.3425	203.137	
7.37e+07	90.4781	72.6388	95.7818	258.899	
7.375e+07	29.769	56.4033	136.109	222.281	
7.38e+07	44.8199	102.263	154.435	301.518	
7.385e+07	113.065	38.9925	61.0338	213.091	
7.39e+07	60.852	92.2216	120.954	274.028	
7.395e+07	17.4298	93.6245	167.457	278.511	
7.4e+07	116.584	46.9306	552.038	715.552	
7.405e+07	34.3545	102.508	577.331	714.193	
7.41e+07	83.3479	63.2751	374.181	520.804	
7.415e+07	114.495	102.355	149.838	366.688	
7.42e+07	52.0305	61.4641	86.3396	199.834	
7.425e+07	35.886	32.1707	190.74	258.797	
7.43e+07	30.2897	54.7342	83.2417	168.266	
7.435e+07	242.686	12.367	103.177	358.23	
7.44e+07	245.704	77.9088	24.6579	348.271	
7.445e+07	191.238	66.1954	21.7574	279.191	
7.45e+07	198.767	64.9336	52.0702	315.771	
7.455e+07	262.311	116.685	26.4747	405.471	
7.46e+07	146.502	145.719	50.0751	342.296	
7.465e+07	44.3974	216.969	42.4054	303.771	
7.47e+07	79.9588	55.0906	65.6745	200.724	
7.475e+07	76.7438	192.835	73.7223	343.301	
7.48e+07	71.3297	74.1888	37.247	182.765	
7.485e+07	32.955	159.54	61.9736	254.468	
7.49e+07	27.6218	73.009	47.7061	148.337	
7.495e+07	26.4302	405.557	103.195	535.182	
7.5e+07	92.3472	268.486	26.0661	386.899	
7.505e+07	59.6863	87.5918	96.4943	243.772	
7.51e+07	33.2251	170.202	34.955	238.382	
7.515e+07	29.202	136.769	62.8317	228.803	
7.52e+07	41.4811	114.357	69.1214	224.96	
7.525e+07	321.897	166.002	165.681	653.58	
7.53e+07	115.821	37.9115	27.4879	181.221	
7.535e+07	50.8608	43.0963	60.9125	154.87	
7.54e+07	89.4632	100.767	80.8311	271.061	
7.545e+07	70.516	87.5406	113.263	271.32	
7.55e+07	112.385	158.213	54.8747	325.473	
7.555e+07	73.0761	346.748	130.992	550.816	
7.56e+07	66.3065	50.959	118.643	235.908	
7.565e+07	153.005	33.5534	55.9987	242.557	
7.57e+07	139.612	64.2199	73.8338	277.666	
7.575e+07	77.2652	71.0034	96.9888	245.257	
7.58e+07	49.3088	104.221	70.2942	223.824	
7.585e+07	283.103	40.4616	46.836	370.4	
7.59e+07	83.4216	138.176	52.5438	274.141	
7.595e+07	64.1115	78.8433	50.4879	193.443	
7.6e+07	34.0063	236.694	34.0625	304.763	
7.605e+07	62.1224	242.233	74.5111	378.867	
7.61e+07	112.076	171.468	18.3065	301.85	
7.615e+07	55.6711	55.1947	81.4563	192.322	
7.62e+07	52.9211	137.231	90.0724	280.225	
7.625e+07	132.792	40.4305	16.405	189.627	
7.63e+07	55.9852	43.2698	63.0778	162.333	
7.635e+07	184.926	64.9918	51.9078	301.826	
7.64e+07	106.078	133.052	86.3174	325.447	
7.645e+07	52.8099	61.6426	180.955	295.408	
7.65e+07	51.4288	277.809	151.249	480.487	
7.655e+07	27.7226	242.371	159.144	429.237	
7.66e+07	91.1561	268.561	79.4879	439.205	
7.665e+07	47.0823	173.65	258.304	479.036	
7.67e+07	22.1293	87.4136	245.045	354.588	
7.675e+07	45.7042	95.3307	131.766	272.801	
7.68e+07	147.621	87.7078	136.053	371.382	
7.685e+07	118.767	57.5025	180.257	356.526	
7.69e+07	194.012	58.2033	175.167	427.383	
7.695e+07	175.04	50.2929	31.0993	256.432	
7.7e+07	730.763	21.9396	148.781	901.484	
7.705e+07	233.558	329.682	175.95	739.19	
7.71e+07	146.225	155.731	42.5124	344.468	
7.715e+07	133.795	139.223	36.3042	309.323	
7.72e+07	91.4123	65.5951	36.7988	193.806	
7.725e+07	147.522	62.0625	94.0265	303.611	
7.73e+07	125.961	117.104	124.693	367.758	
7.735e+07	130.627	13.2479	139.264	283.139	
7.74e+07	86.6317	53.3788	53.486	193.497	
7.745e+07	84.6516	52.2883	102.316	239.256	
7.75e+07	156.035	37.286	109.373	302.694	
7.755e+07	33.7881	73.0314	212.156	318.976	
7.76e+07	119.222	28.4678	369.769	517.458	
7.765e+07	84.1633	193.265	66.5488	343.977	
7.77e+07	140.352	241.553	55.7954	437.701	
7.775e+07	95.0099	398.682	124.949	618.641	
7.78e+07	39.0509	310.389	74.4024	423.842	
7.785e+07	39.9336	230.467	48.6711	319.071	
7.79e+07	78.5326	81.3654	40.6863	200.584	
7.795e+07	66.005	21.2347	57.7191	144.959	
7.8e+07	107.45	142.467	60.7472	310.664	
7.805e+07	69.8054	61.1161	58.052	188.973	
7.81e+07	52.2464	68.3988	61.0383	181.683	
7.815e+07	90.8156	87.2532	105.093	283.161	
7.82e+07	91.8426	74.8811	25.5082	192.232	
7.825e+07	83.0972	37.5805	135.041	255.719	
7.83e+07	83.6873	25.3373	98.3293	207.354	
7.835e+07	112.954	38.1947	50.2079	201.357	
7.84e+07	354.887	93.5306	69.9247	518.343	
7.845e+07	152.282	111.224	176.432	439.937	
7.85e+07	25.0811	156.526	94.1198	275.726	
7.855e+07	18.6311	121.904	163.572	304.107	
7.86e+07	11.1429	193.075	29.0487	233.267	
7.865e+07	69.2443	160.858	47.8152	277.917	
7.87e+07	121.433	87.0781	28.6856	237.197	
7.875e+07	14.2334	103.217	53.9624	171.413	
7.88e+07	100.697	76.8414	62.1065	239.645	
7.885e+07	164.304	32.4636	76.0024	272.77	
7.89e+07	313.743	37.9115	47.3902	399.045	
7.895e+07	432.654	53.69	26.0516	512.396	
7.9e+07	265.086	45.2979	138.227	448.611	
7.905e+07	170.868	175.886	83.5788	430.333	
7.91e+07	248.395	143.992	31.772	424.159	
7.915e+07	88.1505	338.577	53.7247	480.452	
7.92e+07	55.9898	129.192	284.083	469.265	
7.925e+07	106.084	61.3445	115.577	283.005	
7.93e+07	57.1505	49.0136	113.145	219.31	
7.935e+07	76.3016	22.6533	141.1	240.055	
7.94e+07	68.597	26.1141	114.412	209.123	
7.945e+07	78.1723	79.2681	114.125	271.565	
7.95e+07	40.1079	38.2426	82.9772	161.328	
7.955e+07	43.0123	15.1793	382.176	440.368	
7.96e+07	150.984	172.065	358.44	681.489	
7.965e+07	50.9207	108.653	244.883	404.457	
7.97e+07	50.6281	67.2674	512.393	630.289	
7.975e+07	24.8724	69.5818	346.205	440.659	
7.98e+07	58.3425	84.1802	165.592	308.115	
7.985e+07	42.4711	89.1545	269.904	401.529	
7.99e+07	75.6711	177.199	189.581	442.451	
7.995e+07	14.5429	233.947	275.428	523.918	
8e+07	32.8629	212.627	311.776	557.266	
8.005e+07	87.6487	109.641	121.01	318.3	
8.01e+07	97.1243	173.519	113.888	384.531	
8.015e+07	38.236	199.413	49.5032	287.152	
8.02e+07	53.7525	309.363	72.4565	435.572	
8.025e+07	39.9914	58.7815	62.6414	161.414	
8.03e+07	46.2632	101.184	37.1815	184.629	
8.035e+07	150.228	21.1373	69.0532	240.418	
8.04e+07	42.7732	136.817	57.1373	236.727	
8.045e+07	71.8398	69.9538	51.3363	193.13	
8.05e+07	70.2747	68.0645	35.7554	174.095	
8.055e+07	41.5578	23	149.454	214.011	
8.06e+07	268.406	39.7802	148.976	457.162	
8.065e+07	113.09	72.9583	62.9207	248.969	
8.07e+07	137.295	35.0017	62.4636	234.76	
8.075e+07	78.8856	61.7987	125.424	266.108	
8.08e+07	132.982	23.7802	65.605	222.367	
8.085e+07	495.799	62.1041	23.116	581.019	
8.09e+07	318.815	33.317	218.736	570.868	
8.095e+07	222.776	26.157	147.706	396.639	
8.1e+07	157.675	69.6338	22.729	250.038	
8.105e+07	189.172	88.6107	33.3393	311.122	
8.11e+07	118.109	98.3451	64.6596	281.113	
8.115e+07	93.5088	100.111	31.6123	225.233	
8.12e+07	396.185	81.8132	36.1041	514.103	
8.125e+07	365.7	45.9181	97.1038	508.722	
8.13e+07	395.108	71.0034	72.805	538.916	
8.135e+07	534.787	48.916	93.252	676.955	
8.14e+07	283.966	52.7038	40.9369	377.606	
8.145e+07	71.1574	69.3925	51.2933	191.843	
8.15e+07	144.307	173.894	76.5842	394.786	
8.155e+07	57.7181	105.531	67.959	231.208	
8.16e+07	52.8929	90.009	55.8926	198.795	
8.165e+07	135.352	16.5388	95.9881	247.879	
8.17e+07	59.6479	96.2317	67.3987	223.278	
8.175e+07	77.0745	61.85	236.377	375.301	
8.18e+07	73.5938	62.9429	55.3788	191.916	
8.185e+07	101.524	67.4724	227.438	396.434	
8.19e+07	102.498	83.3525	235.291	421.141	
8.195e+07	22.7983	16.052	142.07	180.92	
8.2e+07	27.7352	102.629	121.754	252.118	
8.205e+07	25.3008	121.656	130.794	277.751	
8.21e+07	36.5505	106.629	91.2338	234.413	
8.215e+07	83.4897	43.046	211.208	337.744	
8.22e+07	42.3687	62.9627	255.832	361.163	
8.225e+07	98.0814	64.8629	297.736	460.68	
8.23e+07	64.3538	29.2497	190.184	283.788	
8.235e+07	60.8893	55.7524	343.867	460.508	
8.24e+07	30.9983	150.503	189.422	370.923	
8.245e+07	85.922	19.7016	157.834	263.457	
8.25e+07	29.4315	24.6926	277.985	332.11	
8.255e+07	60.85	47.729	53.9429	162.522	
8.26e+07	291.744	41.7363	102.177	435.657	
8.265e+07	334.64	125.169	101.984	561.792	
8.27e+07	126.17	50.9297	28.1991	205.299	
8.275e+07	167.468	35.6516	122.835	325.954	
8.28e+07	312.501	27.7187	132.957	473.177	
8.285e+07	364.758	35.3269	33.6327	433.718	
8.29e+07	257.734	37.567	63.3673	358.669	
8.295e+07	300.72	16.7207	117.612	435.052	
8.3e+07	68.4397	53.5517	120.736	242.727	
8.305e+07	80.0533	59.7793	90.5554	230.388	
8.31e+07	59.4269	292.148	167.454	519.029	
8.315e+07	53.0169	199.29	122.991	375.298	
8.32e+07	30.6945	124.82	161.547	317.062	
8.325e+07	67.9154	138.686	183.462	390.064	
8.33e+07	100.838	45.6487	56.7656	203.252	
8.335e+07	77.6629	63.4265	78.5623	219.652	
8.34e+07	181.276	71.4751	22.4156	275.167	
8.345e+07	239.254	94.4245	29.6988	363.377	
8.35e+07	117.559	166.597	69.3624	353.519	
8.355e+07	87.3396	90.405	61.2132	238.958	
8.36e+07	72.9451	238.802	60.7178	372.465	
8.365e+07	46.2715	180.174	214.039	440.485	
8.37e+07	40.755	150.617	342.227	533.6	
8.375e+07	73.395	94.0493	259.964	427.408	
8.38e+07	20.9038	171.179	258.412	450.495	
8.385e+07	113.003	79.7088	195.622	388.334	
8.39e+07	99.0496	86.0269	120.461	305.538	
8.395e+07	114.52	88.7517	369.035	572.307	
8.4e+07	105.926	146.977	123.417	376.32	
8.405e+07	143.119	131.064	72.6993	346.882	
8.41e+07	78.5974	63.2979	50.936	192.831	
8.415e+07	51.2479	56.9591	25.1223	133.329	
8.42e+07	158.931	52.2691	162.85	374.05	
8.425e+07	41.8823	139.953	69.7045	251.54	
8.43e+07	19.9869	273.988	32.726	326.701	
8.435e+07	24.0807	208.227	50.8487	283.157	
8.44e+07	188.012	87.8778	30.836	306.726	
8.445e+07	55.1534	92.4678	53.8599	201.481	
8.45e+07	112.453	45.476	26.7479	184.677	
8.455e+07	140.045	107.523	48.2479	295.816	
8.46e+07	118.615	186.47	22.8123	327.898	
8.465e+07	164.691	155.271	177.181	497.143	
8.47e+07	93.7838	80.3914	128.356	302.531	
8.475e+07	183.359	174.661	129.574	487.593	
8.48e+07	92.1042	48.9699	38.359	179.433	
8.485e+07	82.3902	44.0314	71.6447	198.066	
8.49e+07	74.7369	76.3583	77.5342	228.629	
8.495e+07	31.5402	170.799	43.955	246.294	
8.5e+07	92.0632	199.485	77.1902	368.738	
8.505e+07	37.3379	185.973	168.591	391.903	
8.51e+07	62.3726	224.658	162.845	449.876	
8.515e+07	27.3769	254.449	178.537	460.363	
8.52e+07	22.4096	139.969	73.8433	236.222	
8.525e+07	65.2929	160.688	224.174	450.156	
8.53e+07	61.8251	207.179	97.2698	366.274	
8.535e+07	29.9888	50.4615	106.172	186.622	
8.54e+07	65.8608	161.399	73.3908	300.651	
8.545e+07	47.3029	99.3125	47.4926	194.108	
8.55e+07	204.6	52.2864	74.3587	331.245	
8.555e+07	109.487	45.8632	46.0516	201.402	
8.56e+07	50.0979	131.336	80.0281	261.462	
8.565e+07	28.9236	179.282	44.9236	253.129	
8.57e+07	31.6715	288.1	41.2165	360.988	
8.575e+07	53.0781	147.813	43.9402	244.831	
8.58e+07	66.3997	247.008	68.6727	382.08	
8.585e+07	54.2645	233.735	87.2999	375.3	
8.59e+07	49.7451	447.107	45.047	541.899	
8.595e+07	101.406	276.761	25.6563	403.823	
8.6e+07	56.6315	90.8123	132.235	279.679	
8.605e+07	34.9654	47.9187	330.121	413.005	
8.61e+07	76.2972	103.694	335.931	515.922	
8.615e+07	80.0933	171.742	80.1805	332.016	
8.62e+07	296.249	102.904	72.8129	471.966	
8.625e+07	350.213	245.127	98.4679	693.808	
8.63e+07	299.936	131.827	157.558	589.321	
8.635e+07	208.522	92.207	75.485	376.214	
8.64e+07	101.131	81.2433	30.716	213.09	
8.645e+07	60.5656	55.6582	41.2674	157.491	
8.65e+07	146.685	124.542	70.3061	341.533	
8.655e+07	32.367	107.315	81.6532	221.336	
8.66e+07	52.9009	117.63	89.4669	259.998	
8.665e+07	65.6545	54.9627	159.561	280.178	
8.67e+07	68.755	45.4817	201.607	315.844	
8.675e+07	45.0714	46.3243	74.4414	165.837	
8.68e+07	104.467	60.9974	120.943	286.407	
8.685e+07	50.4315	66.5161	56.5951	173.543	
8.69e+07	59.6381	71.0652	32.8608	163.564	
8.695e+07	41.6847	79.1752	92.2632	213.123	
8.7e+07	89.4817	90.0338	209.009	388.525	
8.705e+07	32.9765	62.9852	89.0873	185.049	
8.71e+07	152.296	66.5838	44.3472	263.227	
8.715e+07	232.994	205.173	32.1161	470.283	
8.72e+07	243.976	167.885	41.5851	453.446	
8.725e+07	172.176	61.8761	53.652	287.704	
8.73e+07	153.371	32.6943	103.212	289.277	
8.735e+07	158.652	36.5009	76.1429	271.296	
8.74e+07	39.2724	101.973	225.704	366.949	
8.745e+07	19.0136	43.3925	154.572	216.978	
8.75e+07	27.76	28.9914	338.899	395.65	
8.755e+07	59.757	25.6334	219.917	305.307	
8.76e+07	124.511	38.4388	180.825	343.775	
8.765e+07	43.7902	73.0669	271.207	388.064	
8.77e+07	209.117	112.171	85.2338	406.521	
8.775e+07	416.863	20.1393	98.2569	535.259	
8.78e+07	114.345	63.1772	177.481	355.003	
8.785e+07	63.836	139.662	181.441	384.939	
8.79e+07	122.226	97.3611	95.116	314.703	
8.795e+07	93.5988	24.3538	147.65	265.603	
8.8e+07	73.6996	109.321	80.3396	263.36	
8.805e+07	86.0691	118.052	28.8496	232.97	
8.81e+07	46.1541	221.1	88.0499	355.305	
8.815e+07	26.6879	74.3809	50.7772	151.846	
8.82e+07	30.2817	59.6265	57.0979	147.006	
8.825e+07	68.9997	73.7307	89.5369	232.267	
8.83e+07	103.516	103.007	26.0133	232.536	
8.835e+07	31.6863	250.417	72.0579	354.161	
8.84e+07	58.0926	371.847	62.0315	491.971	
8.845e+07	62.3588	152.907	81.2156	296.481	
8.85e+07	58.1273	118.244	140.934	317.306	
8.855e+07	50.7369	48.0632	367.88	466.68	
8.86e+07	176.136	52.6811	444.687	673.505	
8.865e+07	49.3851	58.7561	311.868	420.009	
8.87e+07	160.119	120.959	111.519	392.596	
8.875e+07	64.607	140.949	130.211	335.766	
8.88e+07	78.5141	41.6516	115.979	236.145	
8.885e+07	214.248	97.3038	29.9061	341.458	
8.89e+07	241.417	63.2278	36.2232	340.868	
8.895e+07	238.914	94.2433	62.9326	396.09	
8.9e+07	117.615	196.666	99.2751	413.556	
8.905e+07	61.8702	106.181	34.2665	202.317	
8.91e+07	48.2398	109.181	54.8679	212.289	
8.915e+07	48.4129	101.416	69.8079	219.636	
8.92e+07	38.9224	85.6272	53.7091	178.259	
8.925e+07	113.046	90.9607	33.3115	237.318	
8.93e+07	120.359	147.09	75.4487	342.897	
8.935e+07	206.169	86.2979	28.8129	321.279	
8.94e+07	217.137	35.8433	194.542	447.523	
8.945e+07	134.519	45.3888	203.531	383.438	
8.95e+07	201.542	25.3583	138.48	365.38	
8.955e+07	107.326	83.9908	90.9042	282.221	
8.96e+07	173.996	58.9888	24.5038	257.489	
8.965e+07	207.974	26.8714	44.3032	279.149	
8.97e+07	107.404	163.01	52.1905	322.604	
8.975e+07	68.1908	63.9836	42.3583	174.533	
8.98e+07	58.1964	53.7905	54.9009	166.888	
8.985e+07	82.5045	63.5934	43.0814	189.179	
8.99e+07	235.268	35.3472	13.8063	284.421	
8.995e+07	166.096	39.3782	58.9373	264.411	
9e+07	141.177	127.558	84.0414	352.776	
9.005e+07	90.8272	123.825	317.62	532.272	
9.01e+07	121.879	69.1342	125.994	317.007	
9.015e+07	123.144	91.8963	224.989	440.029	
9.02e+07	170.063	69.5947	154.989	394.646	
9.025e+07	175.981	45.435	82.6714	304.088	
9.03e+07	54.7009	60.1488	30.6608	145.511	
9.035e+07	71.2315	154.395	23.8747	249.502	
9.04e+07	34.5479	162.195	57.0426	253.785	
9.045e+07	109.431	78.8156	175.093	363.34	
9.05e+07	97.5369	51.2338	88.7042	237.475	
9.055e+07	42.372	190.316	102.01	334.698	
9.06e+07	116.691	376.079	82.252	575.022	
9.065e+07	29.6202	200.577	41.6443	271.841	
9.07e+07	62.359	58.0972	102.691	223.147	
9.075e+07	127.013	87.7479	9.72595	224.487	
9.08e+07	103.961	50.7905	49.0674	203.819	
9.085e+07	28.5836	45.117	66.4334	140.134	
9.09e+07	117.99	26.9141	177.976	322.88	
9.095e+07	168.466	36.0069	278.912	483.386	
9.1e+07	164.327	89.2479	80.2265	333.801	
9.105e+07	386.43	109.144	226.836	722.41	
9.11e+07	195.72	118.162	23.4834	337.366	
9.115e+07	92.6426	90.9505	110.549	294.142	
9.12e+07	203.948	35.4034	83.526	322.877	
9.125e+07	129.572	121.531	199.621	450.724	
9.13e+07	91.052	115.867	105.489	312.408	
9.135e+07	58.2616	193.554	160.032	411.847	
9.14e+07	21.5815	345.267	50.9307	417.779	
9.145e+07	76.4926	305.506	84.885	466.884	
9.15e+07	57.995	382.62	62.65	503.265	
9.155e+07	118.758	192.319	69.0972	380.175	
9.16e+07	19.1898	154.734	65.3236	239.248	
9.165e+07	36.1187	108.556	48.8608	193.536	
9.17e+07	29.9941	166.227	67.5226	263.743	
9.175e+07	55.202	201.166	42.4943	298.862	
9.18e+07	115.142	67.202	30.1451	212.49	
9.185e+07	49.1881	300.281	77.2579	426.727	
9.19e+07	184.893	258.662	136.392	579.948	
9.195e+07	64.7088	147.605	111.635	323.95	
9.2e+07	67.8565	236.423	67.3805	371.66	
9.205e+07	67.76	232.083	109.805	409.648	
9.21e+07	108.73	88.5247	176.827	374.081	
9.215e+07	77.0896	79.5445	154.84	311.474	
9.22e+07	16.845	107.472	59.9716	184.289	
9.225e+07	46.8929	89.4988	38.8096	175.201	
9.23e+07	35.4145	37.9045	58.2034	131.522	
9.235e+07	331.618	194.882	63.3706	589.871	
9.24e+07	255.464	161.154	52.9772	469.595	
9.245e+07	339.661	192.478	13.4942	545.633	
9.25e+07	405.886	58.8856	32.6272	497.399	
9.255e+07	203.357	129.307	44.5905	377.255	
9.26e+07	187.605	111.04	39.1732	337.818	
9.265e+07	184.766	35.8083	44.4641	265.038	
9.27e+07	179.42	81.9488	47.5125	308.881	
9.275e+07	66.567	24.0764	89.6314	180.275	
9.28e+07	51.0778	44.21	68.8305	164.118	
9.285e+07	20.329	185.797	54.8499	260.976	
9.29e+07	87.0764	66.0698	132.781	285.927	
9.295e+07	50.5297	31.4199	141.185	223.135	
9.3e+07	39.5041	80.5125	165.754	285.77	
9.305e+07	73.0625	38.6129	126.299	237.974	
9.31e+07	112.135	60.2132	89.5025	261.851	
9.315e+07	16.6579	129.286	136.62	282.564	
9.32e+07	77.7974	290.202	424.282	792.282	
9.325e+07	35.5723	115.038	392.236	542.847	
9.33e+07	45.5187	240.718	26.4269	312.664	
9.335e+07	24.2338	290.534	107.681	422.449	
9.34e+07	53.8516	343.331	57.8054	454.988	
9.345e+07	44.402	92.6145	158.239	295.255	
9.35e+07	58.1561	42.3393	184.793	285.289	
9.355e+07	68.4665	144.367	122.185	335.019	
9.36e+07	99.007	176.522	144.848	420.377	
9.365e+07	208.742	121.845	81.7964	412.384	
9.37e+07	307.738	133.59	26.5429	467.871	
9.375e+07	189.711	96.0929	87.635	373.439	
9.38e+07	56.6327	92.8355	46.4596	195.928	
9.385e+07	104.256	152.666	12.7309	269.653	
9.39e+07	194.508	413.587	27.7214	635.816	
9.395e+07	62.1716	281.513	93.5079	437.192	
9.4e+07	41.6972	195.737	85.2608	322.695	
9.405e+07	43.2487	133.078	122.853	299.18	
9.41e+07	34.2652	104.853	190.344	329.463	
9.415e+07	41.6096	59.6632	192.865	294.138	
9.42e+07	53.2265	55.1545	208.427	316.808	
9.425e+07	73.4972	117.361	260.452	451.31	
9.43e+07	86.336	74.0797	63.6797	224.095	
9.435e+07	46.9323	109.286	189.06	345.278	
9.44e+07	39.1438	240.284	66.3269	345.755	
9.445e+07	54.1517	84.1124	170.013	308.277	
9.45e+07	22.6232	136.26	38.367	197.25	
9.455e+07	61.6996	37.8398	165.776	265.315	
9.46e+07	95.2383	98.8863	203.353	397.478	
9.465e+07	125.117	21.8132	196.711	343.642	
9.47e+07	147.166	61.2245	203.174	411.565	
9.475e+07	118.962	70.3656	47.0497	236.378	
9.48e+07	174.833	70.3555	110.464	355.653	
9.485e+07	32.1451	111.844	87.6447	231.634	
9.49e+07	153.275	71.9545	79.8565	305.086	
9.495e+07	29.9706	154.589	83.5855	268.145	
9.5e+07	104.903	56.2926	278.682	439.877	
9.505e+07	29.4636	203.21	99.3307	332.004	
9.51e+07	21.5947	96.1788	94.5881	212.362	
9.515e+07	43.896	95.8579	32.3938	172.148	
9.52e+07	25.319	47.0645	234.271	306.655	
9.525e+07	43.4087	147.521	134.65	325.579	
9.53e+07	18.7941	98.6033	36.285	153.682	
9.535e+07	49.8897	27.7673	232.682	310.339	
9.54e+07	106.017	26.6145	195.537	328.169	
9.545e+07	78.7654	56.9032	76.0811	211.75	
9.55e+07	20.9009	52.9474	87.6569	161.505	
9.555e+07	38.529	55.7352	100.053	194.318	
9.56e+07	55.805	31.7951	44.7607	132.361	
9.565e+07	68.1451	33.2745	77.409	178.829	
9.57e+07	44.2569	122.913	123.111	290.281	
9.575e+07	105.06	164.613	143.753	413.426	
9.58e+07	155.502	263.052	39.2447	457.798	
9.585e+07	69.9611	255.417	340.741	666.118	
9.59e+07	150.779	87.4714	23.3673	261.618	
9.595e+07	133.231	144.536	26.9008	304.668	
9.6e+07	146.745	84.1125	48.5174	279.374	
9.605e+07	103.427	34.7538	70.3997	208.58	
9.61e+07	43.729	51.7716	63.4933	158.994	
9.615e+07	130.322	66.9538	50.3987	247.675	
9.62e+07	121.014	191.409	47.5765	359.999	
9.625e+07	152.972	37.0798	60.0017	250.053	
9.63e+07	79.4493	65.9174	138.527	283.894	
9.635e+07	178.821	54.9125	110.269	344.002	
9.64e+07	97.397	25.4447	267.631	390.473	
9.645e+07	144.499	21.4678	308.341	474.307	
9.65e+07	88.562	60.5983	49.3393	198.5	
9.655e+07	173.335	67.2933	53.445	294.074	
9.66e+07	122.083	72.0615	19.846	213.99	
9.665e+07	95.6493	150.411	42.3474	288.407	
9.67e+07	93.1925	213.031	107.611	413.835	
9.675e+07	32.2679	273.939	130.63	436.837	
9.68e+07	26.3356	113.295	52.566	192.196	
9.685e+07	72.0129	116.101	72.6132	260.727	
9.69e+07	135.074	45.5574	53.9769	234.609	
9.695e+07	464.681	85.0979	51.7042	601.483	
9.7e+07	199.326	59.6681	36.726	295.72	
9.705e+07	82.2272	88.1716	115.751	286.15	
9.71e+07	243.678	65.2202	46.8487	355.747	
9.715e+07	75.052	75.3716	68.1987	218.622	
9.72e+07	143.512	56.0317	24.8129	224.357	
9.725e+07	247.334	95.485	31.3838	374.203	
9.73e+07	164.843	27.7326	48.4883	241.064	
9.735e+07	112.322	92.7055	169.609	374.637	
9.74e+07	49.3541	31.797	144.167	225.318	
9.745e+07	75.9223	27.9042	118.056	221.883	
9.75e+07	69.2563	23.0747	362.846	455.177	
9.755e+07	85.2288	75.3342	205.508	366.071	
9.76e+07	32.2536	213.737	446.33	692.32	
9.765e+07	24.852	275.105	142.206	442.163	
9.77e+07	128.038	73.9726	202.954	404.965	
9.775e+07	32.3955	224.355	34.0496	290.8	
9.78e+07	44.4827	93.5393	40.2625	178.284	
9.785e+07	40.9947	28.2269	144.415	213.636	
9.79e+07	37.1042	64.8334	231.091	333.028	
9.795e+07	31.6179	36.4063	153.43	221.455	
9.8e+07	173.827	34.1125	52.7425	260.682	
9.805e+07	141.05	93.1881	90.0906	324.328	
9.81e+07	57.8747	60.8702	323.521	442.266	
9.815e+07	234.591	63.5687	84.7611	382.921	
9.82e+07	33.3082	121.512	15.3408	170.161	
9.825e+07	162.014	149.886	59.5706	371.47	
9.83e+07	45.4107	101.591	42.6298	189.631	
9.835e+07	194.245	102.116	30.9488	327.31	
9.84e+07	76.9141	78.3455	25.5902	180.85	
9.845e+07	193.076	93.9673	20.7214	307.765	
9.85e+07	169.784	108.177	18.1951	296.157	
9.855e+07	186.65	241.033	46.8873	474.57	
9.86e+07	38.4532	135.666	25.886	200.005	
9.865e+07	114.306	56.2516	86.3379	256.896	
9.87e+07	28.2123	38.5587	52.2778	119.049	
9.875e+07	33.21	75.7997	281.349	390.359	
9.88e+07	60.5297	54.2698	200.714	315.514	
9.885e+07	193.445	27.8381	142.115	363.399	
9.89e+07	92.5211	50.496	154.929	297.946	
9.895e+07	66.3342	47.036	35.8347	149.205	
9.9e+07	79.7793	127.734	75.1111	282.624	
9.905e+07	38.3306	165.524	71.1016	274.956	
9.91e+07	64.6165	71.722	67.6272	203.966	
9.915e+07	43.5125	124.984	74.1127	242.609	
9.92e+07	162.445	46.8761	116.316	325.638	
9.925e+07	242.534	70.516	28.969	342.019	
9.93e+07	193.334	35.1373	168.266	396.738	
9.935e+07	74.447	36.0179	81.6096	192.074	
9.94e+07	146.352	58.1396	93.519	298.011	
9.945e+07	88.2302	64.7154	149.676	302.622	
9.95e+07	29.5851	42.8454	310.849	383.279	
9.955e+07	128.117	49.7908	252.772	430.68	
9.96e+07	30.7224	49.2679	125.965	205.956	
9.965e+07	18.7951	19.1898	219.747	257.732	
9.97e+07	95.8933	66.4499	52.3941	214.737	
9.975e+07	149.012	69.1852	25.1111	243.308	
9.98e+07	150.802	123.438	26.1224	300.363	
9.985e+07	142.177	71.3534	24.7941	238.324	
9.99e+07	95.8979	54.085	114.789	264.772	
9.995e+07	319.934	37.8261	134.639	492.398	
1e+08	57.2764	76.7111	162.241	296.229	
