# 
# registered features: 
# 
# FeatureMoleculesIO
# 	Number of monomers: 200
# 	max connectivity: 7
# FeatureBox
# FeatureBondset<FastBondset>
# FeatureLattice<bool>
# FeatureExcludedVolumeSc<FeatureLattice<bool> >
# 
# not registered features: 
# 
# #!version
# 
# Created by AnalyzerRadiusOfGyration
# file contains time series of average Rg_squared (Rg2) over all analyzed groups
# format: mcs	 Rg2X	 Rg2Y	 Rg2Z	 Rg2Total

100000	4418.18	4511.64	866.306	9796.13	
150000	3399.05	3314.42	594.572	7308.04	
200000	2685.43	2165.3	414.354	5265.08	
250000	1763.65	1521.49	338.021	3623.16	
300000	923.2	1139.18	248.344	2310.72	
350000	359.176	970.35	96.523	1426.05	
400000	162.572	1009.1	91.8824	1263.56	
450000	318.874	1092.02	93.1168	1504.01	
500000	323.551	950.296	197.826	1471.67	
550000	253.226	741.276	59.343	1053.84	
600000	65.701	607.94	77.2071	750.848	
650000	180.349	359.596	30.3484	570.294	
700000	231.697	199.103	49.5839	480.384	
750000	246.488	318.358	23.3399	588.186	
800000	536.815	382.95	110.173	1029.94	
850000	857.952	358.568	103.152	1319.67	
900000	913.851	333.032	182.084	1428.97	
950000	1053.38	412.027	144.435	1609.84	
1e+06	710.056	474.651	187.097	1371.8	
1.05e+06	683.028	478.574	107.074	1268.68	
1.1e+06	455.466	307.76	80.423	843.649	
1.15e+06	190.692	395.656	42.717	629.065	
1.2e+06	98.29	243.088	59.59	400.967	
1.25e+06	130.067	201.254	101.474	432.795	
1.3e+06	72.787	222.847	49.061	344.695	
1.35e+06	125.838	90.0748	60.624	276.537	
1.4e+06	145.689	59.3044	55.1475	260.141	
1.45e+06	330.239	105.635	63.433	499.307	
1.5e+06	142.022	122.692	84.2196	348.933	
1.55e+06	125.177	83.4064	138.65	347.233	
1.6e+06	136.688	166.873	197.6	501.16	
1.65e+06	85.6748	109.529	187.986	383.189	
1.7e+06	210.18	124.56	309.332	644.071	
1.75e+06	229.878	60.297	105.159	395.334	
1.8e+06	172.328	69.3978	169.9	411.625	
1.85e+06	147.902	114.88	227.56	490.342	
1.9e+06	70.108	298.098	72.6448	440.851	
1.95e+06	89.5584	415.554	114.104	619.216	
2e+06	113.734	465.358	180.669	759.761	
2.05e+06	122.688	418.134	102.606	643.428	
2.1e+06	117.522	485.26	119.662	722.444	
2.15e+06	190.399	372.958	108.31	671.667	
2.2e+06	220.084	209.673	47.7294	477.487	
2.25e+06	285.718	111.477	88.2348	485.429	
2.3e+06	353.41	227.555	110.681	691.646	
2.35e+06	95.5008	270.332	75.2794	441.112	
2.4e+06	40.6875	316.94	85.5716	443.199	
2.45e+06	55.944	560.756	133.966	750.666	
2.5e+06	46.1728	816.044	137.252	999.469	
2.55e+06	32.43	928.574	97.9231	1058.93	
2.6e+06	54.31	1229.06	64.676	1348.05	
2.65e+06	251.399	1157.39	124.906	1533.69	
2.7e+06	92.9471	832.188	143.12	1068.25	
2.75e+06	49.1658	1240.51	168.259	1457.94	
2.8e+06	121.858	1233.92	160.678	1516.46	
2.85e+06	156.657	974.104	229.97	1360.73	
2.9e+06	262.45	811.532	214.04	1288.02	
2.95e+06	283.493	775.03	197.75	1256.27	
3e+06	348.98	594.168	191.204	1134.35	
3.05e+06	79.089	819.946	147.683	1046.72	
3.1e+06	75.2984	1181.91	203.402	1460.61	
3.15e+06	120.801	1104.19	102.056	1327.04	
3.2e+06	61.8324	1490.82	293.018	1845.67	
3.25e+06	78.4636	961.119	379.219	1418.8	
3.3e+06	73.2559	745.673	213.408	1032.34	
3.35e+06	151.18	582.408	323.534	1057.12	
3.4e+06	141.584	496.712	520.826	1159.12	
3.45e+06	128.129	471.33	367.812	967.271	
3.5e+06	83.0496	325.557	169.59	578.197	
3.55e+06	119.33	318.652	136.299	574.281	
3.6e+06	184.578	413.514	121.652	719.745	
3.65e+06	51.8588	475.797	371.852	899.508	
3.7e+06	202.22	485.946	822.807	1510.97	
3.75e+06	152.57	266.652	448.303	867.525	
3.8e+06	198.521	244.13	697.188	1139.84	
3.85e+06	341.363	205.647	1038.38	1585.39	
3.9e+06	291.425	223.65	1112.12	1627.2	
3.95e+06	255.908	284.087	1111.69	1651.69	
4e+06	143.394	314.95	634.208	1092.55	
4.05e+06	109.12	274.429	456.905	840.454	
4.1e+06	98.82	186.749	376.784	662.353	
4.15e+06	202.449	202.23	311.937	716.616	
4.2e+06	288.559	48.1648	292.988	629.711	
4.25e+06	380.666	72.3588	177.298	630.322	
4.3e+06	407.183	53.4411	72.3811	533.005	
4.35e+06	327.5	89.4964	71.9388	488.935	
4.4e+06	257.827	119.252	95.4558	472.534	
4.45e+06	136.129	89.3216	48.1619	273.613	
4.5e+06	44.6168	111.627	119.748	275.992	
4.55e+06	149.21	73.3996	227.996	450.606	
4.6e+06	126.006	147.489	186.74	460.235	
4.65e+06	93.6416	115.896	75.991	285.528	
4.7e+06	168.836	133.704	92.15	394.69	
4.75e+06	89.5958	141.85	143.996	375.442	
4.8e+06	112.145	77.5099	186.208	375.863	
4.85e+06	45.683	128.57	274.726	448.979	
4.9e+06	69.6518	155.397	138.968	364.017	
4.95e+06	149.687	181.551	151.121	482.359	
5e+06	173.814	249.099	109.838	532.751	
5.05e+06	162.354	186.19	120.588	469.132	
5.1e+06	211.806	84.4699	79.2416	375.517	
5.15e+06	465.747	189.839	134.7	790.286	
5.2e+06	329.085	38.768	71.9794	439.832	
5.25e+06	561.714	57.592	105.194	724.5	
5.3e+06	416.2	115.229	43.421	574.85	
5.35e+06	540.546	99.9911	67.1584	707.695	
5.4e+06	659.211	49.455	98.6036	807.27	
5.45e+06	197.091	120.451	143.728	461.27	
5.5e+06	246.267	145.692	170.336	562.295	
5.55e+06	177.884	69.4731	70.5131	317.87	
5.6e+06	112.022	106.142	72.916	291.08	
5.65e+06	124.698	99.4148	98.36	322.472	
5.7e+06	156.664	68.9071	115.458	341.029	
5.75e+06	213.722	53.419	91.184	358.325	
5.8e+06	240.574	85.99	47.3768	373.94	
5.85e+06	231.437	47.7475	122.663	401.848	
5.9e+06	137.342	38.54	85.089	260.971	
5.95e+06	102.398	68.2198	235.739	406.357	
6e+06	171.82	51.5464	197.74	421.107	
6.05e+06	137.667	68.9558	197.485	404.107	
6.1e+06	117.2	104.07	162.854	384.123	
6.15e+06	121.64	122.087	125.11	368.837	
6.2e+06	157.977	96.7411	72.7471	327.465	
6.25e+06	147.846	88.2931	262.168	498.307	
6.3e+06	219.322	124.598	427.111	771.031	
6.35e+06	241.914	103.53	489.329	834.773	
6.4e+06	108.462	70.559	590.462	769.483	
6.45e+06	157.584	99.5176	317.542	574.643	
6.5e+06	189.398	203.957	231.639	624.994	
6.55e+06	116.148	86.9958	170.998	374.142	
6.6e+06	86.414	95.3219	259.857	441.593	
6.65e+06	42.4924	108.313	245.791	396.596	
6.7e+06	74.39	172.924	235.929	483.243	
6.75e+06	121.158	106.601	274.28	502.039	
6.8e+06	324.212	157.929	273.879	756.02	
6.85e+06	373.419	262.204	384.131	1019.75	
6.9e+06	304.989	350.312	529.028	1184.33	
6.95e+06	241.992	140.581	596.065	978.637	
7e+06	399.417	141.149	346.204	886.77	
7.05e+06	423.972	182.428	292.122	898.522	
7.1e+06	313.252	212.157	465.85	991.259	
7.15e+06	85.0628	324.079	506.049	915.192	
7.2e+06	135.535	251.386	324.917	711.838	
7.25e+06	189.718	601.113	254.549	1045.38	
7.3e+06	75.3288	343.797	236.039	655.165	
7.35e+06	67.8884	266.05	110.44	444.379	
7.4e+06	57.4479	323.607	111.05	492.104	
7.45e+06	75.5799	301.235	142.301	519.116	
7.5e+06	113.98	396.164	209.37	719.513	
7.55e+06	70.7275	184.494	346.048	601.269	
7.6e+06	336.701	250.536	291.658	878.896	
7.65e+06	363.6	384.008	220.108	967.715	
7.7e+06	521.513	440.454	155.909	1117.88	
7.75e+06	485.24	512.992	196.832	1195.06	
7.8e+06	640.293	615.572	236.454	1492.32	
7.85e+06	497.884	675.969	304.203	1478.06	
7.9e+06	562.214	831.797	395.306	1789.32	
7.95e+06	678.118	727.822	250.262	1656.2	
8e+06	510.723	467.08	302.22	1280.02	
8.05e+06	616.208	284.365	188.964	1089.54	
8.1e+06	427.796	273.001	118.963	819.759	
8.15e+06	541.364	252.801	320.386	1114.55	
8.2e+06	408.162	297.897	170.68	876.74	
8.25e+06	360.294	362.933	152.369	875.596	
8.3e+06	90.6094	181.154	163.521	435.284	
8.35e+06	33.4624	231.849	130.201	395.513	
8.4e+06	53.35	195.454	155.863	404.667	
8.45e+06	42.358	130.062	238.506	410.926	
8.5e+06	417.631	104.084	157.489	679.205	
8.55e+06	413.526	225.64	187.094	826.261	
8.6e+06	365.873	127.33	95.0131	588.216	
8.65e+06	628.238	330.267	108.408	1066.91	
8.7e+06	552.849	422.582	86.6676	1062.1	
8.75e+06	332.735	222.421	88.4551	643.611	
8.8e+06	309.838	217.536	144.136	671.51	
8.85e+06	194.636	267.447	88.9344	551.017	
8.9e+06	178.624	234.764	159.573	572.961	
8.95e+06	214.685	173.915	93.613	482.213	
9e+06	288.337	147.14	170.959	606.436	
9.05e+06	212.582	97.517	144.111	454.21	
9.1e+06	117.366	140.828	134.548	392.741	
9.15e+06	153.364	197.039	74.6668	425.071	
9.2e+06	115.164	149.526	186.987	451.676	
9.25e+06	124.935	184.942	134.089	443.966	
9.3e+06	106.354	264.08	151.456	521.89	
9.35e+06	152.558	198.622	157.099	508.279	
9.4e+06	162.045	192.367	282.37	636.782	
9.45e+06	237.14	168.459	333.21	738.809	
9.5e+06	271.988	222.956	372.327	867.271	
9.55e+06	152.498	44.8684	433.98	631.346	
9.6e+06	102.877	26.4158	417.144	546.437	
9.65e+06	89.6618	17.6276	653.75	761.039	
9.7e+06	33.1911	28.9848	647.14	709.316	
9.75e+06	50.359	100.998	606.989	758.346	
9.8e+06	74.2664	72.65	686.058	832.974	
9.85e+06	29.6008	162.411	730.756	922.768	
9.9e+06	68.1004	137.732	653.745	859.577	
9.95e+06	104.671	217.014	767.463	1089.15	
1e+07	197.008	152.094	837.497	1186.6	
1.005e+07	130.638	100.868	532.352	763.858	
1.01e+07	154.179	185.673	415.873	755.725	
1.015e+07	170.03	184.784	134.144	488.958	
1.02e+07	180.971	185.568	163.809	530.348	
1.025e+07	313.682	150.356	293.061	757.099	
1.03e+07	339.24	107.832	497.274	944.345	
1.035e+07	446.025	106.211	469.513	1021.75	
1.04e+07	344.398	70.4418	417.261	832.1	
1.045e+07	347.194	61.1411	321.031	729.366	
1.05e+07	627.994	100.476	214.991	943.46	
1.055e+07	456.847	64.2211	276.545	797.613	
1.06e+07	184.299	202.028	146.604	532.931	
1.065e+07	193.79	274.014	55.1518	522.956	
1.07e+07	210.784	93.333	72.0398	376.157	
1.075e+07	175.898	72.7044	192.876	441.478	
1.08e+07	104.434	48.9496	111.277	264.66	
1.085e+07	181.66	134.694	139.055	455.409	
1.09e+07	77.7548	264.31	372.588	714.652	
1.095e+07	60.044	206.447	202.948	469.439	
1.1e+07	172.564	141.368	287.766	601.698	
1.105e+07	111.78	154.247	409.133	675.161	
1.11e+07	67.0088	196.947	507.608	771.565	
1.115e+07	206.855	496.727	212.538	916.12	
1.12e+07	227.947	415.627	164.025	807.599	
1.125e+07	103.6	425.499	195.93	725.029	
1.13e+07	326.72	459.97	184.118	970.808	
1.135e+07	289.449	669.254	320.404	1279.11	
1.14e+07	530.941	545.781	198.119	1274.84	
1.145e+07	374.959	301.864	166.79	843.613	
1.15e+07	417.992	251.182	230.184	899.359	
1.155e+07	286.019	199.63	146.798	632.446	
1.16e+07	354.78	36.8811	189.453	581.114	
1.165e+07	172.831	77.0988	275.878	525.807	
1.17e+07	244.42	103.224	489.873	837.517	
1.175e+07	171.511	179.504	313.181	664.196	
1.18e+07	278.978	157.781	127.854	564.613	
1.185e+07	172.273	135.906	109.064	417.242	
1.19e+07	178.934	95.8999	227.304	502.138	
1.195e+07	86.5491	210.461	69.7075	366.718	
1.2e+07	58.0296	152.507	100.982	311.518	
1.205e+07	107.222	245.988	96.5328	449.743	
1.21e+07	245.608	198.826	79.9024	524.336	
1.215e+07	274.201	98.38	102.134	474.715	
1.22e+07	141.405	125.423	120.27	387.098	
1.225e+07	94.0999	360.417	110.54	565.057	
1.23e+07	129.341	381.422	73.475	584.238	
1.235e+07	182.728	261.712	155.884	600.324	
1.24e+07	149.002	297.592	126.534	573.128	
1.245e+07	180.902	71.2564	71.1475	323.306	
1.25e+07	58.4075	78.6271	152.854	289.889	
1.255e+07	97.7488	249.565	289.464	636.778	
1.26e+07	60.7568	269.002	412.264	742.023	
1.265e+07	60.566	167.972	463.37	691.908	
1.27e+07	85.792	103.204	582.834	771.831	
1.275e+07	92.97	160.782	451.8	705.552	
1.28e+07	166.682	103.196	502.155	772.032	
1.285e+07	80.037	99.1444	459.779	638.961	
1.29e+07	62.3975	109.636	485.285	657.318	
1.295e+07	181.88	169.497	528.688	880.065	
1.3e+07	118.115	90.6739	393.244	602.033	
1.305e+07	108.646	107.36	166.792	382.797	
1.31e+07	101.143	101.028	64.5119	266.683	
1.315e+07	209.323	100.167	93.2075	402.697	
1.32e+07	243.512	40.4611	83.5204	367.494	
1.325e+07	193.979	48.7468	187.51	430.236	
1.33e+07	262.096	96.94	142.932	501.968	
1.335e+07	235.164	77.3775	104.729	417.271	
1.34e+07	414.387	87.6094	118.054	620.05	
1.345e+07	314.987	72.3348	112.146	499.467	
1.35e+07	327.888	59.3644	109.192	496.444	
1.355e+07	357.92	66.2568	66.0884	490.265	
1.36e+07	407.03	62.4758	51.1028	520.608	
1.365e+07	230.228	83.4319	147.198	460.858	
1.37e+07	202.31	190.598	57.9511	450.859	
1.375e+07	80.46	261.328	77.4199	419.208	
1.38e+07	63.5744	186.318	75.9438	325.836	
1.385e+07	151.794	247.548	185.104	584.446	
1.39e+07	114.448	185.639	76.6094	376.696	
1.395e+07	366.858	146.23	79.5391	592.627	
1.4e+07	357.546	122.268	60.1308	539.945	
1.405e+07	296.547	152.334	26.5311	475.412	
1.41e+07	139.69	149.388	68.382	357.459	
1.415e+07	92.4071	182.023	52.6931	327.123	
1.42e+07	124.499	107.46	64.872	296.831	
1.425e+07	197.914	102.212	124.948	425.073	
1.43e+07	114.118	147.02	46.7228	307.86	
1.435e+07	140.82	84.6958	56.373	281.889	
1.44e+07	175.622	129.221	62.6899	367.532	
1.445e+07	223.61	125.782	78.1404	427.532	
1.45e+07	48.3431	113.085	142.454	303.882	
1.455e+07	102.84	135.072	131.658	369.569	
1.46e+07	93.0731	56.0308	160.917	310.021	
1.465e+07	183.835	90.8779	58.3788	333.092	
1.47e+07	68.4748	147.658	64.3524	280.485	
1.475e+07	148.632	164.49	133.177	446.299	
1.48e+07	55.5294	66.4164	112.282	234.228	
1.485e+07	87.4475	91.0191	264.149	442.615	
1.49e+07	77.1516	124.338	165.119	366.608	
1.495e+07	213.919	102.482	115.717	432.118	
1.5e+07	355.657	153.041	149.512	658.209	
1.505e+07	345.017	205.052	180.716	730.785	
1.51e+07	560.825	156.779	296.583	1014.19	
1.515e+07	417.518	114.169	316.824	848.511	
1.52e+07	550.866	49.0251	500.56	1100.45	
1.525e+07	632.267	172.916	458.937	1264.12	
1.53e+07	433.588	188.592	237.474	859.654	
1.535e+07	578.096	255.218	278.088	1111.4	
1.54e+07	759.844	132.768	311.326	1203.94	
1.545e+07	502.715	88.9	445.888	1037.5	
1.55e+07	265.114	172.647	309.93	747.691	
1.555e+07	309.738	187.187	414.165	911.09	
1.56e+07	226.159	181.883	309.313	717.355	
1.565e+07	332.891	114.659	507.24	954.79	
1.57e+07	265.424	60.32	467.968	793.712	
1.575e+07	195.073	53.2219	392.446	640.74	
1.58e+07	383.383	24.9491	191.98	600.312	
1.585e+07	551.701	83.8784	69.4484	705.028	
1.59e+07	519.988	54.099	55.194	629.28	
1.595e+07	256.502	169.429	113.248	539.179	
1.6e+07	178.288	179.674	54.6144	412.577	
1.605e+07	217.602	99.641	56.7838	374.026	
1.61e+07	183.238	231.008	148.896	563.141	
1.615e+07	194.777	161.84	409.687	766.303	
1.62e+07	90.654	266.653	345.716	703.022	
1.625e+07	74.5919	246.319	614.709	935.62	
1.63e+07	63.5888	320.078	574.366	958.032	
1.635e+07	108.684	291.428	454.193	854.304	
1.64e+07	48.8438	212.118	294.116	555.078	
1.645e+07	43.7704	115.085	197.277	356.133	
1.65e+07	93.1344	309.152	182.814	585.1	
1.655e+07	72.6019	217.759	136.958	427.319	
1.66e+07	58.28	128.852	263.617	450.749	
1.665e+07	55.5664	124.768	376.098	556.432	
1.67e+07	82.4156	89.8	231.36	403.576	
1.675e+07	58.8244	157.369	143.77	359.963	
1.68e+07	167.672	158.836	232.737	559.245	
1.685e+07	116.066	202.951	327.786	646.803	
1.69e+07	220.819	169.474	375.922	766.215	
1.695e+07	222.97	144.344	260.894	628.207	
1.7e+07	319.349	172.298	168.618	660.265	
1.705e+07	499.658	206.36	177.529	883.547	
1.71e+07	565.03	162.309	231.703	959.042	
1.715e+07	405.232	114.064	92.6099	611.906	
1.72e+07	365.594	113.832	169.046	648.472	
1.725e+07	307.058	149.334	46.24	502.632	
1.73e+07	231.626	205.375	135.152	572.153	
1.735e+07	160.978	374.804	132.294	668.075	
1.74e+07	159.922	294.913	136.192	591.027	
1.745e+07	249.654	269.681	56.9438	576.278	
1.75e+07	529.7	370.872	47.928	948.5	
1.755e+07	673.366	357.807	77.6644	1108.84	
1.76e+07	401.543	277.914	140.707	820.164	
1.765e+07	304.052	268.262	68.205	640.519	
1.77e+07	216.743	140.51	223.1	580.353	
1.775e+07	184.687	110.199	170.92	465.806	
1.78e+07	154.129	87.821	127.124	369.074	
1.785e+07	274.021	55.1878	246.642	575.851	
1.79e+07	158.214	93.294	121.584	373.092	
1.795e+07	308.211	91.665	34.2176	434.093	
1.8e+07	234.746	146.488	157.912	539.146	
1.805e+07	103.667	107.41	43.9	254.977	
1.81e+07	185.418	142.482	43.4956	371.395	
1.815e+07	151.652	97.4036	53.1244	302.18	
1.82e+07	123.903	45.1871	87.6794	256.77	
1.825e+07	172.226	40.7831	109.05	322.059	
1.83e+07	140.5	47.509	284.654	472.663	
1.835e+07	215.872	53.7475	244.552	514.171	
1.84e+07	299.638	77.942	220.071	597.651	
1.845e+07	215.469	90.9738	133.078	439.52	
1.85e+07	258.297	115.052	103.365	476.715	
1.855e+07	126.144	180.51	105.494	412.148	
1.86e+07	263.684	65.5656	77.739	406.988	
1.865e+07	312.792	146.521	64.6294	523.942	
1.87e+07	486.251	86.8099	53.695	626.756	
1.875e+07	685.859	99.155	73.8911	858.905	
1.88e+07	520.78	65.7324	56.2571	642.77	
1.885e+07	490.964	62.8604	51.9979	605.823	
1.89e+07	414.756	58.1139	95.469	568.339	
1.895e+07	324.184	110.433	27.3391	461.956	
1.9e+07	433.695	81.7744	91.8571	607.326	
1.905e+07	644.838	180.555	171.671	997.064	
1.91e+07	434.884	282.943	104.522	822.349	
1.915e+07	194.78	252.299	253.214	700.294	
1.92e+07	165.26	233.148	250.546	648.953	
1.925e+07	220.491	117.329	350.817	688.637	
1.93e+07	382.95	196.14	486.011	1065.1	
1.935e+07	226.209	75.8375	308.106	610.152	
1.94e+07	227.81	63.0894	278.729	569.629	
1.945e+07	140.524	99.6004	405.26	645.385	
1.95e+07	152.436	102.947	305.09	560.473	
1.955e+07	44.9536	74.1739	285.614	404.742	
1.96e+07	44.4844	42.1384	255.562	342.184	
1.965e+07	37.1011	76.42	393.37	506.891	
1.97e+07	89.8856	150.877	572.094	812.858	
1.975e+07	67.5475	122.926	561.718	752.191	
1.98e+07	54.9219	59.6248	481.617	596.163	
1.985e+07	42.35	104.013	283.954	430.317	
1.99e+07	43.7259	142.287	175.377	361.39	
1.995e+07	186.186	171.059	179.227	536.472	
2e+07	169.87	60.9194	278.139	508.929	
2.005e+07	237.022	36.97	383.802	657.793	
2.01e+07	311.2	129.318	295.547	736.065	
2.015e+07	310.664	136.043	482.626	929.333	
2.02e+07	207.397	149.038	606.762	963.197	
2.025e+07	139.78	77.6344	471.504	688.919	
2.03e+07	126.22	211.839	215.479	553.538	
2.035e+07	257.532	282.438	171.374	711.343	
2.04e+07	252.348	242.611	182.6	677.558	
2.045e+07	179.562	84.0008	97.0628	360.625	
2.05e+07	143.839	229.122	350.374	723.334	
2.055e+07	188.54	138.54	304.604	631.684	
2.06e+07	151.674	265.069	315.458	732.201	
2.065e+07	61.5368	334.34	288.524	684.402	
2.07e+07	73.5199	275.233	129.679	478.432	
2.075e+07	42.5188	219.354	209.744	471.617	
2.08e+07	38.21	175.238	192.826	406.273	
2.085e+07	279.714	161.748	318.842	760.304	
2.09e+07	263.112	86.7528	433.78	783.645	
2.095e+07	243.008	55.7528	278.9	577.661	
2.1e+07	24.494	162.378	140.02	326.892	
2.105e+07	102.472	309.911	91.91	504.293	
2.11e+07	175.169	85.2499	140.195	400.614	
2.115e+07	141.313	274.404	152.369	568.086	
2.12e+07	144.637	79.6064	112.022	336.265	
2.125e+07	105.048	225.63	78.7844	409.462	
2.13e+07	101.57	103.382	140.814	345.767	
2.135e+07	118.298	106.516	132.443	357.257	
2.14e+07	211.278	113.23	153.137	477.644	
2.145e+07	311.258	110.142	116.639	538.039	
2.15e+07	154.665	236.849	201.31	592.824	
2.155e+07	172.102	153.839	292.955	618.896	
2.16e+07	129.974	19.74	363.081	512.795	
2.165e+07	121.826	162.414	239.489	523.729	
2.17e+07	217.448	265.022	143.164	625.634	
2.175e+07	108.856	274.958	151.824	535.637	
2.18e+07	126.756	223.039	324.262	674.057	
2.185e+07	107.119	309.653	518.241	935.014	
2.19e+07	187.056	134.915	264.563	586.534	
2.195e+07	174.634	407.198	389.552	971.383	
2.2e+07	43.4519	457.562	356.989	858.003	
2.205e+07	102.539	534.86	362.572	999.971	
2.21e+07	83.7344	545.846	320.985	950.565	
2.215e+07	153.22	701.837	355.409	1210.47	
2.22e+07	86.8911	632.869	447.393	1167.15	
2.225e+07	56.312	527.509	510.534	1094.35	
2.23e+07	74.254	608.156	418.897	1101.31	
2.235e+07	145.638	615.624	138.449	899.711	
2.24e+07	206.398	708.42	77.2276	992.046	
2.245e+07	167.968	356.37	81.58	605.918	
2.25e+07	78.1798	251.606	108.392	438.177	
2.255e+07	66.8294	117.329	71.488	255.646	
2.26e+07	39.4959	191.632	57.7371	288.865	
2.265e+07	76.6359	193.189	84.9768	354.802	
2.27e+07	49.6628	225.229	26.3844	301.276	
2.275e+07	150.523	249.573	67.4719	467.568	
2.28e+07	268.009	404.809	88.5611	761.379	
2.285e+07	429.048	289.485	71.5075	790.04	
2.29e+07	404.487	368.924	75.554	848.965	
2.295e+07	188.845	376.678	70.6064	636.129	
2.3e+07	210.508	364.814	144.048	719.371	
2.305e+07	424.018	411.239	153.149	988.406	
2.31e+07	555.083	320.535	163.248	1038.87	
2.315e+07	494.678	207.72	211.464	913.862	
2.32e+07	351.96	379.744	188.319	920.023	
2.325e+07	599.942	607.68	247.686	1455.31	
2.33e+07	911.6	448.046	214.943	1574.59	
2.335e+07	1020.69	429.799	90.7475	1541.23	
2.34e+07	1045.56	424.128	65.9668	1535.65	
2.345e+07	802.683	551.256	143.978	1497.92	
2.35e+07	796.138	393.659	112.182	1301.98	
2.355e+07	1017.19	138.285	34.18	1189.65	
2.36e+07	612.552	175.576	84.5716	872.7	
2.365e+07	974.266	136.509	148.119	1258.89	
2.37e+07	868.558	69.8118	101.969	1040.34	
2.375e+07	802.609	45.2218	143.103	990.934	
2.38e+07	831.705	84.9138	196.619	1113.24	
2.385e+07	1196.83	67.5384	321.501	1585.87	
2.39e+07	1048.08	43.8819	249.164	1341.12	
2.395e+07	1057.82	61.06	147.239	1266.12	
2.4e+07	829.006	99.3848	33.5578	961.948	
2.405e+07	548.706	117.099	173.75	839.555	
2.41e+07	403.496	119.31	61.7598	584.565	
2.415e+07	308.038	154.479	56.8244	519.341	
2.42e+07	495.112	49.9484	53.3879	598.448	
2.425e+07	415.181	19.916	121.82	556.917	
2.43e+07	345.212	50.3679	108.763	504.343	
2.435e+07	243.245	200.04	121.978	565.263	
2.44e+07	442.772	203.374	177.46	823.605	
2.445e+07	506.657	106.499	224.028	837.185	
2.45e+07	771.041	54.335	287.393	1112.77	
2.455e+07	472.114	52.1018	128.746	652.961	
2.46e+07	175.907	137.37	142.578	455.855	
2.465e+07	202.374	60.226	158.408	421.007	
2.47e+07	224.133	43.0739	174.147	441.354	
2.475e+07	162.026	165.984	225.188	553.198	
2.48e+07	112.398	85.6379	213.998	412.034	
2.485e+07	181.073	118.48	137.314	436.866	
2.49e+07	40.625	215.858	96.4291	352.912	
2.495e+07	141.283	158.815	133.379	433.477	
2.5e+07	285.877	397.728	74.3639	757.969	
2.505e+07	137.069	370.484	16.216	523.769	
2.51e+07	142.618	244.276	64.2764	451.17	
2.515e+07	272.663	194.836	55.7556	523.254	
2.52e+07	274.678	180.767	27.533	482.978	
2.525e+07	277.415	119.42	28.606	425.441	
2.53e+07	132.776	154.13	74.574	361.48	
2.535e+07	231.348	159.19	120.045	510.583	
2.54e+07	81.36	90.6971	122.657	294.714	
2.545e+07	163.044	88.6144	218.416	470.075	
2.55e+07	113.274	86.075	606.774	806.123	
2.555e+07	280.686	257.829	500.287	1038.8	
2.56e+07	226.907	153.384	455.681	835.973	
2.565e+07	142.09	202.031	286.26	630.381	
2.57e+07	353.484	218.077	253.874	825.436	
2.575e+07	153.434	161.22	129.243	443.897	
2.58e+07	323.993	230.994	39.9391	594.926	
2.585e+07	354.382	363.677	185.243	903.302	
2.59e+07	237.63	176.713	324.989	739.332	
2.595e+07	124.744	152.536	132.316	409.596	
2.6e+07	27.6648	200.417	345.549	573.631	
2.605e+07	53.505	275.467	117.472	446.443	
2.61e+07	170.872	309.062	117.832	597.765	
2.615e+07	146.444	321.347	82.6108	550.402	
2.62e+07	112.699	127.7	63.496	303.895	
2.625e+07	61.39	326.75	122.526	510.666	
2.63e+07	47.382	626.461	141.8	815.643	
2.635e+07	76.9884	583.518	76.5428	737.049	
2.64e+07	181.937	622.92	104.37	909.227	
2.645e+07	327.069	418.196	28.7444	774.01	
2.65e+07	340.443	219.664	49.711	609.818	
2.655e+07	518.603	120.449	147.507	786.559	
2.66e+07	402.584	197.628	71.9344	672.145	
2.665e+07	336.968	128.241	186.506	651.714	
2.67e+07	405.606	83.7994	104.732	594.137	
2.675e+07	540.002	33.2184	152.397	725.617	
2.68e+07	527.96	99.2208	107.35	734.53	
2.685e+07	262.835	85.8644	74.219	422.918	
2.69e+07	180.029	41.5744	183.189	404.792	
2.695e+07	337.96	123.586	169.866	631.412	
2.7e+07	200.103	154.584	223.959	578.645	
2.705e+07	285.342	98.8484	398.14	782.33	
2.71e+07	241.88	113.56	374.43	729.87	
2.715e+07	40.0016	146.193	317.689	503.884	
2.72e+07	62.2659	162.152	246.495	470.913	
2.725e+07	124.454	96.463	337.991	558.908	
2.73e+07	66.5475	46.25	221.381	334.179	
2.735e+07	114.866	79.7251	379.325	573.916	
2.74e+07	202.121	25.77	336.121	564.012	
2.745e+07	160.274	50.95	166.759	377.984	
2.75e+07	79.349	30.873	333.559	443.781	
2.755e+07	57.131	152.014	304.37	513.514	
2.76e+07	70.3359	180.198	353.123	603.657	
2.765e+07	191.72	186.564	598.516	976.8	
2.77e+07	85.429	230.98	609.496	925.905	
2.775e+07	181.986	96.0758	991.234	1269.3	
2.78e+07	223.424	74.5736	865.218	1163.22	
2.785e+07	127.066	84.869	697.069	909.004	
2.79e+07	181.938	107.46	551.084	840.481	
2.795e+07	181.44	85.341	369.959	636.74	
2.8e+07	110.79	43.8279	173.88	328.498	
2.805e+07	116.579	97.5171	232.708	446.804	
2.81e+07	110.464	85.2476	313.186	508.898	
2.815e+07	128.376	111.541	258.428	498.345	
2.82e+07	121.466	85.0519	223.73	430.248	
2.825e+07	53.538	191.798	407.881	653.217	
2.83e+07	100.296	271.701	343.055	715.052	
2.835e+07	166.016	175.784	378.485	720.285	
2.84e+07	61.505	69.158	685.835	816.498	
2.845e+07	46.097	65.1008	504.62	615.818	
2.85e+07	100.7	69.0598	402.302	572.061	
2.855e+07	61.4679	84.6518	323	469.12	
2.86e+07	60.4671	118.948	167.953	347.368	
2.865e+07	48.7599	104.983	204.587	358.33	
2.87e+07	83.4518	124.95	74.3444	282.747	
2.875e+07	48.6819	125.669	57.1608	231.511	
2.88e+07	66.8891	299.03	53.3384	419.258	
2.885e+07	159.923	278.363	24.134	462.42	
2.89e+07	198.262	369.83	104.01	672.102	
2.895e+07	184.071	275.449	111.225	570.745	
2.9e+07	75.52	113.322	118.479	307.321	
2.905e+07	124.684	163.037	172.502	460.223	
2.91e+07	62.3039	144.326	176.757	383.387	
2.915e+07	115.814	279.709	164.441	559.963	
2.92e+07	158.834	396.299	312.874	868.008	
2.925e+07	246.498	456.588	189.4	892.485	
2.93e+07	133.135	655.804	266.767	1055.71	
2.935e+07	341.134	459.005	175.69	975.829	
2.94e+07	432.848	225.769	165.438	824.055	
2.945e+07	406.531	161.667	127.499	695.697	
2.95e+07	286.392	404.564	63.4778	754.434	
2.955e+07	391.06	268.113	134.998	794.171	
2.96e+07	346.949	223.751	117.8	688.5	
2.965e+07	206.039	358.68	108.423	673.142	
2.97e+07	276.01	397.348	89.4894	762.847	
2.975e+07	367.447	141.272	51.6936	560.413	
2.98e+07	323.923	125.832	81.716	531.471	
2.985e+07	251.892	98.8891	86.3144	437.095	
2.99e+07	722.286	103.95	26.4428	852.678	
2.995e+07	854.859	116.778	119.961	1091.6	
3e+07	929.651	137.894	98.197	1165.74	
3.005e+07	892.782	260.856	63.9794	1217.62	
3.01e+07	794.763	486.63	46.1048	1327.5	
3.015e+07	372.844	379.244	119.787	871.875	
3.02e+07	187.184	359.009	81.4218	627.615	
3.025e+07	120.363	240.16	153.039	513.562	
3.03e+07	126.11	423.567	87.1368	636.814	
3.035e+07	99.1459	235.741	218.214	553.101	
3.04e+07	24.307	386.109	239.47	649.886	
3.045e+07	55.2316	381.622	238.174	675.028	
3.05e+07	123.452	318.466	154.209	596.128	
3.055e+07	179.718	299.773	293.327	772.817	
3.06e+07	346.006	235.037	305.636	886.679	
3.065e+07	157.675	280.036	248.432	686.143	
3.07e+07	153.936	215.935	272.459	642.33	
3.075e+07	112.443	299.262	198.129	609.834	
3.08e+07	48.7596	353.921	341.245	743.926	
3.085e+07	64.3876	340.62	325.941	730.949	
3.09e+07	84.2894	411.182	326.538	822.009	
3.095e+07	64.0019	371.402	208.354	643.758	
3.1e+07	67.28	289.047	97.0178	453.345	
3.105e+07	114.254	289.534	147.101	550.89	
3.11e+07	61.8751	245.598	176.59	484.063	
3.115e+07	152.138	183.384	289.769	625.291	
3.12e+07	83.2616	230.638	288.767	602.666	
3.125e+07	279.18	254.919	189.297	723.396	
3.13e+07	220.228	238.498	242.852	701.577	
3.135e+07	245.584	156.647	248.025	650.256	
3.14e+07	276.94	138.489	253.058	668.486	
3.145e+07	291.718	149.582	192.421	633.72	
3.15e+07	440.339	296.73	137.046	874.115	
3.155e+07	390.172	215.18	145.907	751.259	
3.16e+07	416.777	285.474	298.334	1000.58	
3.165e+07	470.764	366.984	184.727	1022.47	
3.17e+07	554.728	331.483	161.523	1047.73	
3.175e+07	295.218	256.572	90.2794	642.07	
3.18e+07	301.12	180.423	113.505	595.048	
3.185e+07	369.982	248.112	65.5368	683.631	
3.19e+07	328.387	207.272	71.1388	606.798	
3.195e+07	461.626	389.084	72.8538	923.563	
3.2e+07	773.798	326.716	92.4964	1193.01	
3.205e+07	695.52	331.534	131.266	1158.32	
3.21e+07	708.249	424.701	101.528	1234.48	
3.215e+07	495.312	310.367	41.0144	846.693	
3.22e+07	383.278	445.951	73.884	903.112	
3.225e+07	277.959	835.335	151.517	1264.81	
3.23e+07	139.473	963.958	67.4298	1170.86	
3.235e+07	268.261	1011.54	25.7348	1305.53	
3.24e+07	365.913	811.779	56.0171	1233.71	
3.245e+07	170.868	685.946	142.111	998.924	
3.25e+07	54.9676	594.388	74.2024	723.558	
3.255e+07	186.682	421.324	109.78	717.786	
3.26e+07	71.3258	329.254	53.4244	454.004	
3.265e+07	87.9344	242.067	121.509	451.511	
3.27e+07	98.867	253.298	175.069	527.234	
3.275e+07	360.747	315.324	194.454	870.526	
3.28e+07	562.23	244.078	92.2488	898.557	
3.285e+07	751.123	373.12	57.495	1181.74	
3.29e+07	776.853	355.264	91.2184	1223.34	
3.295e+07	1010.97	289.428	142.362	1442.76	
3.3e+07	821.846	153.4	327.733	1302.98	
3.305e+07	780.415	38.7204	369.934	1189.07	
3.31e+07	514.136	110.215	197.904	822.254	
3.315e+07	363.189	218.323	285.91	867.422	
3.32e+07	383.227	289.65	335.224	1008.1	
3.325e+07	225.53	136.746	315.911	678.187	
3.33e+07	199.929	52.2888	283.199	535.417	
3.335e+07	409.558	69.9359	405.189	884.683	
3.34e+07	181.868	50.39	269.358	501.616	
3.345e+07	143.971	67.3816	234.464	445.816	
3.35e+07	99.9716	71.3579	142.116	313.445	
3.355e+07	216.842	95.2194	115.244	427.305	
3.36e+07	127.102	286.746	42.8804	456.728	
3.365e+07	76.7119	158.148	55.1698	290.03	
3.37e+07	221.796	146.746	44.429	412.971	
3.375e+07	186.587	144.554	36.6891	367.831	
3.38e+07	109.072	266.665	135.999	511.737	
3.385e+07	109.648	266.204	197.435	573.287	
3.39e+07	105.058	239.247	136.337	480.642	
3.395e+07	182.684	158.484	150.144	491.312	
3.4e+07	152.919	205.224	218.066	576.209	
3.405e+07	472.404	94.804	172.152	739.361	
3.41e+07	362.026	184.504	63.9868	610.517	
3.415e+07	255.967	178.414	77.7975	512.179	
3.42e+07	283.504	158.434	330.398	772.337	
3.425e+07	392.862	71.3244	217.473	681.659	
3.43e+07	199.568	177.874	183.87	561.312	
3.435e+07	140.8	324.388	122.544	587.732	
3.44e+07	76.7139	435.509	99.1224	611.346	
3.445e+07	90.5324	182.39	158.714	431.637	
3.45e+07	33.6375	157.393	360.815	551.846	
3.455e+07	112.396	276.241	417.395	806.032	
3.46e+07	128.657	316.286	663.028	1107.97	
3.465e+07	90.6275	282.464	301.535	674.626	
3.47e+07	155.382	285.528	284.441	725.351	
3.475e+07	164.994	250.336	151.456	566.786	
3.48e+07	165.91	268.007	84.862	518.779	
3.485e+07	17.3691	417.83	135.959	571.158	
3.49e+07	64.7718	597.74	231.966	894.478	
3.495e+07	47.63	349.239	397.684	794.553	
3.5e+07	66.7644	432.639	323.28	822.683	
3.505e+07	66.487	186.819	208.149	461.455	
3.51e+07	96.881	99.7711	121.5	318.152	
3.515e+07	151.96	148.04	75.542	375.542	
3.52e+07	102.861	86.24	124.304	313.405	
3.525e+07	222.074	32.6179	152.168	406.86	
3.53e+07	441.468	72.3644	159.035	672.868	
3.535e+07	463.942	88.1448	203.749	755.836	
3.54e+07	332.166	57.4716	187.922	577.56	
3.545e+07	195.481	66.356	221.077	482.914	
3.55e+07	86.6994	67.2176	201.711	355.628	
3.555e+07	207.152	80.5858	162.809	450.547	
3.56e+07	542.905	56.6908	136.449	736.045	
3.565e+07	215.42	114.438	111.67	441.528	
3.57e+07	246.894	112.588	242.099	601.581	
3.575e+07	375.467	65.1544	297.137	737.759	
3.58e+07	113.201	54.2396	122.771	290.212	
3.585e+07	123.684	55.98	180.134	359.798	
3.59e+07	292.899	87.5916	151.59	532.081	
3.595e+07	211.869	123.556	122.474	457.9	
3.6e+07	134.77	322.549	177.824	635.143	
3.605e+07	68.9796	152.024	257.744	478.748	
3.61e+07	77.76	99.4875	139.468	316.716	
3.615e+07	58.8076	108.299	178.346	345.453	
3.62e+07	149.941	242.466	230.451	622.858	
3.625e+07	127.958	147.407	200.238	475.602	
3.63e+07	58.2764	412.788	237.519	708.584	
3.635e+07	67.6679	231.108	312.577	611.353	
3.64e+07	83.7711	161.234	196.988	441.992	
3.645e+07	151.879	127.059	169.535	448.473	
3.65e+07	155.811	87.193	76.6488	319.653	
3.655e+07	177.099	172.639	84.2488	433.988	
3.66e+07	98.7044	287.618	283.607	669.929	
3.665e+07	211.219	219.071	325.946	756.236	
3.67e+07	158.016	108.94	361.997	628.953	
3.675e+07	183.503	72.5576	550.55	806.61	
3.68e+07	150.608	354.83	745.187	1250.63	
3.685e+07	112.066	291.559	870.918	1274.54	
3.69e+07	193.44	204.208	1049.74	1447.39	
3.695e+07	52.9916	183.131	1004.09	1240.21	
3.7e+07	38.8044	102.14	1109.8	1250.75	
3.705e+07	55.069	63.8348	1407.78	1526.68	
3.71e+07	83.381	105.164	1104.7	1293.24	
3.715e+07	76.6891	232.949	722.334	1031.97	
3.72e+07	210.68	84.3519	694.548	989.58	
3.725e+07	260.405	109.524	299.78	669.709	
3.73e+07	232.042	257.469	208.366	697.877	
3.735e+07	110.157	423.651	137.115	670.923	
3.74e+07	84.6819	375.264	330.316	790.262	
3.745e+07	184.548	252.367	377.704	814.619	
3.75e+07	137.18	225.963	342.184	705.327	
3.755e+07	110.682	243.172	222.524	576.379	
3.76e+07	96.6294	127.234	136.804	360.668	
3.765e+07	197.818	65.6544	197.993	461.465	
3.77e+07	165.399	76.1148	146.01	387.524	
3.775e+07	69.502	145.343	221.483	436.328	
3.78e+07	212.552	448.324	138.444	799.32	
3.785e+07	166.96	401.516	211.933	780.409	
3.79e+07	269.979	274.572	141.295	685.846	
3.795e+07	170.046	525.129	153.334	848.508	
3.8e+07	159.58	405.194	129.309	694.083	
3.805e+07	186.353	428.888	248.067	863.308	
3.81e+07	63.754	336.769	276.574	677.097	
3.815e+07	100.752	906.789	105.479	1113.02	
3.82e+07	154.294	709.564	293.201	1157.06	
3.825e+07	88.259	629	187.039	904.298	
3.83e+07	59.6164	633.078	204.296	896.99	
3.835e+07	46.9671	616.615	546.216	1209.8	
3.84e+07	140.228	423.138	355.18	918.545	
3.845e+07	178.4	517.227	347.995	1043.62	
3.85e+07	182.927	531.681	390.995	1105.6	
3.855e+07	261.251	379.804	505.728	1146.78	
3.86e+07	257.677	225.044	613.166	1095.89	
3.865e+07	305.14	297.56	484.3	1087	
3.87e+07	250.8	164.133	154.836	569.768	
3.875e+07	280.284	49.8648	261.47	591.618	
3.88e+07	215.126	86.6188	142.12	443.865	
3.885e+07	160.826	78.5939	274.832	514.252	
3.89e+07	99.3804	83.0224	187.353	369.756	
3.895e+07	257.185	71.1398	308.785	637.11	
3.9e+07	87.7239	107.939	405.657	601.32	
3.905e+07	90.8736	169.929	522.275	783.077	
3.91e+07	145.301	118.042	434.098	697.44	
3.915e+07	185.494	176.499	528.011	890.005	
3.92e+07	226.95	85.4796	411.158	723.587	
3.925e+07	251.722	99.46	378.796	729.978	
3.93e+07	244.874	203.066	341.704	789.643	
3.935e+07	302.351	256.11	124.678	683.139	
3.94e+07	472.974	390.496	208.234	1071.7	
3.945e+07	169.588	347.557	86.467	603.612	
3.95e+07	111.747	376.506	221.59	709.843	
3.955e+07	98.7976	177.239	264.432	540.469	
3.96e+07	119.914	135.097	138.904	393.915	
3.965e+07	59.6771	195.096	224.765	479.538	
3.97e+07	156.808	89.6319	317.129	563.568	
3.975e+07	30.5075	51.01	232.846	314.364	
3.98e+07	52.87	68.4994	361.004	482.373	
3.985e+07	112.133	55.1831	430.361	597.677	
3.99e+07	77.909	82.1959	611.734	771.839	
3.995e+07	99.816	89.8131	820.905	1010.53	
4e+07	27.8796	180.153	687.294	895.327	
4.005e+07	40.4044	84.0194	699.383	823.807	
4.01e+07	88.7994	84.232	388.544	561.576	
4.015e+07	114.349	67.467	183.437	365.253	
4.02e+07	218.134	148.506	53.8051	420.445	
4.025e+07	257.773	165.365	58.3894	481.527	
4.03e+07	271.135	182.748	59.4004	513.283	
4.035e+07	158.927	119.508	113.066	391.5	
4.04e+07	77.302	168.159	191.482	436.943	
4.045e+07	113.796	148.729	116.76	379.285	
4.05e+07	92.8551	293.083	102.261	488.199	
4.055e+07	214.11	282.904	177.608	674.621	
4.06e+07	40.2994	202.708	152.859	395.867	
4.065e+07	110.409	159.51	67.9236	337.843	
4.07e+07	131.789	63.7828	62.7439	258.316	
4.075e+07	184.529	61.8544	90.7599	337.143	
4.08e+07	318.209	108.734	62.4439	489.386	
4.085e+07	369.164	108.186	82.48	559.831	
4.09e+07	213.041	115.59	74.2784	402.909	
4.095e+07	178.449	135.719	75.7819	389.95	
4.1e+07	161.23	181.024	109.042	451.296	
4.105e+07	69.954	235.103	169.458	474.514	
4.11e+07	119.666	147.171	210.641	477.478	
4.115e+07	337.999	115.119	113.625	566.743	
4.12e+07	404.111	146.39	163.54	714.041	
4.125e+07	316.75	115.394	254.468	686.611	
4.13e+07	381.334	72.2624	166.889	620.486	
4.135e+07	268.914	110.844	65.8516	445.61	
4.14e+07	409.707	199.977	95.7916	705.476	
4.145e+07	437.074	147.44	34.3936	618.907	
4.15e+07	526.998	94.7948	147.494	769.287	
4.155e+07	456.014	129.258	170.177	755.449	
4.16e+07	434.439	217.79	145.499	797.729	
4.165e+07	282.552	108.118	200.099	590.769	
4.17e+07	119.429	122.089	150.665	392.183	
4.175e+07	145.154	323.457	159.379	627.99	
4.18e+07	425.606	226.228	113.017	764.851	
4.185e+07	438.838	81.6516	191.065	711.555	
4.19e+07	675.85	152.018	201.498	1029.37	
4.195e+07	525.096	79.4831	300.069	904.648	
4.2e+07	478.024	132.546	534.417	1144.99	
4.205e+07	153.196	129.296	497.696	780.188	
4.21e+07	137.291	73.737	680.964	891.992	
4.215e+07	197.146	99.9144	802.178	1099.24	
4.22e+07	271.436	38.2136	824.56	1134.21	
4.225e+07	245.667	99.0975	540.504	885.268	
4.23e+07	113.228	191.424	673.541	978.193	
4.235e+07	166.096	106.734	978.724	1251.55	
4.24e+07	103.648	96.4011	737.808	937.856	
4.245e+07	18.152	80.8231	760.562	859.537	
4.25e+07	53.92	77.6758	836.718	968.314	
4.255e+07	67.5016	123.481	903.239	1094.22	
4.26e+07	52.4639	220.306	730.688	1003.46	
4.265e+07	120.365	154.143	745.374	1019.88	
4.27e+07	54.6398	111.794	771.328	937.761	
4.275e+07	51.667	98.5198	637.428	787.615	
4.28e+07	157.156	112.037	813.24	1082.43	
4.285e+07	69.0136	79.659	1146.55	1295.22	
4.29e+07	51.4475	179.102	1002.8	1233.35	
4.295e+07	55.9778	171.247	887.624	1114.85	
4.3e+07	76.5499	170.65	477.539	724.739	
4.305e+07	39.5364	133.477	603.866	776.879	
4.31e+07	83.32	156.728	599.883	839.931	
4.315e+07	122.88	437.824	527.75	1088.45	
4.32e+07	41.5571	426.496	399.509	867.562	
4.325e+07	149.119	374.598	280.03	803.747	
4.33e+07	370.109	239.927	213.987	824.024	
4.335e+07	252.264	247.609	203.037	702.909	
4.34e+07	151.191	249.962	148.954	550.107	
4.345e+07	120.426	357.849	220.347	698.622	
4.35e+07	79.7578	181.783	306.031	567.572	
4.355e+07	155.552	255.338	375.587	786.478	
4.36e+07	175.968	195.885	277.742	649.595	
4.365e+07	139.488	218.79	157.258	515.536	
4.37e+07	267.512	180.594	509.964	958.07	
4.375e+07	203.672	53.4418	295.966	553.08	
4.38e+07	256.325	121.184	279.165	656.673	
4.385e+07	221.339	101.524	217.67	540.533	
4.39e+07	218.121	70.3691	312.531	601.021	
4.395e+07	292.84	86.5504	146.4	525.791	
4.4e+07	123.097	185.432	68.4188	376.949	
4.405e+07	192.874	224.924	61.026	478.824	
4.41e+07	168.712	221.856	49.1644	439.732	
4.415e+07	245.182	219.608	36.2244	501.014	
4.42e+07	193.422	285.985	54.693	534.1	
4.425e+07	196.142	227.574	48.1618	471.878	
4.43e+07	133.773	464.218	47.3779	645.368	
4.435e+07	134.047	265.407	120.608	520.062	
4.44e+07	267.086	152.722	91.6759	511.484	
4.445e+07	266.919	220.552	94.801	582.272	
4.45e+07	222.568	214.097	188.491	625.155	
4.455e+07	327.703	190.892	117.284	635.879	
4.46e+07	362.039	72.0156	245.14	679.195	
4.465e+07	478.292	79.3871	292.17	849.849	
4.47e+07	407.948	67.4194	257.392	732.759	
4.475e+07	261.809	106.838	182.356	551.004	
4.48e+07	446.441	173.684	275.289	895.415	
4.485e+07	671.932	84.4716	257.523	1013.93	
4.49e+07	674.15	387.293	262.934	1324.38	
4.495e+07	483.661	385.672	423.303	1292.64	
4.5e+07	462.63	429.284	372.452	1264.37	
4.505e+07	369.306	299.367	205.375	874.048	
4.51e+07	360.356	244.17	192.764	797.29	
4.515e+07	381.122	175.769	253.783	810.674	
4.52e+07	360.776	137.721	233.786	732.284	
4.525e+07	499.584	171.54	232.523	903.647	
4.53e+07	530.546	359.334	99.035	988.915	
4.535e+07	534.184	228.91	174.516	937.61	
4.54e+07	394.819	160.9	116.05	671.769	
4.545e+07	254.274	367.024	141.138	762.436	
4.55e+07	242.22	276.193	50.8899	569.303	
4.555e+07	146.224	307.82	97.58	551.624	
4.56e+07	118.592	344.804	147.185	610.581	
4.565e+07	120.716	326.368	157.394	604.478	
4.57e+07	109.884	475.51	126.445	711.839	
4.575e+07	90.3431	353.342	93.8051	537.49	
4.58e+07	116.878	241.386	47.482	405.746	
4.585e+07	145.239	233.666	56.17	435.075	
4.59e+07	73.467	219.61	65.9904	359.067	
4.595e+07	87.8948	390.747	225.255	703.897	
4.6e+07	137.409	164.038	180.761	482.208	
4.605e+07	268.837	75.3471	182.679	526.863	
4.61e+07	269.309	57.1831	247.55	574.042	
4.615e+07	171.99	72.8878	285.67	530.548	
4.62e+07	206.496	48.0616	214.974	469.531	
4.625e+07	279.033	53.8244	171.779	504.636	
4.63e+07	367.65	66.371	301.93	735.951	
4.635e+07	145.998	148.853	215.308	510.158	
4.64e+07	124.842	82.6791	252.629	460.15	
4.645e+07	128.6	72.7939	400.934	602.328	
4.65e+07	131.557	45.1328	188.128	364.817	
4.655e+07	127.168	83.9194	274.957	486.044	
4.66e+07	131.461	75.2364	190.856	397.553	
4.665e+07	119.398	53.3431	292.451	465.192	
4.67e+07	92.5675	85.37	465.478	643.415	
4.675e+07	110.71	189.627	450.143	750.48	
4.68e+07	101.424	57.9816	437.727	597.133	
4.685e+07	54.28	57.27	407.256	518.806	
4.69e+07	108.644	107.515	339.244	555.403	
4.695e+07	86.4618	60.0194	474.886	621.367	
4.7e+07	67.1458	71.402	296.234	434.782	
4.705e+07	72.2544	133.734	496.546	702.534	
4.71e+07	41.8148	189.259	402.76	633.834	
4.715e+07	45.4758	196.148	408.976	650.6	
4.72e+07	61.962	428.807	641.186	1131.96	
4.725e+07	76.0688	187.808	562.24	826.116	
4.73e+07	138.956	309.186	651.906	1100.05	
4.735e+07	66.0568	477.304	599.406	1142.77	
4.74e+07	85.238	318.464	385.687	789.389	
4.745e+07	240.919	713.326	234.901	1189.15	
4.75e+07	379.659	944.724	258.988	1583.37	
4.755e+07	366.944	754.412	334.516	1455.87	
4.76e+07	558.294	589.117	208.049	1355.46	
4.765e+07	813.159	103.732	171.59	1088.48	
4.77e+07	495.625	153.14	97.0175	745.782	
4.775e+07	546.246	74.1359	117.378	737.76	
4.78e+07	425.056	69.6368	131.308	626.001	
4.785e+07	356.419	91.0659	189.12	636.605	
4.79e+07	283.52	164.707	307.849	756.076	
4.795e+07	263.59	155.33	319.467	738.387	
4.8e+07	193.689	147.981	180.57	522.24	
4.805e+07	68.2384	182.112	65.3558	315.706	
4.81e+07	136.567	48.839	106.982	292.388	
4.815e+07	165.84	122.975	59.2988	348.114	
4.82e+07	277.109	64.1896	99.621	440.92	
4.825e+07	176.739	53.7976	218.566	449.103	
4.83e+07	202.112	90.6239	146.114	438.85	
4.835e+07	155.89	173.83	110.481	440.201	
4.84e+07	198	209.058	103.684	510.742	
4.845e+07	249.572	97.3268	107.425	454.323	
4.85e+07	218.557	125.391	77.2791	421.227	
4.855e+07	280.79	87.0498	97.8511	465.691	
4.86e+07	201.295	95.1744	100.633	397.102	
4.865e+07	197.924	51.1748	95.7276	344.826	
4.87e+07	165.73	201.719	71.901	439.35	
4.875e+07	339.861	127.724	83.4639	551.049	
4.88e+07	229.548	173.928	116.136	519.612	
4.885e+07	125.529	436.062	142.978	704.569	
4.89e+07	252.545	348.565	276.267	877.377	
4.895e+07	174.139	394.348	277.214	845.701	
4.9e+07	112.129	428.036	164.615	704.78	
4.905e+07	266.536	641.34	128.409	1036.28	
4.91e+07	343.578	428.693	98.9739	871.245	
4.915e+07	141.212	240.88	136.226	518.318	
4.92e+07	61.5476	98.9799	84.85	245.377	
4.925e+07	107.21	86.3	160.211	353.72	
4.93e+07	133.803	71.6108	248.603	454.017	
4.935e+07	50.761	69.8988	362.562	483.222	
4.94e+07	38.4056	79.6979	351.75	469.853	
4.945e+07	35.05	46.5416	170.337	251.929	
4.95e+07	33	81.8624	341.811	456.673	
4.955e+07	64.55	74.1968	657.332	796.079	
4.96e+07	102.353	31.2464	828.004	961.604	
4.965e+07	108.202	93.3091	369.44	570.951	
4.97e+07	87.2894	222.243	287.754	597.287	
4.975e+07	50.4328	73.1151	296.514	420.062	
4.98e+07	106.784	55.5631	590.62	752.967	
4.985e+07	66.9016	37.0271	284.671	388.6	
4.99e+07	106.11	78.6504	307.968	492.728	
4.995e+07	193.588	95.6896	326.165	615.442	
5e+07	347.5	59.9858	313.748	721.233	
5.005e+07	401.122	127.524	170.764	699.41	
5.01e+07	358.77	69.3884	169.867	598.026	
5.015e+07	257.772	189.234	224.157	671.163	
5.02e+07	407.084	72.8856	306.216	786.185	
5.025e+07	718.648	226.18	351.644	1296.47	
5.03e+07	890.974	286.055	381.332	1558.36	
5.035e+07	886.355	110.551	448.701	1445.61	
5.04e+07	731.666	100.754	639.425	1471.84	
5.045e+07	339.569	102.836	355.114	797.519	
5.05e+07	596.666	74.2075	645.513	1316.39	
5.055e+07	357.238	96.7936	385.489	839.521	
5.06e+07	297.298	121.748	623.777	1042.82	
5.065e+07	287.836	36.306	631.492	955.634	
5.07e+07	478.884	52.4668	316.905	848.256	
5.075e+07	528.182	84.6716	147.721	760.575	
5.08e+07	224.163	143.779	311.366	679.308	
5.085e+07	281.02	202.608	128.977	612.605	
5.09e+07	309.806	349.196	178.724	837.727	
5.095e+07	420.262	147.508	73.3664	641.136	
5.1e+07	392.827	98.5051	115.841	607.173	
5.105e+07	264.564	155.701	78.7158	498.981	
5.11e+07	259.557	152.676	80.7996	493.033	
5.115e+07	473.873	161.92	27.756	663.549	
5.12e+07	197.226	82.5144	155.769	435.51	
5.125e+07	164.994	180.772	105.914	451.68	
5.13e+07	151.344	265.928	133.125	550.397	
5.135e+07	85.8838	270.588	171.807	528.279	
5.14e+07	97.483	225.19	39.0059	361.679	
5.145e+07	60.19	497.473	89.1338	646.797	
5.15e+07	121.977	263.659	105.552	491.187	
5.155e+07	150.547	351.966	70.3236	572.836	
5.16e+07	217.788	496.587	220.188	934.564	
5.165e+07	281.502	403.568	107.218	792.287	
5.17e+07	228.286	307.508	148.617	684.411	
5.175e+07	296.254	402.688	140.824	839.766	
5.18e+07	238.208	391.053	55.892	685.153	
5.185e+07	309.521	220.618	85.9594	616.098	
5.19e+07	187.741	68.482	94.2994	350.522	
5.195e+07	124.878	129.368	157.129	411.374	
5.2e+07	57.8548	159.811	137.05	354.716	
5.205e+07	86.444	191.13	166.864	444.438	
5.21e+07	98.041	39.6824	352.79	490.513	
5.215e+07	87.41	21.3331	482.637	591.38	
5.22e+07	72.743	67.6844	646.645	787.072	
5.225e+07	80.05	224.361	488.929	793.34	
5.23e+07	184.913	278.865	417.302	881.08	
5.235e+07	154.351	352.049	522.194	1028.59	
5.24e+07	114.908	252.032	591.935	958.875	
5.245e+07	155.221	209.256	478.579	843.057	
5.25e+07	117.978	92.825	432.957	643.761	
5.255e+07	169.496	191.747	160.007	521.251	
5.26e+07	88.269	223.663	57.4671	369.399	
5.265e+07	132.45	260.064	83.485	475.999	
5.27e+07	117.919	569.224	92.9456	780.088	
5.275e+07	202.688	528.554	103.8	835.042	
5.28e+07	115.464	459.847	104.28	679.591	
5.285e+07	79.5675	548.147	190.031	817.745	
5.29e+07	95.0338	343.859	115.759	554.652	
5.295e+07	122.102	366.387	218.345	706.833	
5.3e+07	28.9278	400.456	237.038	666.421	
5.305e+07	49.1911	645.154	305.122	999.467	
5.31e+07	36.3819	695.908	194.235	926.524	
5.315e+07	41.9528	423.166	262.74	727.859	
5.32e+07	31.2871	648.95	184.377	864.615	
5.325e+07	43.62	859.286	238.808	1141.71	
5.33e+07	26.6976	738.234	220.259	985.191	
5.335e+07	76.5108	639.634	93.4016	809.546	
5.34e+07	57.9264	529.183	118.891	706	
5.345e+07	86.86	222.498	343.806	653.164	
5.35e+07	90.8756	166.168	137.384	394.427	
5.355e+07	153.109	247.464	95.1676	495.741	
5.36e+07	155.887	260.41	178.511	594.808	
5.365e+07	366.044	194.022	242.378	802.444	
5.37e+07	340.442	92.1011	128.971	561.514	
5.375e+07	162.141	122.456	119.795	404.392	
5.38e+07	166.562	138.98	135.234	440.775	
5.385e+07	135.066	199.805	239.263	574.134	
5.39e+07	80.3684	214.304	238.467	533.14	
5.395e+07	67.8078	227.516	94.1199	389.444	
5.4e+07	124.058	426.306	46.772	597.135	
5.405e+07	111.478	205.24	53.028	369.746	
5.41e+07	127.077	186.666	59.8324	373.576	
5.415e+07	143.261	84.8491	82.7839	310.894	
5.42e+07	142.96	53.2259	108.487	304.673	
5.425e+07	84.1075	75.864	139.869	299.84	
5.43e+07	149.498	39.7138	215.824	405.036	
5.435e+07	175.832	55.1584	153.694	384.684	
5.44e+07	312.923	95.2644	198.65	606.837	
5.445e+07	147.108	78.8875	162.636	388.631	
5.45e+07	107.706	58.4475	122.483	288.636	
5.455e+07	129.538	95.6544	178.898	404.09	
5.46e+07	240.524	187.153	148.998	576.675	
5.465e+07	207.036	153.075	54.5988	414.709	
5.47e+07	199.069	254	61.2408	514.31	
5.475e+07	127.806	181.257	142.219	451.282	
5.48e+07	183.851	176.07	247.652	607.573	
5.485e+07	84.356	243.822	195.822	524	
5.49e+07	82.12	302.467	154.001	538.588	
5.495e+07	147.299	196.375	182.536	526.21	
5.5e+07	172.429	98.2778	95.7264	366.434	
5.505e+07	124.009	130.687	54.0319	308.728	
5.51e+07	185.519	41.1744	101.9	328.594	
5.515e+07	133.39	88.1375	245.495	467.022	
5.52e+07	227.496	42.88	169.591	439.967	
5.525e+07	151.034	76.2939	129.58	356.908	
5.53e+07	140.255	87.08	111.01	338.345	
5.535e+07	87.7971	75.367	127.101	290.265	
5.54e+07	113.642	56.165	155.257	325.064	
5.545e+07	281.969	134.851	184.188	601.007	
5.55e+07	314.487	157.474	226.074	698.036	
5.555e+07	430.082	123.31	327.409	880.8	
5.56e+07	337.336	144.847	247.407	729.59	
5.565e+07	224.138	62.4091	122.546	409.093	
5.57e+07	94.6576	106.61	89.8559	291.124	
5.575e+07	295.137	91.983	88.1944	475.315	
5.58e+07	186.104	75.0531	92.2259	353.383	
5.585e+07	83.4275	93.9258	58.0699	235.423	
5.59e+07	85.576	116.676	75.5728	277.825	
5.595e+07	85.2008	39.1944	284.265	408.66	
5.6e+07	123.926	82.1588	245.924	452.01	
5.605e+07	128.607	229.776	313.004	671.387	
5.61e+07	48.8275	309.114	325.421	683.362	
5.615e+07	66.3308	384.565	452.993	903.889	
5.62e+07	93.0044	521.818	407.422	1022.24	
5.625e+07	69.7256	598.286	527.656	1195.67	
5.63e+07	66.3794	252.257	216.67	535.306	
5.635e+07	57.7391	338.587	285.462	681.788	
5.64e+07	59.254	477.079	369.5	905.833	
5.645e+07	42.7859	337.39	540.4	920.575	
5.65e+07	55.7331	577.29	462.48	1095.5	
5.655e+07	87.1094	540.348	151.85	779.307	
5.66e+07	111.484	390.447	84.8791	586.81	
5.665e+07	72.852	148.684	53.537	275.073	
5.67e+07	125.041	225.946	236.518	587.505	
5.675e+07	156.635	252.338	300.438	709.41	
5.68e+07	287.85	309.656	293.397	890.903	
5.685e+07	289.531	91.5004	485.673	866.704	
5.69e+07	341.348	143.011	455.67	940.029	
5.695e+07	320.75	77.9156	372.9	771.565	
5.7e+07	237.898	133.004	394.24	765.142	
5.705e+07	364.821	142.281	417.746	924.848	
5.71e+07	203.86	93.496	356.626	653.982	
5.715e+07	309.792	48.4419	72.3175	430.551	
5.72e+07	353.952	54.039	94.462	502.453	
5.725e+07	334.008	62.4904	70.1858	466.684	
5.73e+07	409.447	77.2156	71.876	558.539	
5.735e+07	618.235	80.7359	75.8779	774.849	
5.74e+07	618.487	121.581	180.994	921.063	
5.745e+07	1088.85	110.791	166.914	1366.56	
5.75e+07	726.579	230.274	69.98	1026.83	
5.755e+07	538.398	142.47	60.3398	741.207	
5.76e+07	493.522	151.893	42.836	688.251	
5.765e+07	344.163	76.6979	85.7331	506.594	
5.77e+07	74.5459	116.168	75.4018	266.116	
5.775e+07	57.5631	78.5156	71.8984	207.977	
5.78e+07	65.8891	219.78	80.005	365.674	
5.785e+07	171.286	252.827	63.6228	487.736	
5.79e+07	219.745	233.868	37.3299	490.942	
5.795e+07	300	322.774	69.057	691.831	
5.8e+07	158.408	254.48	100.534	513.421	
5.805e+07	192.86	204.532	115.364	512.756	
5.81e+07	86.4824	152.933	58.9908	298.406	
5.815e+07	167.197	107.47	86.97	361.638	
5.82e+07	333.179	183.211	60.372	576.762	
5.825e+07	434.732	278.548	70.0924	783.372	
5.83e+07	233.934	280.06	118.97	632.964	
5.835e+07	349.316	247.598	93.312	690.226	
5.84e+07	203.331	197.759	54.101	455.191	
5.845e+07	268.241	123.808	90.12	482.168	
5.85e+07	214.319	144.26	71.3418	429.92	
5.855e+07	187.264	127.987	81.9679	397.219	
5.86e+07	193.17	200.651	99.2419	493.063	
5.865e+07	144.749	199.662	55.539	399.95	
5.87e+07	60.8088	92.8628	66.0139	219.685	
5.875e+07	120.626	87.0651	106.344	314.035	
5.88e+07	218.605	131.882	46.2488	396.736	
5.885e+07	160.525	131.751	74.0144	366.29	
5.89e+07	179.399	164.406	52.9398	396.746	
5.895e+07	318.346	459.494	158.184	936.024	
5.9e+07	170.659	565.05	236.529	972.238	
5.905e+07	58.2794	443.99	177.445	679.715	
5.91e+07	133.506	632.652	301.695	1067.85	
5.915e+07	130.689	342.564	478.789	952.042	
5.92e+07	281.035	276.604	395.271	952.91	
5.925e+07	182.384	379.183	466.479	1028.05	
5.93e+07	395.403	406.923	344.009	1146.34	
5.935e+07	648.97	420.796	247.407	1317.17	
5.94e+07	315.014	432.634	112.186	859.835	
5.945e+07	309.103	367.288	335.466	1011.86	
5.95e+07	242.003	236.564	187.468	666.035	
5.955e+07	224.4	109.404	217.99	551.794	
5.96e+07	216.782	60.8079	126.884	404.473	
5.965e+07	214.999	120.533	115.03	450.562	
5.97e+07	328.24	28.4028	300.86	657.502	
5.975e+07	266.552	136.287	209.251	612.091	
5.98e+07	383.303	105.939	55.7308	544.973	
5.985e+07	309.116	92.1584	76.75	478.024	
5.99e+07	455.152	68.5275	95.8368	619.517	
5.995e+07	357.492	86.1379	49.7811	493.411	
6e+07	291.614	138.986	145.622	576.221	
6.005e+07	222.048	163.766	142.531	528.344	
6.01e+07	333.651	201.602	149.949	685.202	
6.015e+07	157.227	117.968	98.65	373.844	
6.02e+07	122.925	71.9328	105.246	300.104	
6.025e+07	235.448	66.7948	105.468	407.711	
6.03e+07	501.551	248.33	115.714	865.595	
6.035e+07	860.988	135.212	35.7324	1031.93	
6.04e+07	705.842	193.134	88.3996	987.375	
6.045e+07	489.985	142.067	71.0144	703.066	
6.05e+07	298.026	170.63	58.557	527.213	
6.055e+07	297.83	205.5	82.83	586.16	
6.06e+07	251.26	476.996	84.8148	813.07	
6.065e+07	159.032	337.62	143.811	640.463	
6.07e+07	198.786	287.628	106.258	592.672	
6.075e+07	129.427	647.491	117.512	894.43	
6.08e+07	99.144	791.25	216.97	1107.36	
6.085e+07	32.2875	864.184	306.541	1203.01	
6.09e+07	59.3524	1140.15	312.307	1511.81	
6.095e+07	78.7504	837.678	352.351	1268.78	
6.1e+07	29.4479	786.239	473.943	1289.63	
6.105e+07	199.063	498.017	648.199	1345.28	
6.11e+07	252.468	205.615	741.07	1199.15	
6.115e+07	57.9348	102.059	484.409	644.403	
6.12e+07	92.0338	72.44	237.068	401.542	
6.125e+07	152.612	59.7168	243.035	455.364	
6.13e+07	120.506	56.3868	339.069	515.961	
6.135e+07	123.769	45.7251	574.508	744.002	
6.14e+07	114.266	47.7844	351.291	513.341	
6.145e+07	74.6088	205.044	475.101	754.754	
6.15e+07	71.7448	81.5584	360.977	514.28	
6.155e+07	46.96	61.6596	277.838	386.457	
6.16e+07	142.734	84.0775	301.413	528.225	
6.165e+07	184.799	34.7316	372.79	592.321	
6.17e+07	74.7275	95.2331	209.041	379.001	
6.175e+07	164.946	97.6671	290.217	552.83	
6.18e+07	113.899	105.974	400.279	620.153	
6.185e+07	96.06	281.253	238.439	615.752	
6.19e+07	143.312	115.171	105.636	364.119	
6.195e+07	159.219	113.736	72.4364	345.392	
6.2e+07	93.3779	125.832	125.195	344.404	
6.205e+07	207.873	57.4388	107.454	372.766	
6.21e+07	198.73	175.581	80.8856	455.197	
6.215e+07	141.049	102.879	45.7339	289.662	
6.22e+07	134.108	82.7491	77.4828	294.34	
6.225e+07	103.738	108.719	108.684	321.141	
6.23e+07	256.673	138.112	89.6068	484.391	
6.235e+07	400.31	128.554	50.3124	579.176	
6.24e+07	331.838	279.169	21.193	632.2	
6.245e+07	179.544	246.052	93.0476	518.644	
6.25e+07	187.6	335.379	40.58	563.559	
6.255e+07	282.384	558.767	59.923	901.074	
6.26e+07	191.468	489.658	42.5204	723.646	
6.265e+07	162.746	337.755	128.219	628.72	
6.27e+07	343.572	273.324	123.758	740.653	
6.275e+07	582.626	453.48	180.67	1216.78	
6.28e+07	487.668	430.532	80.1894	998.389	
6.285e+07	437.405	613.326	79.3175	1130.05	
6.29e+07	536.906	312.78	165.898	1015.58	
6.295e+07	757.368	296.468	240.869	1294.7	
6.3e+07	236.524	112.068	119.947	468.54	
6.305e+07	301.171	101.149	142.508	544.829	
6.31e+07	376.464	94.9268	173.069	644.461	
6.315e+07	208.016	58.2444	201.089	467.349	
6.32e+07	207.014	41.15	405.408	653.572	
6.325e+07	317.177	82.1379	251.604	650.92	
6.33e+07	385.78	37.568	276.678	700.026	
6.335e+07	251.926	32.57	174.898	459.394	
6.34e+07	128.35	67.2696	282.263	477.882	
6.345e+07	129.409	108.884	227.28	465.574	
6.35e+07	222.272	151.761	149.054	523.086	
6.355e+07	247.572	173.251	157.686	578.509	
6.36e+07	111.186	310.344	228.419	649.949	
6.365e+07	105.316	212.3	452.766	770.382	
6.37e+07	82.1756	529.27	456.328	1067.77	
6.375e+07	142.612	293.353	316.779	752.745	
6.38e+07	218.068	405.667	335.724	959.459	
6.385e+07	164.296	393.488	404.808	962.591	
6.39e+07	76.24	236.434	439.804	752.478	
6.395e+07	155.237	194.325	313.76	663.322	
6.4e+07	380.205	161.764	161.627	703.596	
6.405e+07	312.006	104.446	126.358	542.809	
6.41e+07	190.56	82.3375	105.21	378.107	
6.415e+07	180.858	95.0144	126.48	402.352	
6.42e+07	311.461	122.399	125.13	558.99	
6.425e+07	241.697	171.267	148.874	561.837	
6.43e+07	564.197	262.168	210.988	1037.35	
6.435e+07	632.002	213.719	145.617	991.338	
6.44e+07	502.387	287.459	56.2431	846.089	
6.445e+07	417.143	313.548	69.963	800.653	
6.45e+07	504.375	255.393	155.707	915.475	
6.455e+07	603.261	372.245	59.6075	1035.11	
6.46e+07	493.45	300.056	132.85	926.355	
6.465e+07	583.123	105.001	109.564	797.688	
6.47e+07	505.448	154.247	79.6784	739.373	
6.475e+07	302.879	132.581	142.478	577.938	
6.48e+07	168.704	163.641	325.044	657.388	
6.485e+07	122.788	181.01	506.464	810.261	
6.49e+07	160.118	79.8844	771.034	1011.04	
6.495e+07	127.77	55.7394	791.193	974.703	
6.5e+07	95.4675	163.982	723.211	982.66	
6.505e+07	68.21	113.776	410.199	592.185	
6.51e+07	62.7708	202.699	214.124	479.595	
6.515e+07	184.017	219.209	198.694	601.921	
6.52e+07	109.617	453.319	175.494	738.43	
6.525e+07	130.172	438.449	159.219	727.84	
6.53e+07	119.985	315.954	51.7011	487.64	
6.535e+07	64.5496	496.259	68.7344	629.543	
6.54e+07	37.04	395.46	147.018	579.518	
6.545e+07	90.334	461.246	78.4858	630.066	
6.55e+07	72.6144	393.727	36.6998	503.041	
6.555e+07	62.8444	284.706	56.2799	403.83	
6.56e+07	44.1218	534.042	62.48	640.644	
6.565e+07	50.2656	554.251	75.773	680.29	
6.57e+07	36.2618	231.98	104.712	372.954	
6.575e+07	74.978	277.032	88.6508	440.661	
6.58e+07	146.464	270.758	42.1396	459.361	
6.585e+07	138.329	219.533	37.848	395.71	
6.59e+07	91.7556	168.558	83.9976	344.311	
6.595e+07	206.589	303.392	58.6211	568.602	
6.6e+07	56.2476	194.302	117.636	368.185	
6.605e+07	82.0275	241.041	126.53	449.599	
6.61e+07	129.969	265.641	100.81	496.42	
6.615e+07	77.2911	109.567	81.2239	268.082	
6.62e+07	49.4978	232.704	197.182	479.384	
6.625e+07	99.945	234.95	74.157	409.052	
6.63e+07	119.262	145.62	63.6651	328.547	
6.635e+07	156.2	258.368	71.6051	486.173	
6.64e+07	312.068	174.949	98.1684	585.185	
6.645e+07	448.9	131.554	158.817	739.272	
6.65e+07	464.97	25.267	215.614	705.851	
6.655e+07	284.727	65.32	245.382	595.429	
6.66e+07	136.202	84.4194	364	584.621	
6.665e+07	269.025	278.23	374.166	921.421	
6.67e+07	213.08	292.904	376.184	882.169	
6.675e+07	86.132	267.802	342.738	696.672	
6.68e+07	49.629	269.632	700.88	1020.14	
6.685e+07	55.0264	154.264	585.694	794.984	
6.69e+07	53.656	249.037	744.21	1046.9	
6.695e+07	60.083	168.534	616.602	845.219	
6.7e+07	103.502	182.879	653.848	940.229	
6.705e+07	102.86	211.825	487.563	802.248	
6.71e+07	42.561	111.499	481.342	635.402	
6.715e+07	162.858	108.802	418.847	690.507	
6.72e+07	168.325	149.119	529.707	847.151	
6.725e+07	258.098	63.3058	641.877	963.281	
6.73e+07	267.63	30.8936	302.01	600.534	
6.735e+07	199.749	55.0758	441.462	696.287	
6.74e+07	116.831	76.232	399.874	592.937	
6.745e+07	188.692	147.069	187.418	523.179	
6.75e+07	127.604	70.2491	129.557	327.411	
6.755e+07	230.408	89.1044	137.484	456.995	
6.76e+07	405.999	190.985	142.426	739.41	
6.765e+07	259.306	99.6911	247.874	606.871	
6.77e+07	369.091	76.534	185.366	630.991	
6.775e+07	327.128	79.155	90.8464	497.129	
6.78e+07	328.078	117.654	26.446	472.178	
6.785e+07	208.919	144.824	46.0094	399.752	
6.79e+07	166.066	92.8111	132.973	391.85	
6.795e+07	127.292	78.0111	103.382	308.685	
6.8e+07	236.069	84.4219	201.131	521.622	
6.805e+07	179.342	90.0684	253.697	523.107	
6.81e+07	58.5875	58.7311	247.048	364.366	
6.815e+07	88.1356	222.932	275.629	586.696	
6.82e+07	166.702	182.8	518.139	867.641	
6.825e+07	303.396	215.367	609.906	1128.67	
6.83e+07	388.006	271.536	902.779	1562.32	
6.835e+07	152.259	83.989	1024.87	1261.12	
6.84e+07	150.026	116.248	1014.32	1280.59	
6.845e+07	29.1836	254.941	928.284	1212.41	
6.85e+07	83.2324	186.864	1015.06	1285.16	
6.855e+07	114.974	94.8776	968.798	1178.65	
6.86e+07	106	203.592	791.149	1100.74	
6.865e+07	74.0744	426.162	840.573	1340.81	
6.87e+07	78.11	269.489	996.989	1344.59	
6.875e+07	137.416	259.076	780.014	1176.51	
6.88e+07	230.034	238.165	641.639	1109.84	
6.885e+07	205.532	269.292	471.668	946.492	
6.89e+07	66.3396	163.724	479.628	709.691	
6.895e+07	112.546	232.673	456.034	801.254	
6.9e+07	69.8391	123.16	508.291	701.29	
6.905e+07	119.758	181.567	741.681	1043.01	
6.91e+07	135.588	184.374	505.846	825.808	
6.915e+07	133.201	166.326	493.652	793.179	
6.92e+07	89.9994	237.429	243.157	570.586	
6.925e+07	77.1359	223.383	150.941	451.46	
6.93e+07	62.0291	221.629	453.5	737.158	
6.935e+07	147.038	259.813	303.728	710.578	
6.94e+07	270.34	335.928	635.729	1242	
6.945e+07	208.09	269.69	709.447	1187.23	
6.95e+07	177.163	104.144	602.138	883.445	
6.955e+07	64.7651	83.2978	666.718	814.781	
6.96e+07	88.4244	226.878	691.026	1006.33	
6.965e+07	113.321	298.816	819.694	1231.83	
6.97e+07	314.175	284.664	536.035	1134.87	
6.975e+07	409.686	375.46	398.168	1183.31	
6.98e+07	278.964	465.346	374.549	1118.86	
6.985e+07	67.3828	665.853	480.257	1213.49	
6.99e+07	93.7844	355.165	398.842	847.792	
6.995e+07	58.8844	284.898	447.089	790.872	
7e+07	128.008	180.185	482.03	790.223	
7.005e+07	54.0648	71.938	423.236	549.238	
7.01e+07	121.876	103.9	298.709	524.485	
7.015e+07	183.61	61.8151	446.754	692.179	
7.02e+07	178.723	52.4751	251.731	482.929	
7.025e+07	346.83	78.3299	92.561	517.72	
7.03e+07	327.982	131.42	162.832	622.234	
7.035e+07	421.753	96.4694	71.7119	589.934	
7.04e+07	546.52	134.167	81.2478	761.935	
7.045e+07	587.889	183.184	47.2936	818.367	
7.05e+07	371.167	429.601	38.7218	839.49	
7.055e+07	293.441	464.449	38.639	796.529	
7.06e+07	76.319	366.079	69.9679	512.366	
7.065e+07	161.02	141.712	104.857	407.589	
7.07e+07	346.991	127.114	130.838	604.943	
7.075e+07	497.049	223.244	121.278	841.571	
7.08e+07	259.27	120.334	165.033	544.636	
7.085e+07	465.548	58.7144	165.512	689.774	
7.09e+07	442.44	62.3094	273.05	777.799	
7.095e+07	382.497	93.105	342.292	817.894	
7.1e+07	373.726	71.1004	215.679	660.505	
7.105e+07	444.18	91.2744	142.96	678.414	
7.11e+07	658.208	167.889	45.8758	871.973	
7.115e+07	735.469	159.163	33.2824	927.914	
7.12e+07	581.289	255.779	35.5104	872.579	
7.125e+07	944.676	176.57	47.416	1168.66	
7.13e+07	1104.88	119.772	53.8356	1278.49	
7.135e+07	877.088	173.22	75.1739	1125.48	
7.14e+07	669.707	292.147	66.375	1028.23	
7.145e+07	255.618	217.288	38.3779	511.284	
7.15e+07	364.936	213.748	102.324	681.008	
7.155e+07	438.129	296.783	79.2468	814.159	
7.16e+07	1058.23	321.364	110.353	1489.94	
7.165e+07	1028.82	434.937	143.666	1607.42	
7.17e+07	924.237	347.828	157.786	1429.85	
7.175e+07	667.577	376.034	121.064	1164.67	
7.18e+07	514.286	471.727	75.823	1061.84	
7.185e+07	373.499	494.108	49.897	917.504	
7.19e+07	232.224	291.792	82.7704	606.786	
7.195e+07	284.527	215.76	112.816	613.103	
7.2e+07	226.158	183.453	76.716	486.327	
7.205e+07	134.65	139.202	58.801	332.653	
7.21e+07	158.328	136.044	37.4575	331.83	
7.215e+07	245.284	133.674	64.3248	443.283	
7.22e+07	116.015	132.882	106.568	355.465	
7.225e+07	103.078	126.687	120.604	350.369	
7.23e+07	80.7798	168.447	324.95	574.177	
7.235e+07	60.8264	198.228	371.793	630.847	
7.24e+07	95.9648	149.32	429.774	675.059	
7.245e+07	39.952	152.896	230.588	423.436	
7.25e+07	51.5624	63.9544	395.456	510.973	
7.255e+07	78.8644	104.888	758.748	942.5	
7.26e+07	52.3868	93.1878	565.01	710.584	
7.265e+07	158.885	93.8794	476.819	729.583	
7.27e+07	116.282	81.1548	228.864	426.301	
7.275e+07	148.69	58.92	262.948	470.557	
7.28e+07	150.406	58.9324	280.326	489.664	
7.285e+07	157.513	89.832	448.939	696.284	
7.29e+07	153.491	184.398	244.485	582.374	
7.295e+07	78.1936	329.768	152.993	560.955	
7.3e+07	28.7944	610.028	67.5418	706.364	
7.305e+07	66.0019	545.976	143.55	755.528	
7.31e+07	75.4171	470.515	57.901	603.833	
7.315e+07	66.6978	193.399	59.7144	319.811	
7.32e+07	59.7096	77.7999	104.655	242.165	
7.325e+07	84.7919	169.711	103.574	358.077	
7.33e+07	138.339	136.499	30.9088	305.747	
7.335e+07	432.779	150.177	83.1291	666.085	
7.34e+07	314.721	182.326	259.368	756.414	
7.345e+07	301.321	248.529	48.9659	598.816	
7.35e+07	574.564	305	90.7671	970.331	
7.355e+07	497.411	252.59	72.938	822.939	
7.36e+07	551.998	345.288	105.235	1002.52	
7.365e+07	425.873	383.728	122.058	931.659	
7.37e+07	529.924	115.517	92.5036	737.945	
7.375e+07	368.33	537.421	126.605	1032.36	
7.38e+07	213.56	547.948	93.6044	855.113	
7.385e+07	258.501	237.151	122.62	618.272	
7.39e+07	255.939	284	74.2576	614.197	
7.395e+07	175.574	362.281	202.488	740.343	
7.4e+07	214.801	305.426	134.037	654.264	
7.405e+07	116.588	346.779	133.712	597.08	
7.41e+07	87.2075	369.902	98.0359	555.145	
7.415e+07	162.118	224.258	58.0818	444.457	
7.42e+07	138.017	233.149	80.49	451.657	
7.425e+07	110.05	295.016	77.7275	482.793	
7.43e+07	91.4668	276.56	81.9244	449.951	
7.435e+07	150.869	321.06	182.01	653.939	
7.44e+07	245.13	569.693	101.792	916.615	
7.445e+07	511.624	406.737	102.046	1020.41	
7.45e+07	348.104	228.342	170.171	746.616	
7.455e+07	193.798	252.89	139.653	586.34	
7.46e+07	299.538	185.891	101.074	586.503	
7.465e+07	392.56	74.7475	153.77	621.077	
7.47e+07	199.703	144.657	192.312	536.672	
7.475e+07	111.901	151.57	257.805	521.276	
7.48e+07	78.1051	164.492	229.578	472.175	
7.485e+07	68.66	194.88	197.442	460.982	
7.49e+07	176.578	144.06	199.444	520.083	
7.495e+07	330.59	193.921	65.2175	589.728	
7.5e+07	303.379	90.2816	145.132	538.792	
7.505e+07	297.396	140.464	133.104	570.965	
7.51e+07	560.829	33.9294	48.3831	643.142	
7.515e+07	532.107	43.8019	92.9479	668.857	
7.52e+07	602.695	39.4594	83.2739	725.428	
7.525e+07	672.224	81.6651	56.19	810.079	
7.53e+07	447.471	51.21	140.42	639.101	
7.535e+07	370.98	52.616	71.7864	495.382	
7.54e+07	336.85	78.4075	61.03	476.287	
7.545e+07	314.183	62.7518	66.4856	443.42	
7.55e+07	367.499	186.715	108.832	663.046	
7.555e+07	333.784	291.572	64.3204	689.677	
7.56e+07	354.755	536.599	141.771	1033.13	
7.565e+07	327.461	705.283	99.9011	1132.65	
7.57e+07	224.028	804.654	90.7836	1119.47	
7.575e+07	174.886	327.86	323.242	825.987	
7.58e+07	116.314	463.979	312.555	892.849	
7.585e+07	172.684	443.244	219.162	835.09	
7.59e+07	192.491	410.5	223.588	826.578	
7.595e+07	111.75	186.685	184.465	482.9	
7.6e+07	81.1804	330.381	155.666	567.227	
7.605e+07	167.797	265.289	205.41	638.496	
7.61e+07	92.9428	218.327	78.28	389.55	
7.615e+07	203.906	133.01	90.1816	427.097	
7.62e+07	276.148	102.772	220.43	599.35	
7.625e+07	179.033	184.57	259.621	623.224	
7.63e+07	183.302	103.4	266.031	552.733	
7.635e+07	96.4704	146.584	145.75	388.804	
7.64e+07	71.6488	167.998	174.773	414.419	
7.645e+07	127.876	90.1944	59.9078	277.978	
7.65e+07	218.42	87.7244	109.505	415.649	
7.655e+07	158.932	48.1694	245.018	452.12	
7.66e+07	209.623	263.076	152.324	625.022	
7.665e+07	179.197	229.79	152.739	561.727	
7.67e+07	104.464	171.527	130.541	406.532	
7.675e+07	91.4238	100.302	117.006	308.732	
7.68e+07	66.342	69.2531	401.222	536.817	
7.685e+07	237.916	47.0078	293.99	578.914	
7.69e+07	213.128	81.4344	356.157	650.72	
7.695e+07	221.708	61.5216	492.455	775.685	
7.7e+07	230.961	69.2724	223.768	524.001	
7.705e+07	221.088	77.2518	312.212	610.552	
7.71e+07	244.152	111.087	203.952	559.191	
7.715e+07	155.996	41.1959	387.356	584.548	
7.72e+07	140.312	62.4744	214.459	417.245	
7.725e+07	114.874	98.49	250.712	464.076	
7.73e+07	113.36	91.2584	320.105	524.723	
7.735e+07	259.424	69.7599	362.594	691.778	
7.74e+07	214.489	94.3544	180.658	489.502	
7.745e+07	207.549	138.397	77.0804	423.027	
7.75e+07	108.363	249.84	160.356	518.559	
7.755e+07	141.971	490.001	155.118	787.09	
7.76e+07	256.805	665.394	111.654	1033.85	
7.765e+07	146	384.734	265.49	796.224	
7.77e+07	182.929	455.584	190.294	828.807	
7.775e+07	175.694	416.684	112.807	705.186	
7.78e+07	297.333	287.977	276.384	861.694	
7.785e+07	253.188	319.108	340.17	912.465	
7.79e+07	147.851	370.465	192.351	710.667	
7.795e+07	129.934	212.951	112.858	455.743	
7.8e+07	65.6759	357.76	164.359	587.795	
7.805e+07	90.3336	475.663	195.928	761.924	
7.81e+07	35.518	739.747	248.754	1024.02	
7.815e+07	71.3838	557.652	197.34	826.375	
7.82e+07	40.6751	712.647	155.181	908.503	
7.825e+07	57.5348	533.041	278.384	868.96	
7.83e+07	56.7336	587.924	311.888	956.545	
7.835e+07	57.6211	675.198	111.507	844.326	
7.84e+07	75.6484	531.772	127.482	734.903	
7.845e+07	134.57	646.092	110.211	890.873	
7.85e+07	279.028	248.96	188.882	716.87	
7.855e+07	385.259	224.135	170.2	779.594	
7.86e+07	436.927	214.38	240.254	891.561	
7.865e+07	409.364	204.622	232.454	846.44	
7.87e+07	161.383	96.3188	177.508	435.21	
7.875e+07	203.925	102.027	62.1776	368.13	
7.88e+07	323.582	48.582	164.636	536.8	
7.885e+07	341.053	144.637	102.166	587.856	
7.89e+07	231.419	107.877	207.805	547.102	
7.895e+07	92.9911	141.349	61.2758	295.616	
7.9e+07	142.379	180.15	55.91	378.44	
7.905e+07	124.59	48.791	56.534	229.915	
7.91e+07	151.366	155.823	166.84	474.029	
7.915e+07	121.223	155.508	73.792	350.523	
7.92e+07	270.026	146.892	94.139	511.057	
7.925e+07	213.62	325.629	170.574	709.823	
7.93e+07	188.206	374.459	63.1371	625.803	
7.935e+07	157.526	346.422	70.8231	574.771	
7.94e+07	187.51	235.004	172.823	595.338	
7.945e+07	144.846	71.73	130.978	347.554	
7.95e+07	144.87	70.7279	220.032	435.63	
7.955e+07	302.67	93.3084	236.723	632.701	
7.96e+07	231.006	75.219	197.35	503.575	
7.965e+07	250.976	64.777	286.334	602.087	
7.97e+07	319.762	107.196	205.858	632.816	
7.975e+07	279.046	179.087	163.989	622.121	
7.98e+07	114.744	185.756	219.71	520.21	
7.985e+07	127.105	83.4894	177.619	388.214	
7.99e+07	59.0475	70.6724	258.157	387.877	
7.995e+07	166.068	114.618	284.647	565.332	
8e+07	52.4675	85.0724	173.568	311.108	
8.005e+07	159.623	36.9148	355.9	552.438	
8.01e+07	170.09	105.018	152.478	427.586	
8.015e+07	166.172	87.215	116.883	370.27	
8.02e+07	58.8331	75.8816	296.791	431.506	
8.025e+07	36.3438	72.7119	431.674	540.73	
8.03e+07	69.628	90.2948	466.578	626.501	
8.035e+07	83.554	66.902	568.155	718.611	
8.04e+07	212.142	153.193	798.069	1163.4	
8.045e+07	247.078	131.61	873.17	1251.86	
8.05e+07	177.48	89.6944	823.565	1090.74	
8.055e+07	77.6599	70.0594	740.582	888.302	
8.06e+07	215.143	98.2019	682.684	996.029	
8.065e+07	200.977	87.3794	401.632	689.988	
8.07e+07	128.422	121.392	418.879	668.693	
8.075e+07	126.037	139.94	409.88	675.857	
8.08e+07	383.188	100.75	341.424	825.362	
8.085e+07	249.134	84.6371	661.17	994.941	
8.09e+07	158.179	120.244	915.09	1193.51	
8.095e+07	141.701	236.935	302.468	681.104	
8.1e+07	76.5128	82.4848	249.559	408.557	
8.105e+07	59.3039	151.379	251.79	462.473	
8.11e+07	89.3988	147.76	251.02	488.179	
8.115e+07	61.5451	125.72	378.744	566.009	
8.12e+07	102.904	35.285	368.894	507.084	
8.125e+07	93.9139	95.9344	382.654	572.502	
8.13e+07	83.0796	74.813	584.86	742.753	
8.135e+07	71.5375	56.036	290.309	417.882	
8.14e+07	80.5684	89.245	198.214	368.027	
8.145e+07	176.639	78.1044	152.392	407.136	
8.15e+07	110.48	57.903	220.383	388.766	
8.155e+07	107.954	208.177	236.307	552.438	
8.16e+07	116.558	122.149	281.2	519.907	
8.165e+07	284.073	145.746	439.434	869.252	
8.17e+07	250.212	84.8056	478.77	813.788	
8.175e+07	296.061	125.906	237.204	659.171	
8.18e+07	116.411	212.924	286.258	615.592	
8.185e+07	21.7856	184.848	719.194	925.828	
8.19e+07	80.704	189.621	669.419	939.744	
8.195e+07	98.3339	351.2	475.86	925.394	
8.2e+07	246.16	203.85	425.629	875.639	
8.205e+07	249.869	245.444	554.797	1050.11	
8.21e+07	151.526	102.841	355.541	609.908	
8.215e+07	260.06	123.478	255.466	639.004	
8.22e+07	189.422	179.288	248.361	617.071	
8.225e+07	241.438	66.024	240.8	548.262	
8.23e+07	349.854	84.5138	290.213	724.581	
8.235e+07	399.278	73.0316	220.161	692.471	
8.24e+07	368.819	90.567	199.476	658.862	
8.245e+07	433.997	67.3828	57.075	558.455	
8.25e+07	298.17	69.3558	87.5319	455.058	
8.255e+07	412.258	78.8944	124.87	616.022	
8.26e+07	330.41	108.684	267.004	706.099	
8.265e+07	638.474	40.2211	237.674	916.369	
8.27e+07	699.549	37.62	189.907	927.076	
8.275e+07	823.625	60.4391	91.3291	975.393	
8.28e+07	546.143	159.13	151.826	857.098	
8.285e+07	490.035	226.654	130.878	847.567	
8.29e+07	390.579	64.3838	141.514	596.477	
8.295e+07	326.418	105.496	153.497	585.411	
8.3e+07	388.29	91.3844	225.668	705.342	
8.305e+07	600.961	166.289	151.548	918.798	
8.31e+07	702.047	115.845	127.84	945.732	
8.315e+07	304.087	129.288	76.3551	509.73	
8.32e+07	308.6	41.59	221.602	571.792	
8.325e+07	189.911	35.2639	299.414	524.589	
8.33e+07	263.772	64.2044	258.926	586.902	
8.335e+07	345.401	78.526	314.357	738.284	
8.34e+07	221.61	62.5271	197.732	481.869	
8.345e+07	106.087	75.398	300.615	482.1	
8.35e+07	42.5144	70.323	400.823	513.66	
8.355e+07	55.604	75.5858	361.47	492.66	
8.36e+07	77.8171	72.3244	368.294	518.435	
8.365e+07	242.167	60.69	463.824	766.681	
8.37e+07	122.766	81.3051	168.406	372.477	
8.375e+07	121.908	149.048	406.24	677.195	
8.38e+07	109.385	163.037	276.439	548.861	
8.385e+07	93.3144	185.344	218.94	497.599	
8.39e+07	98.1	457.114	260.014	815.227	
8.395e+07	70.3739	639.984	238.909	949.267	
8.4e+07	130.934	462.667	165.01	758.611	
8.405e+07	81.314	557.438	267.991	906.743	
8.41e+07	181.586	482.704	351.35	1015.64	
8.415e+07	141.486	392.758	276.362	810.605	
8.42e+07	137.002	243.554	518.776	899.333	
8.425e+07	195.446	223.805	380.561	799.812	
8.43e+07	316.299	209.979	462.154	988.432	
8.435e+07	402.172	207.175	375.161	984.508	
8.44e+07	869.052	123.301	539.697	1532.05	
8.445e+07	600.263	106.58	381.009	1087.85	
8.45e+07	567.762	312.366	180.293	1060.42	
8.455e+07	468.484	327.506	104.191	900.181	
8.46e+07	513.054	168.9	41.0194	722.974	
8.465e+07	420.251	238.697	155.334	814.282	
8.47e+07	573.5	121.701	138.509	833.71	
8.475e+07	339.81	135.114	79.6628	554.587	
8.48e+07	354.787	83.4558	175.691	613.934	
8.485e+07	503.478	88.9684	113.842	706.288	
8.49e+07	321.554	172.593	272.852	766.999	
8.495e+07	227.744	229.722	188.094	645.56	
8.5e+07	245.68	199.086	234.106	678.872	
8.505e+07	231.526	119.44	191.359	542.325	
8.51e+07	92.3059	144.699	86.7994	323.804	
8.515e+07	78.7611	179.388	78.6004	336.749	
8.52e+07	58.318	76.5884	122.548	257.454	
8.525e+07	138.192	81.1688	45.4879	264.848	
8.53e+07	115.379	100.377	157.939	373.696	
8.535e+07	104.799	161.94	76.3439	343.084	
8.54e+07	116.529	140.896	70.87	328.295	
8.545e+07	296.994	73.0259	145.55	515.57	
8.55e+07	92.3578	136.976	72.393	301.727	
8.555e+07	88.772	177.318	125.35	391.44	
8.56e+07	71.6944	338.976	129.438	540.109	
8.565e+07	61.2928	448.834	168.708	678.835	
8.57e+07	64.6918	793.531	127.47	985.693	
8.575e+07	93.6539	1374.57	160.588	1628.82	
8.58e+07	126.436	1428.01	101.904	1656.35	
8.585e+07	82.236	1423.5	171.455	1677.19	
8.59e+07	68.8836	750.338	140.977	960.198	
8.595e+07	180.927	496.69	159.424	837.042	
8.6e+07	388.729	239.079	188.342	816.15	
8.605e+07	221.031	165.582	263.41	650.022	
8.61e+07	188.955	281.773	207.919	678.646	
8.615e+07	162.597	367.04	206.334	735.971	
8.62e+07	154.116	178.62	167.814	500.55	
8.625e+07	115.137	247.267	184.632	547.036	
8.63e+07	114.564	233.21	66.782	414.556	
8.635e+07	60.4928	252.614	136.614	449.72	
8.64e+07	143.139	150.883	77.5164	371.539	
8.645e+07	145.708	309.718	126.104	581.53	
8.65e+07	86.3999	322.116	105.271	513.787	
8.655e+07	172.855	235.95	101.199	510.004	
8.66e+07	195.288	337.332	161.613	694.234	
8.665e+07	189.552	196.759	172.098	558.409	
8.67e+07	118.11	400.594	98.104	616.808	
8.675e+07	86.3044	398.012	106.859	591.175	
8.68e+07	156.844	275.819	88.2798	520.943	
8.685e+07	368.538	131.494	63.875	563.907	
8.69e+07	508.148	82.6448	98.9859	689.778	
8.695e+07	180.348	66.7894	84.0048	331.142	
8.7e+07	177.546	95.3544	53.5844	326.484	
8.705e+07	208.287	128.757	32.9756	370.02	
8.71e+07	225.884	172.675	30.3058	428.865	
8.715e+07	98.8748	285.85	43.74	428.465	
8.72e+07	104.128	101.4	84.9084	290.436	
8.725e+07	37.7639	74.543	98.14	210.447	
8.73e+07	90.6538	183.163	88.4798	362.297	
8.735e+07	71.2796	67.2639	88.6099	227.153	
8.74e+07	91.5058	172.719	112.971	377.196	
8.745e+07	82.8794	187.307	94.3294	364.516	
8.75e+07	63.4668	265.394	96.6594	425.52	
8.755e+07	91.63	186.869	81.3984	359.898	
8.76e+07	104.82	147.629	66.139	318.588	
8.765e+07	134.85	154.051	255.76	544.661	
8.77e+07	173.034	342.949	465.462	981.445	
8.775e+07	114.792	419.606	279.436	813.833	
8.78e+07	97.849	399.177	160.846	657.872	
8.785e+07	164.475	413.809	173.666	751.95	
8.79e+07	211.874	250.73	118.252	580.856	
8.795e+07	81.0844	205.55	49.4004	336.035	
8.8e+07	95.8094	244.77	58.1596	398.739	
8.805e+07	104.364	222.692	89.1639	416.22	
8.81e+07	84.8639	228.156	174.267	487.287	
8.815e+07	54.2844	343.19	174.845	572.319	
8.82e+07	44.8044	171.648	188.012	404.464	
8.825e+07	52.5088	165.911	142.82	361.24	
8.83e+07	35.6196	201.406	145.983	383.008	
8.835e+07	97.3219	111.388	212.009	420.718	
8.84e+07	95.2844	104.687	54.2875	254.259	
8.845e+07	143.654	92.3224	139.4	375.376	
8.85e+07	139.654	125.32	75.6575	340.632	
8.855e+07	120.865	330.347	99.92	551.132	
8.86e+07	168.433	284.816	136.608	589.857	
8.865e+07	145.94	436.7	47.5878	630.227	
8.87e+07	125.128	241.789	158.096	525.013	
8.875e+07	113.791	238.182	69.4271	421.4	
8.88e+07	156.704	535.51	107.064	799.278	
8.885e+07	38.5868	463.7	99.027	601.313	
8.89e+07	65.3888	389.904	77.9396	533.232	
8.895e+07	180.357	366.569	117.487	664.414	
8.9e+07	369.373	632.584	90.912	1092.87	
8.905e+07	483.998	566.691	61.0279	1111.72	
8.91e+07	454.77	750.167	67.175	1272.11	
8.915e+07	297.634	469.31	263.527	1030.47	
8.92e+07	880.267	446.866	383.24	1710.37	
8.925e+07	882.747	613.448	253.515	1749.71	
8.93e+07	1087.49	693.162	146.854	1927.51	
8.935e+07	1019.85	401.344	231.679	1652.87	
8.94e+07	1014.06	310.341	152.017	1476.42	
8.945e+07	842.474	441.758	196.156	1480.39	
8.95e+07	635.388	301.488	336.16	1273.04	
8.955e+07	697.294	535.72	300.79	1533.8	
8.96e+07	538.378	448.264	395.904	1382.55	
8.965e+07	377.342	605.568	247.164	1230.07	
8.97e+07	100.407	263.591	395.169	759.167	
8.975e+07	146.328	229.999	534.773	911.1	
8.98e+07	231.498	102.034	633.47	967.002	
8.985e+07	422.701	91.2075	689.898	1203.81	
8.99e+07	451.986	86.7796	397.776	936.542	
8.995e+07	601.121	143.86	313.914	1058.9	
9e+07	345.949	134.745	175.416	656.11	
9.005e+07	428.733	91.1331	185.65	705.516	
9.01e+07	167.008	230.28	174.549	571.837	
9.015e+07	162.78	332.618	234.202	729.6	
9.02e+07	290.278	260.151	361.42	911.848	
9.025e+07	175.059	218.894	650.07	1044.02	
9.03e+07	383.762	318.198	796.674	1498.63	
9.035e+07	207.792	229.138	494.453	931.383	
9.04e+07	108.13	167.339	573.521	848.99	
9.045e+07	129.647	139.95	441.896	711.493	
9.05e+07	57.2394	188.334	343.62	589.194	
9.055e+07	199.906	146.289	565.088	911.282	
9.06e+07	497.964	125.828	546.229	1170.02	
9.065e+07	629.619	86.022	790.585	1506.23	
9.07e+07	427.86	76.1639	403.034	907.058	
9.075e+07	265.759	122.3	203.993	592.052	
9.08e+07	348.495	61.8119	207.816	618.122	
9.085e+07	603.593	44.6784	95.2844	743.556	
9.09e+07	338.533	44.9028	60.1728	443.609	
9.095e+07	359.046	49.8211	183.367	592.234	
9.1e+07	485.82	52.278	147.649	685.747	
9.105e+07	479.678	21.6464	119.376	620.7	
9.11e+07	213.629	70.1031	110.232	393.965	
9.115e+07	155.214	28.4151	93.9419	277.571	
9.12e+07	59.5728	88.2008	130.321	278.095	
9.125e+07	132.516	172.442	71.3218	376.28	
9.13e+07	174.461	57.1748	75.002	306.638	
9.135e+07	125.873	88.5728	100.755	315.201	
9.14e+07	117.03	74.036	75.1536	266.219	
9.145e+07	124.014	95.9675	79.9231	299.905	
9.15e+07	140.648	278.844	124.691	544.182	
9.155e+07	211.407	288.058	77.5431	577.007	
9.16e+07	61.2111	350.583	62.5396	474.334	
9.165e+07	41.2779	398.807	109.34	549.425	
9.17e+07	76.8136	444.118	76.5848	597.516	
9.175e+07	44.34	690.278	32.2744	766.893	
9.18e+07	72.5818	621.06	70.452	764.093	
9.185e+07	62.3451	730.407	133.029	925.781	
9.19e+07	80.9099	816.863	121.758	1019.53	
9.195e+07	52.1071	428.038	169.132	649.277	
9.2e+07	88.4938	234.914	127.177	450.586	
9.205e+07	22.95	198.835	223.243	445.028	
9.21e+07	28.1599	487.888	77.491	593.539	
9.215e+07	99.733	365.634	92.3704	557.738	
9.22e+07	156.383	235.278	99.793	491.454	
9.225e+07	109.802	276.994	136.908	523.704	
9.23e+07	109.383	233.62	101.361	444.364	
9.235e+07	72.8064	333.997	126.67	533.473	
9.24e+07	97.1851	278.533	113.25	488.969	
9.245e+07	123.316	341.223	171.798	636.337	
9.25e+07	118.634	119.961	144.712	383.307	
9.255e+07	106.374	50.09	239.334	395.798	
9.26e+07	125.736	75.4351	178.823	379.994	
9.265e+07	79.7794	28.113	128.632	236.524	
9.27e+07	132.264	53.0894	160.746	346.1	
9.275e+07	92.0251	99.5278	240.497	432.05	
9.28e+07	227.848	123.974	273.743	625.565	
9.285e+07	251.715	87.4139	254.082	593.211	
9.29e+07	120.218	75.5144	259.3	455.032	
9.295e+07	147.75	76.1244	306.129	530.004	
9.3e+07	229.621	63.3076	229.714	522.642	
9.305e+07	156.197	78.1511	204.299	438.647	
9.31e+07	195.565	25.0916	191.234	411.891	
9.315e+07	211.353	50.2958	133.28	394.928	
9.32e+07	192.776	59.1284	135.904	387.808	
9.325e+07	367.744	123.887	156.924	648.555	
9.33e+07	253.417	37.6539	248.44	539.511	
9.335e+07	123.538	95.5944	151.47	370.602	
9.34e+07	355.106	92.3198	207.556	654.982	
9.345e+07	603.324	26.4118	105.485	735.221	
9.35e+07	889.574	74.38	76.867	1040.82	
9.355e+07	894.07	233.548	71.78	1199.4	
9.36e+07	757.769	157.508	74.9139	990.191	
9.365e+07	1077.11	165.098	56.9284	1299.14	
9.37e+07	591.419	130.642	40.1796	762.241	
9.375e+07	471.058	133.05	102.936	707.044	
9.38e+07	377.763	78.6771	148.916	605.356	
9.385e+07	467.553	96.5536	189.95	754.057	
9.39e+07	102.668	87.7471	240.132	430.547	
9.395e+07	249.037	93.9699	77.086	420.093	
9.4e+07	378.066	47.609	97.133	522.808	
9.405e+07	347.575	149.223	392.553	889.351	
9.41e+07	50.4844	139.825	413.63	603.94	
9.415e+07	74.5791	148.637	386.562	609.778	
9.42e+07	53.9099	152.048	323.425	529.383	
9.425e+07	63.3519	150.23	311.63	525.211	
9.43e+07	93.2075	203.169	177.254	473.631	
9.435e+07	90.6178	349.413	181.855	621.886	
9.44e+07	81.1988	107.389	138.839	327.428	
9.445e+07	139.688	108.409	140.484	388.58	
9.45e+07	257.388	160.546	132.384	550.318	
9.455e+07	186.298	143.929	84.1579	414.385	
9.46e+07	107.998	164.852	85.737	358.586	
9.465e+07	181.388	193.058	60.9764	435.421	
9.47e+07	195.546	150.374	99.2144	445.135	
9.475e+07	118.728	215.263	189.299	523.29	
9.48e+07	131.602	123.227	222.069	476.898	
9.485e+07	63.5668	102.392	307.255	473.214	
9.49e+07	83.6776	80.8119	180.722	345.211	
9.495e+07	123.148	121.361	146.603	391.112	
9.5e+07	66.8036	185.989	40.6236	293.417	
9.505e+07	55.7975	205.43	46.7936	308.021	
9.51e+07	120.621	403.918	42.2059	566.745	
9.515e+07	187.54	522.492	27.7194	737.751	
9.52e+07	188.674	633.381	26.7176	848.773	
9.525e+07	126.05	464.772	38.0948	628.917	
9.53e+07	230.448	443.754	31.1648	705.367	
9.535e+07	118.704	355.514	126.868	601.087	
9.54e+07	130.428	291.677	262.776	684.88	
9.545e+07	131.202	210.749	694.75	1036.7	
9.55e+07	97.1879	251.094	606.235	954.516	
9.555e+07	333.036	321.322	260.096	914.453	
9.56e+07	289.904	697.304	140.33	1127.54	
9.565e+07	159.484	960.194	138.34	1258.02	
9.57e+07	208.921	825.559	108.924	1143.4	
9.575e+07	79.7444	1232.82	112.473	1425.04	
9.58e+07	57.7128	1535.05	165.717	1758.48	
9.585e+07	38.7668	1176.12	104.249	1319.14	
9.59e+07	64.7316	1043.3	115.728	1223.76	
9.595e+07	59.2928	1356.05	274.027	1689.37	
9.6e+07	92.5219	1945.77	114.798	2153.09	
9.605e+07	137.462	1359.27	169.456	1666.19	
9.61e+07	85.8376	1163.19	53.9131	1302.94	
9.615e+07	105.739	1376.54	111.525	1593.81	
9.62e+07	117.897	867.171	31.5698	1016.64	
9.625e+07	179.106	861.822	54.69	1095.62	
9.63e+07	149.96	1016.16	93.6475	1259.77	
9.635e+07	178.419	1005.04	183.3	1366.75	
9.64e+07	95.0875	1418.18	165.096	1678.37	
9.645e+07	53.5484	1209.54	34.9708	1298.06	
9.65e+07	73.87	995.473	177.18	1246.52	
9.655e+07	80.7824	730.549	43.4138	854.746	
9.66e+07	135.366	464.728	59.9384	660.032	
9.665e+07	25.4098	458.338	184.22	667.968	
9.67e+07	61.27	362.368	57.2999	480.938	
9.675e+07	109.86	437.436	71.167	618.462	
9.68e+07	38.8091	426.144	142.067	607.021	
9.685e+07	246.902	230.129	60.6979	537.729	
9.69e+07	307.881	91.2484	88.5678	487.697	
9.695e+07	245.482	175.466	161.655	582.602	
9.7e+07	65.6875	299.834	191.664	557.186	
9.705e+07	94.0644	338.674	95.7975	528.536	
9.71e+07	60.5259	260.893	118.884	440.303	
9.715e+07	52.6644	374.892	209.03	636.586	
9.72e+07	69.1844	266.845	235.568	571.598	
9.725e+07	71.1144	151.779	171.211	394.105	
9.73e+07	87.8538	108.668	219.626	416.148	
9.735e+07	46.839	373.029	189.042	608.91	
9.74e+07	106.277	530.626	186.09	822.993	
9.745e+07	35.18	689.912	123.745	848.837	
9.75e+07	61.4064	594.197	49.106	704.709	
9.755e+07	52.6328	464.99	47.7319	565.355	
9.76e+07	84.9711	449.532	186.485	720.988	
9.765e+07	78.0828	289.464	55.851	423.398	
9.77e+07	237.262	170.396	180.304	587.962	
9.775e+07	170.011	263.232	76.33	509.573	
9.78e+07	202.616	136.127	98.2424	436.986	
9.785e+07	370.544	154.634	151.037	676.215	
9.79e+07	426.092	153.13	196.168	775.389	
9.795e+07	231.683	261.955	262.726	756.364	
9.8e+07	341.457	196.35	151.339	689.146	
9.805e+07	165.16	126.782	183.384	475.326	
9.81e+07	307.566	143.997	171.05	622.613	
9.815e+07	570.523	91.4176	221.91	883.85	
9.82e+07	739.795	69.4464	265.317	1074.56	
9.825e+07	664.539	29.6	333.738	1027.88	
9.83e+07	307.349	156.236	425.396	888.982	
9.835e+07	241.672	272.991	378.348	893.011	
9.84e+07	353.976	373.251	281.844	1009.07	
9.845e+07	443.837	202.989	51.68	698.506	
9.85e+07	372.012	128.9	96.2575	597.169	
9.855e+07	205.524	246.556	56.4478	508.528	
9.86e+07	207.625	353.619	56.6111	617.855	
9.865e+07	440.578	492.117	47.9284	980.623	
9.87e+07	571.354	421.708	35.6198	1028.68	
9.875e+07	421.758	360.04	77.9108	859.708	
9.88e+07	282.682	575.931	79.9436	938.556	
9.885e+07	203.169	250.549	167.842	621.56	
9.89e+07	75.3998	303.97	108.234	487.604	
9.895e+07	87.261	474.859	168.224	730.344	
9.9e+07	296.066	399.753	47.1984	743.017	
9.905e+07	50.296	704.598	75.19	830.084	
9.91e+07	110.543	335.776	143.667	589.987	
9.915e+07	125.963	169.506	143.621	439.09	
9.92e+07	194.161	89.9271	181.974	466.062	
9.925e+07	184.837	269.114	126.35	580.301	
9.93e+07	88.0298	386.117	54.4036	528.55	
9.935e+07	111.833	543.936	153.662	809.431	
9.94e+07	122.02	423.944	168.696	714.659	
9.945e+07	83.3824	471.449	229.878	784.709	
9.95e+07	115.26	469.348	282.716	867.324	
9.955e+07	56.9076	332.54	414.443	803.89	
9.96e+07	57.6258	295.365	398.873	751.864	
9.965e+07	81.89	239.741	357.462	679.093	
9.97e+07	152.675	263.906	335.242	751.823	
9.975e+07	292.234	606.054	192.177	1090.47	
9.98e+07	398.739	197.91	192.039	788.688	
9.985e+07	489.406	82.6384	282.328	854.372	
9.99e+07	165.284	116.228	116.453	397.965	
9.995e+07	153.686	51.4219	127.189	332.297	
1e+08	144.36	50.0779	106.425	300.863	
