# 
# registered features: 
# 
# FeatureMoleculesIO
# 	Number of monomers: 400
# 	max connectivity: 7
# FeatureBox
# FeatureBondset<FastBondset>
# FeatureLattice<bool>
# FeatureExcludedVolumeSc<FeatureLattice<bool> >
# 
# not registered features: 
# 
# #!version
# 
# Created by AnalyzerRadiusOfGyration
# file contains time series of average Rg_squared (Rg2) over all analyzed groups
# format: mcs	 Rg2X	 Rg2Y	 Rg2Z	 Rg2Total

100000	37006.8	35532	9218.85	81757.6	
150000	30848.2	30112.9	7160.13	68121.2	
200000	27405.5	25301.5	5994.11	58701.1	
250000	24765.7	22410	5189.11	52364.8	
300000	21648	19935	4196.27	45779.2	
350000	18006.4	17719.7	3311.17	39037.2	
400000	16359.7	15624.3	2755.25	34739.3	
450000	14506.4	14220.2	2397.96	31124.5	
500000	13345.5	12307.1	1964.03	27616.6	
550000	11920.9	11165	1595.86	24681.8	
600000	11473.8	9736.79	1453.06	22663.6	
650000	10561.6	9222.59	850.659	20634.8	
700000	9599.65	8848.6	769.649	19217.9	
750000	9402.26	9219.6	666.102	19288	
800000	8160.53	9200.59	784.469	18145.6	
850000	7643.72	8061.08	837.889	16542.7	
900000	7561.75	7440.38	777.39	15779.5	
950000	7143.34	7108.08	628.328	14879.8	
1e+06	7211.01	6937.16	629.625	14777.8	
1.05e+06	7487.28	6932.53	429.972	14849.8	
1.1e+06	6646.3	7159.5	299.171	14105	
1.15e+06	6625.61	6381.37	450.117	13457.1	
1.2e+06	6581.41	5923.77	367.084	12872.3	
1.25e+06	6375.99	5265.71	236.949	11878.7	
1.3e+06	6166.33	4945.68	128.54	11240.5	
1.35e+06	5427.68	4719.01	83.0857	10229.8	
1.4e+06	5056.16	4269.04	58.2794	9383.47	
1.45e+06	4922.96	3769.78	28.351	8721.1	
1.5e+06	5174.9	3587.29	51.3123	8813.5	
1.55e+06	5314.66	3669.45	86.005	9070.12	
1.6e+06	5215.48	3763.92	68.5464	9047.95	
1.65e+06	4804.91	3333.76	108.647	8247.32	
1.7e+06	4692.82	3624.47	245.658	8562.95	
1.75e+06	4857.77	3522.3	294.344	8674.42	
1.8e+06	4923.83	3319.17	128.552	8371.55	
1.85e+06	4450.81	3829.19	102.72	8382.71	
1.9e+06	5146.57	4216.28	105.437	9468.28	
1.95e+06	5878.71	3965.96	144.069	9988.74	
2e+06	5132.33	4112.48	120.841	9365.65	
2.05e+06	5141.65	4090.87	175.523	9408.04	
2.1e+06	5001.82	3396.75	213.837	8612.41	
2.15e+06	4256.19	2906.45	123.689	7286.34	
2.2e+06	4134.38	2578.61	68.2925	6781.29	
2.25e+06	3648.23	2176.2	128.868	5953.31	
2.3e+06	4193.33	2169.64	151.974	6514.94	
2.35e+06	3828.78	2079.68	144.188	6052.65	
2.4e+06	3775.8	2358.07	159.589	6293.46	
2.45e+06	3934.83	2327.03	170.705	6432.57	
2.5e+06	4238.92	2003.28	168.173	6410.37	
2.55e+06	4091.6	2067.62	205.606	6364.83	
2.6e+06	4811.49	2653.66	286.444	7751.6	
2.65e+06	4571.92	2985.75	243.614	7801.29	
2.7e+06	4448.34	2387.18	129.325	6964.85	
2.75e+06	4896.96	2178.73	102.402	7178.08	
2.8e+06	4003.11	2070.67	91.6207	6165.4	
2.85e+06	3936.36	1754.13	159.216	5849.7	
2.9e+06	3559.81	1832.65	154.525	5546.99	
2.95e+06	3468.6	1690.6	130.639	5289.84	
3e+06	3255.14	2177.23	262.878	5695.25	
3.05e+06	3364.64	2209.2	309.567	5883.41	
3.1e+06	3190.75	1941.18	378.102	5510.03	
3.15e+06	3087.68	2082.98	476.991	5647.66	
3.2e+06	2899.53	2012.31	494.092	5405.93	
3.25e+06	3275.1	2322.64	421.227	6018.98	
3.3e+06	2823.59	2938.55	348.04	6110.18	
3.35e+06	2510.92	2144.38	358.665	5013.97	
3.4e+06	2778.11	2168.14	218.252	5164.51	
3.45e+06	2515.75	1685.83	232.398	4433.98	
3.5e+06	2296.83	1292.87	273.436	3863.14	
3.55e+06	2019.87	1124.92	229.325	3374.12	
3.6e+06	1413.36	954.307	291.829	2659.5	
3.65e+06	934.218	881.985	242.92	2059.12	
3.7e+06	992.202	1092.96	236.07	2321.23	
3.75e+06	776.521	778.962	92.1796	1647.66	
3.8e+06	855.115	781.926	158.609	1795.65	
3.85e+06	979.324	798.578	159.794	1937.7	
3.9e+06	890.44	1004.02	180.655	2075.12	
3.95e+06	842.737	1154.22	128.381	2125.34	
4e+06	730.663	1068.37	127.526	1926.56	
4.05e+06	648.423	1058.98	212.132	1919.53	
4.1e+06	550.842	1111.56	204.074	1866.47	
4.15e+06	511.263	1036.32	307.336	1854.92	
4.2e+06	437.22	1015.7	358.453	1811.37	
4.25e+06	474.924	962.366	326.003	1763.29	
4.3e+06	400.335	922.553	478.146	1801.03	
4.35e+06	324.017	910.13	521.615	1755.76	
4.4e+06	240.761	795.638	364.379	1400.78	
4.45e+06	236.186	855.681	371.66	1463.53	
4.5e+06	230.554	783.522	389.73	1403.81	
4.55e+06	336.601	735.451	168.452	1240.5	
4.6e+06	353.784	699.416	191.842	1245.04	
4.65e+06	351.241	759.839	238.222	1349.3	
4.7e+06	340.224	679.121	155.471	1174.82	
4.75e+06	256.918	489.492	123.433	869.842	
4.8e+06	262.747	401.226	238.34	902.313	
4.85e+06	283.042	301.172	300.742	884.956	
4.9e+06	421.61	383.543	460.381	1265.53	
4.95e+06	324.101	375.558	325.399	1025.06	
5e+06	529.198	215.795	174.888	919.881	
5.05e+06	631.537	500.365	167.875	1299.78	
5.1e+06	495.555	324.845	186.83	1007.23	
5.15e+06	548.06	450.595	125.888	1124.54	
5.2e+06	382.257	425.938	183.248	991.443	
5.25e+06	498.608	314.206	144.772	957.586	
5.3e+06	578.951	332.52	98.3948	1009.87	
5.35e+06	685.894	289.374	170.844	1146.11	
5.4e+06	608.323	365.623	139.783	1113.73	
5.45e+06	614.587	357.88	120.139	1092.61	
5.5e+06	671.71	217.849	243.971	1133.53	
5.55e+06	947.198	284.642	181.637	1413.48	
5.6e+06	989.458	394.286	120.794	1504.54	
5.65e+06	1023.41	343.224	191.822	1558.46	
5.7e+06	1154.81	374.354	247.399	1776.56	
5.75e+06	1259.86	231.515	372.379	1863.75	
5.8e+06	1028.97	262.346	187.772	1479.09	
5.85e+06	718.229	380.42	236.188	1334.84	
5.9e+06	942.915	443.51	372.829	1759.25	
5.95e+06	1192.23	480.805	227.925	1900.96	
6e+06	663.867	445.035	293.695	1402.6	
6.05e+06	750.882	350.147	297.044	1398.07	
6.1e+06	704.408	413.896	303.501	1421.8	
6.15e+06	941.984	409.896	440.287	1792.17	
6.2e+06	924.86	450.444	281.432	1656.74	
6.25e+06	1092.99	403.522	371.157	1867.67	
6.3e+06	992.122	520.493	653.646	2166.26	
6.35e+06	1009.25	601.464	629.714	2240.43	
6.4e+06	1067.12	530.936	729.147	2327.2	
6.45e+06	901.031	504.85	612.131	2018.01	
6.5e+06	897.994	330.598	749.164	1977.76	
6.55e+06	1192.52	246.461	915.638	2354.62	
6.6e+06	1104.41	163.554	966.795	2234.76	
6.65e+06	948.173	347.552	918.61	2214.33	
6.7e+06	939.789	289.419	970.306	2199.51	
6.75e+06	1213.86	303.469	771.991	2289.33	
6.8e+06	1111.17	403.775	672.875	2187.82	
6.85e+06	857.669	409.388	801.079	2068.13	
6.9e+06	850.106	452.434	864.57	2167.11	
6.95e+06	779.52	479.65	1068.86	2328.03	
7e+06	1217.98	447.947	1142.92	2808.84	
7.05e+06	1238.82	613.595	1237.17	3089.59	
7.1e+06	1221.72	496.226	1267.57	2985.52	
7.15e+06	1617.15	299.179	991.612	2907.94	
7.2e+06	1856.57	510.704	622.064	2989.34	
7.25e+06	2038.71	438.216	922.112	3399.04	
7.3e+06	2118.66	515.906	841.574	3476.14	
7.35e+06	2007.3	514.524	973.516	3495.34	
7.4e+06	1625.99	679.917	878.028	3183.94	
7.45e+06	1444.32	608.516	713.23	2766.07	
7.5e+06	1561.13	518.19	865.302	2944.62	
7.55e+06	1834.44	397.206	679.87	2911.51	
7.6e+06	1780.58	223.462	762.325	2766.37	
7.65e+06	1700.97	128.445	717.344	2546.76	
7.7e+06	2059.65	90.1044	624.013	2773.77	
7.75e+06	2124.5	255.5	961.992	3341.99	
7.8e+06	2719.7	249.262	1026.04	3995	
7.85e+06	2229.21	298.852	793.737	3321.8	
7.9e+06	2106.5	428.761	672.186	3207.44	
7.95e+06	2785.96	440.464	462.336	3688.76	
8e+06	2497.65	372.181	357.334	3227.16	
8.05e+06	2815.22	302.331	460.245	3577.8	
8.1e+06	2428.3	299.544	452.996	3180.84	
8.15e+06	2369.89	357.659	570.869	3298.42	
8.2e+06	2027.58	294.201	615.268	2937.05	
8.25e+06	1677.7	326.175	600.097	2603.98	
8.3e+06	2085.05	240.027	662.807	2987.89	
8.35e+06	2478.72	319.582	676.545	3474.85	
8.4e+06	2493.21	276.094	461.26	3230.56	
8.45e+06	2357.31	294.453	494.684	3146.45	
8.5e+06	2294.72	397.096	573.976	3265.79	
8.55e+06	1967.76	578.734	681.181	3227.68	
8.6e+06	1926.08	676.698	553.305	3156.08	
8.65e+06	1630.11	765.283	523.157	2918.55	
8.7e+06	1541.8	604.823	576.262	2722.89	
8.75e+06	1192.92	372.588	685.631	2251.14	
8.8e+06	1504.13	531.797	669.49	2705.42	
8.85e+06	1524.65	269.963	1096.25	2890.87	
8.9e+06	1502.97	242.824	1451.89	3197.69	
8.95e+06	1231.79	299.248	1317.34	2848.38	
9e+06	1097.91	223.13	1321.77	2642.81	
9.05e+06	929.594	289.875	1089.22	2308.69	
9.1e+06	905.689	253.002	1103.22	2261.91	
9.15e+06	1103.73	162.409	988.235	2254.37	
9.2e+06	887.242	139.837	985.523	2012.6	
9.25e+06	689.278	158.472	923.44	1771.19	
9.3e+06	620.74	89.0412	847.993	1557.77	
9.35e+06	531.801	193.284	622.42	1347.51	
9.4e+06	431.984	227.51	463.245	1122.74	
9.45e+06	511.749	150.49	530.276	1192.51	
9.5e+06	283.595	189.217	577.684	1050.5	
9.55e+06	182.266	116.153	511.192	809.611	
9.6e+06	262.075	114.767	701.968	1078.81	
9.65e+06	192.5	142.895	507.751	843.146	
9.7e+06	173.476	168.115	575.938	917.529	
9.75e+06	162.723	323.864	391.845	878.431	
9.8e+06	202.683	270.444	495.76	968.888	
9.85e+06	201.594	391.73	445.677	1039	
9.9e+06	205.819	409.706	472.082	1087.61	
9.95e+06	285.391	387.335	425.084	1097.81	
1e+07	253.754	472.765	480.931	1207.45	
1.005e+07	171.191	423.127	397.458	991.777	
1.01e+07	136.172	313.23	543.439	992.842	
1.015e+07	182.405	198.367	872.371	1253.14	
1.02e+07	242.379	294.388	605.161	1141.93	
1.025e+07	265.167	161.563	619.606	1046.34	
1.03e+07	160.737	197.272	634.797	992.806	
1.035e+07	240.28	182.075	613.581	1035.94	
1.04e+07	209.647	207.95	738.762	1156.36	
1.045e+07	129.494	195.45	814.526	1139.47	
1.05e+07	127.847	332.36	870.327	1330.53	
1.055e+07	83.865	356.2	977.619	1417.68	
1.06e+07	206.496	347.682	968.765	1522.94	
1.065e+07	150.649	422.536	1028.05	1601.24	
1.07e+07	125.584	414.556	1289.07	1829.21	
1.075e+07	138.597	349.849	1082.36	1570.81	
1.08e+07	125.898	613.501	838.017	1577.42	
1.085e+07	88.0442	658.599	774.905	1521.55	
1.09e+07	174.164	1099.84	637.845	1911.84	
1.095e+07	223.407	1045.32	334.579	1603.31	
1.1e+07	229.072	1059.98	307.08	1596.13	
1.105e+07	94.953	943.789	354.701	1393.44	
1.11e+07	175.649	763.94	169.001	1108.59	
1.115e+07	176.841	1166.13	220.202	1563.17	
1.12e+07	228.327	1255.25	156.58	1640.16	
1.125e+07	392.557	857.165	122.914	1372.64	
1.13e+07	445.075	880.836	160.564	1486.47	
1.135e+07	483.24	872.459	173.625	1529.32	
1.14e+07	493.866	873.716	137.657	1505.24	
1.145e+07	363.341	921.815	83.8048	1368.96	
1.15e+07	511.597	1388.98	146.596	2047.17	
1.155e+07	624.424	1388.93	217.791	2231.15	
1.16e+07	621.242	1249.46	219.512	2090.22	
1.165e+07	564.22	1316.5	249.57	2130.29	
1.17e+07	571.886	1252.19	280.629	2104.7	
1.175e+07	499.266	1177.15	219.172	1895.59	
1.18e+07	425.599	1016.03	336.343	1777.97	
1.185e+07	521.854	903.158	259.661	1684.67	
1.19e+07	643.858	920.172	271.921	1835.95	
1.195e+07	420.072	998.938	271.201	1690.21	
1.2e+07	222.035	1200.68	300.559	1723.27	
1.205e+07	108.347	1132.84	326.745	1567.93	
1.21e+07	157.331	1374.61	274.858	1806.8	
1.215e+07	288.676	1628.33	310.53	2227.54	
1.22e+07	240.613	1378.59	198.66	1817.86	
1.225e+07	291.304	1367.59	117.01	1775.91	
1.23e+07	180.089	1299.89	112.41	1592.39	
1.235e+07	180.669	1202.91	94.4887	1478.07	
1.24e+07	238.088	1263.29	76.0407	1577.42	
1.245e+07	278.396	1042.23	119.529	1440.16	
1.25e+07	177.336	1097.06	158.408	1432.8	
1.255e+07	159.864	838.344	161.067	1159.27	
1.26e+07	80.3077	940.176	183.689	1204.17	
1.265e+07	73.11	919.217	179.103	1171.43	
1.27e+07	270.766	977.159	136.151	1384.08	
1.275e+07	265.971	898.844	58.874	1223.69	
1.28e+07	208.15	1059.03	73.4694	1340.65	
1.285e+07	258.603	1030.64	147.983	1437.22	
1.29e+07	249.861	880.378	313.712	1443.95	
1.295e+07	236.174	990.387	385.446	1612.01	
1.3e+07	206.47	702.867	265.242	1174.58	
1.305e+07	245.653	610.265	168.152	1024.07	
1.31e+07	405.041	543.783	291.11	1239.93	
1.315e+07	531.377	506.906	247.017	1285.3	
1.32e+07	316.032	436.413	211.156	963.601	
1.325e+07	546.858	302.07	190.396	1039.32	
1.33e+07	630.397	256.822	124.611	1011.83	
1.335e+07	887.091	264.692	86.8484	1238.63	
1.34e+07	791.603	237.747	195.184	1224.53	
1.345e+07	647.668	122.603	260.448	1030.72	
1.35e+07	575.609	148.705	174.827	899.14	
1.355e+07	573.418	139.936	211.538	924.892	
1.36e+07	573.02	163.634	231.104	967.758	
1.365e+07	536.199	218.565	299.701	1054.47	
1.37e+07	597.537	321.28	168.944	1087.76	
1.375e+07	396.168	289.688	98.1711	784.028	
1.38e+07	342.905	284.547	131.517	758.97	
1.385e+07	355.09	198.061	230.773	783.924	
1.39e+07	499.564	189.8	224.285	913.649	
1.395e+07	402.457	185.463	144.74	732.66	
1.4e+07	477.58	252.536	126.624	856.74	
1.405e+07	455.958	238.462	98.4734	792.893	
1.41e+07	400.205	364.534	112.88	877.618	
1.415e+07	508.497	333.845	132.775	975.117	
1.42e+07	342.335	291.789	190.534	824.658	
1.425e+07	406.618	188.675	219.586	814.879	
1.43e+07	442.587	253.354	133.354	829.295	
1.435e+07	602.37	409.861	96.4681	1108.7	
1.44e+07	431.647	598.086	163.165	1192.9	
1.445e+07	324.969	581.358	139.963	1046.29	
1.45e+07	292.546	775.507	133.233	1201.29	
1.455e+07	254.719	691.977	177.269	1123.97	
1.46e+07	413.873	849.206	293.578	1556.66	
1.465e+07	709.617	1010.46	210.549	1930.63	
1.47e+07	993.788	983.096	278.996	2255.88	
1.475e+07	837.959	1145.34	162.714	2146.01	
1.48e+07	646.946	1052.16	183.887	1882.99	
1.485e+07	547.216	1284.04	184.999	2016.25	
1.49e+07	529.054	1034.59	129.912	1693.55	
1.495e+07	204.505	1103.05	138.542	1446.1	
1.5e+07	227.171	1222.74	161.449	1611.36	
1.505e+07	222.949	1572.71	171.41	1967.07	
1.51e+07	282.882	1210.85	182.295	1676.02	
1.515e+07	227.285	1319.05	162.256	1708.59	
1.52e+07	259.217	1478.04	166.355	1903.61	
1.525e+07	350.407	1347.97	208.82	1907.2	
1.53e+07	194.065	1261.87	273.626	1729.56	
1.535e+07	243.866	1295.43	239.594	1778.9	
1.54e+07	188.678	1295.39	284.069	1768.14	
1.545e+07	244.411	1358.55	419.934	2022.89	
1.55e+07	349.659	1364.02	281.298	1994.98	
1.555e+07	421.456	1207.64	278.759	1907.86	
1.56e+07	287.994	1293.19	236.883	1818.06	
1.565e+07	315.78	1598.35	110.626	2024.76	
1.57e+07	424.147	1538.27	162.555	2124.97	
1.575e+07	382.299	1368.32	161.285	1911.91	
1.58e+07	246.64	1096.37	135.53	1478.54	
1.585e+07	249.635	1415.66	141.78	1807.08	
1.59e+07	273.753	1674.41	109.257	2057.42	
1.595e+07	155.689	1180.51	139.594	1475.79	
1.6e+07	189.154	1438.04	122.791	1749.99	
1.605e+07	341.091	1393.28	126.397	1860.77	
1.61e+07	294.192	1179.41	212.644	1686.24	
1.615e+07	334.671	1359.32	248.408	1942.4	
1.62e+07	168.002	1717.71	249.211	2134.92	
1.625e+07	142.629	1468.48	338.582	1949.69	
1.63e+07	156.012	1233.46	265.949	1655.42	
1.635e+07	96.4677	1052.62	232.073	1381.16	
1.64e+07	104.519	1107.53	122.322	1334.37	
1.645e+07	109.599	1287.09	126.703	1523.39	
1.65e+07	127.517	1042.21	118.123	1287.85	
1.655e+07	229.644	1122.67	123.044	1475.36	
1.66e+07	167.109	1476.46	164.819	1808.39	
1.665e+07	301.127	1117.27	123.681	1542.08	
1.67e+07	430.2	1005.23	129.214	1564.64	
1.675e+07	400.21	922.529	245.056	1567.8	
1.68e+07	284.252	807.693	255.658	1347.6	
1.685e+07	376.268	821.796	178.56	1376.62	
1.69e+07	566.04	884.578	220.004	1670.62	
1.695e+07	691.672	881.901	297.716	1871.29	
1.7e+07	528.26	991.707	464.1	1984.07	
1.705e+07	419.659	1334.21	443.471	2197.34	
1.71e+07	491.094	1230.66	508.593	2230.34	
1.715e+07	480.346	1298.62	600.745	2379.71	
1.72e+07	428.572	1075.99	548.04	2052.6	
1.725e+07	358.785	1011.31	588.649	1958.74	
1.73e+07	535.3	860.901	866.036	2262.24	
1.735e+07	476.273	995.016	1190.35	2661.64	
1.74e+07	467.835	978.393	1033.98	2480.21	
1.745e+07	409.955	1036.59	946.39	2392.94	
1.75e+07	622.029	1047.78	811.394	2481.21	
1.755e+07	523.377	899.227	494.012	1916.62	
1.76e+07	376.23	1101.89	394.339	1872.45	
1.765e+07	421.851	1098.65	370.498	1890.99	
1.77e+07	640.747	1071.52	498.722	2210.99	
1.775e+07	684.45	850.086	336.442	1870.98	
1.78e+07	420.975	935.219	336.24	1692.43	
1.785e+07	290.488	920.627	280.899	1492.01	
1.79e+07	193.91	683.817	328.6	1206.33	
1.795e+07	263.786	576.38	292.526	1132.69	
1.8e+07	209.39	627.605	333.687	1170.68	
1.805e+07	403.639	940.195	212.574	1556.41	
1.81e+07	220.613	931.3	142.127	1294.04	
1.815e+07	324.463	888.086	189.314	1401.86	
1.82e+07	199.464	1166.7	174.072	1540.24	
1.825e+07	191.592	1111.93	184.772	1488.29	
1.83e+07	237.729	1157.93	102.911	1498.57	
1.835e+07	210.514	1158.53	83.6973	1452.74	
1.84e+07	234.154	1096.51	79.8594	1410.53	
1.845e+07	329.066	927.503	78.4399	1335.01	
1.85e+07	428.027	1069.39	94.5457	1591.96	
1.855e+07	341.309	1061.46	324.794	1727.56	
1.86e+07	460.036	1199.42	213.587	1873.05	
1.865e+07	281.337	1422.13	135.005	1838.47	
1.87e+07	319.797	1199.84	150.495	1670.13	
1.875e+07	423.021	1174.52	207.341	1804.88	
1.88e+07	344.454	1277.41	189.39	1811.26	
1.885e+07	256.164	1371.02	133.334	1760.52	
1.89e+07	219.016	1703.15	193.285	2115.46	
1.895e+07	329.514	1874.49	223.769	2427.77	
1.9e+07	389.115	1652.25	249.11	2290.48	
1.905e+07	259.336	1449.12	245.622	1954.08	
1.91e+07	228.564	1291.29	240.014	1759.87	
1.915e+07	294.414	1563.78	433.866	2292.06	
1.92e+07	174.517	1544.02	689.377	2407.92	
1.925e+07	183.12	1347.71	397.493	1928.33	
1.93e+07	195.908	1304.16	288.434	1788.5	
1.935e+07	285.008	1120.54	360.294	1765.84	
1.94e+07	607.277	940.345	280.013	1827.64	
1.945e+07	419.427	923.177	358.688	1701.29	
1.95e+07	503.996	845.594	348.538	1698.13	
1.955e+07	476.838	769.819	419.02	1665.68	
1.96e+07	690.595	610.192	611.193	1911.98	
1.965e+07	620.316	759.417	294.534	1674.27	
1.97e+07	355.004	702.348	226.919	1284.27	
1.975e+07	603.264	859.031	317.255	1779.55	
1.98e+07	521.299	960.946	306.487	1788.73	
1.985e+07	407.796	815.246	480.405	1703.45	
1.99e+07	469.27	807.418	436.425	1713.11	
1.995e+07	498.259	762.188	390.987	1651.43	
2e+07	480.625	835.604	482.284	1798.51	
2.005e+07	540.139	746.037	301.764	1587.94	
2.01e+07	517.418	747.197	354.935	1619.55	
2.015e+07	684.267	770.173	323.564	1778	
2.02e+07	861.937	806.271	288.262	1956.47	
2.025e+07	572.066	771.81	306.842	1650.72	
2.03e+07	462.258	932.262	338.532	1733.05	
2.035e+07	436.966	1014.14	276.719	1727.83	
2.04e+07	549.144	1206.84	186.174	1942.16	
2.045e+07	559.327	916.266	178.188	1653.78	
2.05e+07	683.214	902.595	182.905	1768.71	
2.055e+07	639.929	936.299	78.8744	1655.1	
2.06e+07	409.824	824.291	108.832	1342.95	
2.065e+07	491.819	756.508	92.0897	1340.42	
2.07e+07	379.212	727.027	121.252	1227.49	
2.075e+07	339.61	841.097	88.338	1269.04	
2.08e+07	373.263	712.004	188.803	1274.07	
2.085e+07	177.231	483.78	150.215	811.226	
2.09e+07	295.8	577.904	215.516	1089.22	
2.095e+07	310.918	741.043	274.659	1326.62	
2.1e+07	389.756	714.079	332.025	1435.86	
2.105e+07	325.874	608.659	357.118	1291.65	
2.11e+07	447.243	686.6	246.838	1380.68	
2.115e+07	505.603	794.67	206.674	1506.95	
2.12e+07	592.369	766.038	208.824	1567.23	
2.125e+07	629.631	550.115	128.939	1308.68	
2.13e+07	497.076	472.249	143.698	1113.02	
2.135e+07	473.457	357.1	122.968	953.525	
2.14e+07	653.764	251.439	254.927	1160.13	
2.145e+07	636.179	358.183	152.365	1146.73	
2.15e+07	469.517	444.015	107.394	1020.93	
2.155e+07	523.55	482.352	149.998	1155.9	
2.16e+07	358.075	354.28	120.965	833.319	
2.165e+07	208.35	463.395	131.878	803.623	
2.17e+07	342.019	277.654	96.761	716.434	
2.175e+07	523.243	326.278	111.265	960.785	
2.18e+07	700.997	214.565	121.294	1036.86	
2.185e+07	752.716	242.613	107.212	1102.54	
2.19e+07	812.211	212.653	148.735	1173.6	
2.195e+07	764.912	253.635	85.5457	1104.09	
2.2e+07	874.153	366.334	137.505	1377.99	
2.205e+07	1097.03	175.649	147.382	1420.06	
2.21e+07	1090.76	163.946	203.644	1458.35	
2.215e+07	1323.5	220.477	171.848	1715.83	
2.22e+07	933.759	169.824	253.089	1356.67	
2.225e+07	847.873	148.605	272.144	1268.62	
2.23e+07	651.929	95.0644	346.629	1093.62	
2.235e+07	548.815	149.095	319.351	1017.26	
2.24e+07	453.96	294.273	533.739	1281.97	
2.245e+07	458.85	261.374	300.418	1020.64	
2.25e+07	656.592	281.174	391.211	1328.98	
2.255e+07	877.384	324.645	320.283	1522.31	
2.26e+07	882.777	310.949	295.697	1489.42	
2.265e+07	827.28	208.171	373.199	1408.65	
2.27e+07	773.116	191.33	563.718	1528.16	
2.275e+07	828.882	139.703	758.615	1727.2	
2.28e+07	907.089	184.513	594.082	1685.68	
2.285e+07	1057.75	150.427	627.63	1835.81	
2.29e+07	890.339	177.712	487.265	1555.32	
2.295e+07	982.172	204.429	585.816	1772.42	
2.3e+07	891.605	153.357	635.703	1680.66	
2.305e+07	876.98	139.201	744.116	1760.3	
2.31e+07	1243.49	172.269	657.477	2073.23	
2.315e+07	1237.02	314.729	786.674	2338.42	
2.32e+07	1225.28	483.943	809.612	2518.83	
2.325e+07	1087.97	377.198	722.942	2188.11	
2.33e+07	943.536	357.473	683.858	1984.87	
2.335e+07	813.31	343.762	540.803	1697.87	
2.34e+07	853.974	273.386	495.873	1623.23	
2.345e+07	951.95	116.646	480.849	1549.44	
2.35e+07	991.637	154.454	666.904	1813	
2.355e+07	1179.45	172.815	743.224	2095.49	
2.36e+07	1164.62	146.413	701.704	2012.74	
2.365e+07	705.022	162.752	772.409	1640.18	
2.37e+07	721.079	210.24	813.054	1744.37	
2.375e+07	634.992	162.114	565.229	1362.34	
2.38e+07	663.051	112.901	623.787	1399.74	
2.385e+07	619.97	114.588	649.281	1383.84	
2.39e+07	786.016	241.878	672.968	1700.86	
2.395e+07	822.452	255.923	599.998	1678.37	
2.4e+07	957.437	184.941	467.15	1609.53	
2.405e+07	1031.63	116.853	484.003	1632.49	
2.41e+07	1053.38	99.0591	590.26	1742.7	
2.415e+07	967.774	91.0994	680.853	1739.73	
2.42e+07	884.207	164.657	506.34	1555.2	
2.425e+07	931.181	248.845	329.746	1509.77	
2.43e+07	936.594	218.294	402.934	1557.82	
2.435e+07	907.289	182.817	429.676	1519.78	
2.44e+07	975.175	128.042	431.815	1535.03	
2.445e+07	993.825	154.183	423.52	1571.53	
2.45e+07	942.252	208.216	452.562	1603.03	
2.455e+07	973.146	329.819	347.089	1650.05	
2.46e+07	991.382	371.061	344.75	1707.19	
2.465e+07	790.841	430.262	270.99	1492.09	
2.47e+07	883.207	419.396	353.788	1656.39	
2.475e+07	761.873	510.911	271.314	1544.1	
2.48e+07	967.13	360.698	338.642	1666.47	
2.485e+07	790.095	313.84	387.521	1491.46	
2.49e+07	767.217	210.207	430.357	1407.78	
2.495e+07	621.156	300.991	512.853	1435	
2.5e+07	557.062	220.919	628.577	1406.56	
2.505e+07	487.197	325.336	691.96	1504.49	
2.51e+07	590.997	342.298	598.398	1531.69	
2.515e+07	842.758	305.772	571.468	1720	
2.52e+07	1077.99	285.919	399.53	1763.44	
2.525e+07	1120.85	287.846	433.39	1842.08	
2.53e+07	827.204	339.166	352.82	1519.19	
2.535e+07	857.58	142.487	446.936	1447	
2.54e+07	567.305	171.935	500.707	1239.95	
2.545e+07	551.906	205.392	684.769	1442.07	
2.55e+07	540.772	235.609	791.718	1568.1	
2.555e+07	361.442	159.38	629.8	1150.62	
2.56e+07	338.209	150.97	478.179	967.358	
2.565e+07	326.335	101.072	572.735	1000.14	
2.57e+07	263.08	156.927	562.671	982.678	
2.575e+07	204.131	221.833	388.334	814.298	
2.58e+07	153.205	194.887	388.569	736.661	
2.585e+07	106.292	218.552	531.929	856.772	
2.59e+07	182.882	167.547	632.789	983.218	
2.595e+07	122.65	233.339	739.03	1095.02	
2.6e+07	250.635	247.789	681.567	1179.99	
2.605e+07	220.454	252.179	596.04	1068.67	
2.61e+07	234.355	166.15	647.752	1048.26	
2.615e+07	235.452	121.214	716.444	1073.11	
2.62e+07	571.507	133.254	638.68	1343.44	
2.625e+07	461.464	81.7606	598.12	1141.34	
2.63e+07	410.125	62.741	754.321	1227.19	
2.635e+07	354.379	55.5245	810.321	1220.23	
2.64e+07	475.023	82.17	735.146	1292.34	
2.645e+07	393.443	200.314	658.27	1252.03	
2.65e+07	279.549	232.578	561.534	1073.66	
2.655e+07	307.827	200.29	472.988	981.105	
2.66e+07	264.966	229.423	323.48	817.869	
2.665e+07	330.251	231.856	371.774	933.882	
2.67e+07	433.997	365.704	551.453	1351.15	
2.675e+07	388.196	369.304	823.864	1581.36	
2.68e+07	280.946	364.968	1042.01	1687.93	
2.685e+07	275.956	429.365	1218.82	1924.14	
2.69e+07	282.971	713.98	1399.04	2395.99	
2.695e+07	483.542	726.561	1275.62	2485.72	
2.7e+07	373.53	714.325	941.694	2029.55	
2.705e+07	158.809	546.984	878.532	1584.32	
2.71e+07	169.148	739.429	727.826	1636.4	
2.715e+07	298.107	1138.87	748.217	2185.19	
2.72e+07	206.339	951.342	646.409	1804.09	
2.725e+07	188.048	1056.45	665.724	1910.22	
2.73e+07	211.633	1174.24	542.806	1928.68	
2.735e+07	243.892	945.205	445.249	1634.35	
2.74e+07	229.165	1083.27	528.34	1840.77	
2.745e+07	216.628	1842.52	566.087	2625.24	
2.75e+07	211	1439.48	625.948	2276.42	
2.755e+07	184.524	1263.26	473.956	1921.74	
2.76e+07	263.06	1199.51	297.605	1760.18	
2.765e+07	243.028	1425.34	420.61	2088.98	
2.77e+07	266.22	1511.28	481.284	2258.79	
2.775e+07	282.769	1458.79	438.378	2179.94	
2.78e+07	157.845	1894.58	307.5	2359.93	
2.785e+07	153.885	1851.75	208.676	2214.31	
2.79e+07	145.891	1931.1	193.195	2270.19	
2.795e+07	187.381	1924.77	197.349	2309.5	
2.8e+07	108.308	1685.19	267.152	2060.65	
2.805e+07	126.015	1324.72	309.172	1759.91	
2.81e+07	128.841	1234.23	130.279	1493.35	
2.815e+07	125.604	1317.68	87.0666	1530.35	
2.82e+07	113.629	1189.23	192.397	1495.26	
2.825e+07	110.391	871.625	188.683	1170.7	
2.83e+07	191.516	1047.6	292.907	1532.02	
2.835e+07	102.341	1234.56	316.62	1653.52	
2.84e+07	185.151	1362.73	306.685	1854.56	
2.845e+07	209.255	1222.17	312.389	1743.81	
2.85e+07	114.126	1414.44	440.796	1969.37	
2.855e+07	156.777	1018.01	493.091	1667.88	
2.86e+07	213.254	971.525	361.437	1546.22	
2.865e+07	162.617	925.769	549.714	1638.1	
2.87e+07	297.108	804.907	626.59	1728.61	
2.875e+07	388.987	888.361	462.41	1739.76	
2.88e+07	506.581	835.294	397.744	1739.62	
2.885e+07	566.656	776.94	381.445	1725.04	
2.89e+07	615.035	813.684	339.917	1768.64	
2.895e+07	539.66	624.6	290.32	1454.58	
2.9e+07	296.843	575.925	219.559	1092.33	
2.905e+07	297.229	659.087	188.332	1144.65	
2.91e+07	516.344	516.097	319.585	1352.03	
2.915e+07	797.947	520.94	332.028	1650.91	
2.92e+07	711.814	541.766	304.611	1558.19	
2.925e+07	765.936	531.486	253.829	1551.25	
2.93e+07	743.406	665.41	211.934	1620.75	
2.935e+07	671.28	633.429	244.215	1548.92	
2.94e+07	681.677	701.535	239.301	1622.51	
2.945e+07	683.019	601.548	290.804	1575.37	
2.95e+07	661.381	830.038	312.252	1803.67	
2.955e+07	696.256	1152.85	200.189	2049.3	
2.96e+07	962.53	1323.38	244.66	2530.57	
2.965e+07	1202.76	1312.73	249.856	2765.35	
2.97e+07	922.486	1289.75	246.904	2459.14	
2.975e+07	970.792	1106.45	186.233	2263.48	
2.98e+07	789.041	1127.63	393.363	2310.04	
2.985e+07	695.001	1050.97	465.376	2211.34	
2.99e+07	834.368	1073.84	461.037	2369.25	
2.995e+07	557.129	749.502	261.088	1567.72	
3e+07	461.771	626.499	387.515	1475.79	
3.005e+07	409.199	836.674	486.443	1732.32	
3.01e+07	227.68	841.318	462.894	1531.89	
3.015e+07	252.915	762.661	396.338	1411.91	
3.02e+07	187.981	766.194	448.071	1402.25	
3.025e+07	153.334	761.658	263.145	1178.14	
3.03e+07	113.997	735.899	189.526	1039.42	
3.035e+07	202.768	639.868	188.665	1031.3	
3.04e+07	352.362	686.972	230.585	1269.92	
3.045e+07	162.71	420.839	152.599	736.148	
3.05e+07	292.523	459.663	391.685	1143.87	
3.055e+07	455.411	510.757	350.005	1316.17	
3.06e+07	657.162	506.961	263.317	1427.44	
3.065e+07	557.447	551.012	180.084	1288.54	
3.07e+07	635.388	722.051	192.479	1549.92	
3.075e+07	489.524	720.574	143.815	1353.91	
3.08e+07	600.378	793.779	172.641	1566.8	
3.085e+07	754.389	813.061	334.125	1901.58	
3.09e+07	1194.65	566.293	404.359	2165.3	
3.095e+07	1149.3	600.029	307.524	2056.85	
3.1e+07	1103.51	650.096	313.157	2066.77	
3.105e+07	1134.2	659.137	484.526	2277.87	
3.11e+07	1134.87	1026.04	435.113	2596.02	
3.115e+07	1075.72	1526.07	540.465	3142.25	
3.12e+07	1257.48	1525.05	547.648	3330.18	
3.125e+07	1106	1269.87	532.746	2908.62	
3.13e+07	1260.84	1085.6	429.69	2776.13	
3.135e+07	1647.99	1331.68	485.687	3465.35	
3.14e+07	1397.35	905.408	526.779	2829.54	
3.145e+07	1425.77	653.97	745.87	2825.61	
3.15e+07	1487.18	644.03	603.076	2734.29	
3.155e+07	1172.85	807.128	537.753	2517.73	
3.16e+07	976.294	768.378	519.159	2263.83	
3.165e+07	1152.72	653.996	343.171	2149.89	
3.17e+07	1351.81	765.544	581.09	2698.44	
3.175e+07	1524.37	934.926	790.624	3249.92	
3.18e+07	1518.47	682.95	724.004	2925.43	
3.185e+07	1578.3	518.438	685.879	2782.61	
3.19e+07	1342.34	681.854	820.286	2844.48	
3.195e+07	1577.83	717.214	913.656	3208.7	
3.2e+07	1387.78	732.033	1312.29	3432.11	
3.205e+07	1088.03	845.285	1400.15	3333.47	
3.21e+07	1096.48	574.267	1469.55	3140.3	
3.215e+07	1007.37	511.854	1222.97	2742.2	
3.22e+07	794.438	591.944	1341.13	2727.51	
3.225e+07	1086.88	613.427	1086.68	2786.99	
3.23e+07	1101.21	628.105	1290.43	3019.74	
3.235e+07	1255.13	472.457	1241.61	2969.2	
3.24e+07	1177.12	325.923	1210.67	2713.71	
3.245e+07	1363.02	272.89	1392.28	3028.19	
3.25e+07	1491.63	143.847	1491.17	3126.65	
3.255e+07	1523.99	249.401	1422.73	3196.12	
3.26e+07	1326.83	195.134	1782.55	3304.51	
3.265e+07	1109.34	181.97	2065.08	3356.39	
3.27e+07	1175.36	210.758	2041.62	3427.74	
3.275e+07	1356.5	205.389	1595.94	3157.83	
3.28e+07	1722.62	309.996	1528.92	3561.54	
3.285e+07	1673.52	109.488	1256.45	3039.46	
3.29e+07	1560.73	130.993	1072.65	2764.38	
3.295e+07	1452.02	75.8561	1218.32	2746.2	
3.3e+07	1764.29	78.9788	894.164	2737.43	
3.305e+07	2006.84	114.218	863.23	2984.29	
3.31e+07	1429.73	74.1307	972.942	2476.8	
3.315e+07	909.03	87.3048	1022.83	2019.17	
3.32e+07	988.183	82.4354	1100.68	2171.3	
3.325e+07	1077.49	80.5559	1214.31	2372.36	
3.33e+07	864.477	108.872	823.983	1797.33	
3.335e+07	771.532	153.255	942.424	1867.21	
3.34e+07	627.374	178.356	902.475	1708.21	
3.345e+07	376.527	208.108	1025.91	1610.55	
3.35e+07	263.167	143.905	750.068	1157.14	
3.355e+07	507.174	207.877	720.999	1436.05	
3.36e+07	553.684	329.525	770.98	1654.19	
3.365e+07	506.335	502.77	985.17	1994.28	
3.37e+07	532.453	444.127	1072.85	2049.44	
3.375e+07	564.643	384.928	809.015	1758.59	
3.38e+07	584.598	377.572	864.525	1826.7	
3.385e+07	440.389	371.493	1041.16	1853.04	
3.39e+07	554.088	447.977	864.494	1866.56	
3.395e+07	531.441	338.837	799.744	1670.02	
3.4e+07	351.3	601.044	756.694	1709.04	
3.405e+07	492.545	513.481	417.738	1423.76	
3.41e+07	557.562	503.75	247.544	1308.86	
3.415e+07	619.659	471.38	247.611	1338.65	
3.42e+07	519.272	545.088	242.928	1307.29	
3.425e+07	605.71	395.445	250.793	1251.95	
3.43e+07	517.886	322.515	359.24	1199.64	
3.435e+07	512.261	230.608	245.154	988.024	
3.44e+07	488.381	366.402	237.246	1092.03	
3.445e+07	382.212	572.213	195.659	1150.08	
3.45e+07	444.442	451.069	280.847	1176.36	
3.455e+07	569.188	675.417	281.927	1526.53	
3.46e+07	340.497	590.893	391.479	1322.87	
3.465e+07	304.259	601.513	465	1370.77	
3.47e+07	283.183	570.651	518.724	1372.56	
3.475e+07	246.761	657.184	596.357	1500.3	
3.48e+07	288.878	515.833	597.163	1401.87	
3.485e+07	461.739	630.422	571.377	1663.54	
3.49e+07	618.168	723.798	728.89	2070.86	
3.495e+07	403.084	566.637	804.008	1773.73	
3.5e+07	286.261	846.797	806.916	1939.97	
3.505e+07	281.72	612.907	1072.99	1967.62	
3.51e+07	235.996	515.793	1180.44	1932.23	
3.515e+07	235.47	434.402	941.264	1611.14	
3.52e+07	304.679	416.667	738.566	1459.91	
3.525e+07	306.756	424.48	462.342	1193.58	
3.53e+07	251.928	559.143	498.211	1309.28	
3.535e+07	242.701	749.837	403.662	1396.2	
3.54e+07	302.167	791.302	396.709	1490.18	
3.545e+07	391.364	887.446	356.862	1635.67	
3.55e+07	482.244	838.594	330.5	1651.34	
3.555e+07	439.232	611.819	368.238	1419.29	
3.56e+07	444.828	674.79	368.239	1487.86	
3.565e+07	526.061	458.986	308.905	1293.95	
3.57e+07	367.566	378.219	258.428	1004.21	
3.575e+07	402.901	550.804	156.89	1110.59	
3.58e+07	523.004	608.827	250.065	1381.9	
3.585e+07	611.779	369.51	120.521	1101.81	
3.59e+07	600.886	255.798	147.896	1004.58	
3.595e+07	610.363	464.182	74.6844	1149.23	
3.6e+07	588.102	407.374	95.442	1090.92	
3.605e+07	617.837	470.979	117.71	1206.53	
3.61e+07	787.668	563.031	167.221	1517.92	
3.615e+07	1073.82	502.714	189.075	1765.61	
3.62e+07	1062.04	397.389	283.742	1743.17	
3.625e+07	1147.78	319.592	379.15	1846.52	
3.63e+07	1195.34	409.47	269.3	1874.11	
3.635e+07	1428.69	352.469	311.89	2093.05	
3.64e+07	1385.18	259.833	308.434	1953.45	
3.645e+07	1453.94	389.076	355.517	2198.54	
3.65e+07	1229.13	494.949	506.706	2230.78	
3.655e+07	905.832	428.735	434.904	1769.47	
3.66e+07	703.209	444.177	450.933	1598.32	
3.665e+07	700.738	497.434	406.629	1604.8	
3.67e+07	580.509	481.119	532.091	1593.72	
3.675e+07	273.859	461.805	574.066	1309.73	
3.68e+07	211.748	502.033	447.295	1161.08	
3.685e+07	283.396	577.877	390.235	1251.51	
3.69e+07	262.466	398.838	448.975	1110.28	
3.695e+07	184.572	547.614	465.693	1197.88	
3.7e+07	229.136	477.337	423.234	1129.71	
3.705e+07	284.867	711.81	386.551	1383.23	
3.71e+07	214.191	595.549	330.239	1139.98	
3.715e+07	276.563	637.109	420.28	1333.95	
3.72e+07	229.454	823.8	389.134	1442.39	
3.725e+07	329.767	993.151	373.185	1696.1	
3.73e+07	272.05	741.173	201.076	1214.3	
3.735e+07	320.334	815.773	303.065	1439.17	
3.74e+07	430.403	818.288	279.673	1528.37	
3.745e+07	473.065	725.157	282.165	1480.39	
3.75e+07	418.954	800.441	212.797	1432.19	
3.755e+07	314.86	944.179	160.583	1419.62	
3.76e+07	361.198	785.785	259.101	1406.08	
3.765e+07	252.564	902.739	199.962	1355.26	
3.77e+07	253.534	996.588	200.238	1450.36	
3.775e+07	385.423	879.601	176.232	1441.26	
3.78e+07	442.682	915.968	238.987	1597.64	
3.785e+07	544.401	906.621	172.087	1623.11	
3.79e+07	606.902	748.953	198.742	1554.6	
3.795e+07	410.802	712.592	292.418	1415.81	
3.8e+07	610.564	836.645	245.213	1692.42	
3.805e+07	797.235	798.634	149.785	1745.65	
3.81e+07	623.4	743.794	227.333	1594.53	
3.815e+07	451.814	585.516	340.566	1377.9	
3.82e+07	499.634	499.363	270.273	1269.27	
3.825e+07	461.469	435.434	152.739	1049.64	
3.83e+07	257.701	613.115	178.135	1048.95	
3.835e+07	261.397	708.561	231.782	1201.74	
3.84e+07	255.839	655.652	214.223	1125.71	
3.845e+07	294.667	743.9	164.88	1203.45	
3.85e+07	160.138	795.004	269.028	1224.17	
3.855e+07	157.189	662.914	415.007	1235.11	
3.86e+07	83.6242	639.617	589.242	1312.48	
3.865e+07	139.99	629.138	376.158	1145.29	
3.87e+07	171.742	719.487	198.537	1089.77	
3.875e+07	121.677	770.733	288.343	1180.75	
3.88e+07	146.6	764.151	311.625	1222.38	
3.885e+07	121.816	898.423	226.67	1246.91	
3.89e+07	104.188	788.537	153.223	1045.95	
3.895e+07	146.249	745.276	179.04	1070.56	
3.9e+07	231.126	757.452	290.9	1279.48	
3.905e+07	305.19	740.86	266.391	1312.44	
3.91e+07	250.458	597.917	186.99	1035.37	
3.915e+07	228.531	611.567	246.027	1086.13	
3.92e+07	206.084	483.39	254.005	943.48	
3.925e+07	225.429	590.95	312.42	1128.8	
3.93e+07	208.782	696.92	390.37	1296.07	
3.935e+07	181.296	634.852	458.886	1275.03	
3.94e+07	243.15	570.816	411.036	1225	
3.945e+07	309.186	551.464	449.018	1309.67	
3.95e+07	288.636	696.756	298.903	1284.29	
3.955e+07	331.698	879.129	330.033	1540.86	
3.96e+07	281.701	1129.96	289.513	1701.17	
3.965e+07	304.255	1206.68	457.495	1968.43	
3.97e+07	291.611	982.536	575.124	1849.27	
3.975e+07	402.917	855.368	671.089	1929.37	
3.98e+07	373.41	904.786	583.875	1862.07	
3.985e+07	373.073	792.695	525.601	1691.37	
3.99e+07	412.046	777.164	358.525	1547.74	
3.995e+07	437.757	743.596	457.049	1638.4	
4e+07	486.271	1006.89	453.874	1947.04	
4.005e+07	362.609	914.765	695.542	1972.92	
4.01e+07	342.209	999.754	704.553	2046.52	
4.015e+07	271.338	849.513	855.641	1976.49	
4.02e+07	266.477	946.552	711.149	1924.18	
4.025e+07	335.976	768.394	554.481	1658.85	
4.03e+07	362.814	946.135	399.683	1708.63	
4.035e+07	263.832	529.944	492.717	1286.49	
4.04e+07	366.379	522.844	434.489	1323.71	
4.045e+07	310.107	693.043	437.495	1440.65	
4.05e+07	317.689	546.228	402.842	1266.76	
4.055e+07	389.87	705.78	249.703	1345.35	
4.06e+07	349.31	846.574	155.982	1351.87	
4.065e+07	312.134	640.523	132.17	1084.83	
4.07e+07	212.835	475.537	125.64	814.012	
4.075e+07	176.817	426.702	91.6302	695.149	
4.08e+07	240.708	587.219	139.205	967.132	
4.085e+07	167.895	770.039	148.009	1085.94	
4.09e+07	148.455	1031.15	152.488	1332.09	
4.095e+07	75.3548	958.188	411.337	1444.88	
4.1e+07	107.201	848.4	436	1391.6	
4.105e+07	58.2837	1125.6	406.572	1590.46	
4.11e+07	91.5498	834.309	311.855	1237.71	
4.115e+07	83.9187	987.523	524.515	1595.96	
4.12e+07	70.0028	969.54	535.845	1575.39	
4.125e+07	93.5644	1121.61	390.469	1605.64	
4.13e+07	131.271	1183.69	370.575	1685.53	
4.135e+07	154.1	1192.77	466.969	1813.84	
4.14e+07	124.799	1197.35	404.855	1727.01	
4.145e+07	249.843	1216.16	378.911	1844.91	
4.15e+07	340.853	1280.14	364.105	1985.09	
4.155e+07	294.318	1221.33	294.144	1809.79	
4.16e+07	340.639	923.075	321.453	1585.17	
4.165e+07	232.771	789.776	327.6	1350.15	
4.17e+07	146.424	801.298	198.212	1145.93	
4.175e+07	227.786	744.789	149.712	1122.29	
4.18e+07	245.959	1157.49	162.294	1565.74	
4.185e+07	234.857	1001.19	182.463	1418.51	
4.19e+07	168.458	956.305	377.569	1502.33	
4.195e+07	165.589	1026.51	457.045	1649.14	
4.2e+07	428.395	848.078	455.206	1731.68	
4.205e+07	721.19	598.689	407.434	1727.31	
4.21e+07	692.026	448.525	400.077	1540.63	
4.215e+07	755.877	721.654	389.736	1867.27	
4.22e+07	905.524	718.246	317.519	1941.29	
4.225e+07	1121.23	646.155	355.858	2123.25	
4.23e+07	1780.19	590.268	416.678	2787.13	
4.235e+07	1995.19	691.765	311.674	2998.63	
4.24e+07	2093.5	843.781	395.497	3332.78	
4.245e+07	2002.68	880.508	603.618	3486.8	
4.25e+07	1714.46	704.846	750.592	3169.9	
4.255e+07	1367.14	517.107	725.088	2609.34	
4.26e+07	1373.82	507.436	920.32	2801.58	
4.265e+07	1482.74	626.883	709.585	2819.21	
4.27e+07	1396.28	805.051	553.237	2754.57	
4.275e+07	1205.27	702.892	644.893	2553.06	
4.28e+07	1187.98	841.016	469.094	2498.09	
4.285e+07	1153.37	941.838	368.308	2463.51	
4.29e+07	1026.21	1183.93	438.608	2648.74	
4.295e+07	1310.68	1222.23	430.568	2963.48	
4.3e+07	1448.58	1309.87	487.918	3246.37	
4.305e+07	1305.77	1631.93	273.378	3211.07	
4.31e+07	1506.89	1855.58	361.98	3724.45	
4.315e+07	978.263	1653.99	323.92	2956.17	
4.32e+07	980.656	1683.44	461.195	3125.3	
4.325e+07	828.393	1839.08	429.435	3096.91	
4.33e+07	643.582	1489.49	518.344	2651.41	
4.335e+07	504.662	1644.99	426.935	2576.59	
4.34e+07	568.609	1620.19	418.122	2606.93	
4.345e+07	519.647	1526.12	291.084	2336.85	
4.35e+07	555	2022.31	209.408	2786.72	
4.355e+07	631.287	1926.04	155.308	2712.64	
4.36e+07	484.44	1911.41	164.913	2560.76	
4.365e+07	473.744	2051.69	136.601	2662.04	
4.37e+07	602.861	1714.36	74.9175	2392.14	
4.375e+07	426.784	1448.8	114.514	1990.09	
4.38e+07	373.332	1414.72	137.839	1925.89	
4.385e+07	324.634	1073.44	185.551	1583.63	
4.39e+07	535.551	977.863	136.375	1649.79	
4.395e+07	409.205	833.324	222.512	1465.04	
4.4e+07	339.954	907.803	258.396	1506.15	
4.405e+07	357.783	778.82	267.603	1404.21	
4.41e+07	470.808	767.437	264.419	1502.66	
4.415e+07	260.912	996.685	453.649	1711.25	
4.42e+07	216.01	918.275	560.79	1695.08	
4.425e+07	225.239	937.369	714.326	1876.93	
4.43e+07	323.031	1033.03	770.879	2126.94	
4.435e+07	433.105	1003.6	402.807	1839.51	
4.44e+07	320.759	843.732	438.961	1603.45	
4.445e+07	294.439	766.278	372.249	1432.97	
4.45e+07	414.376	685.397	279.862	1379.63	
4.455e+07	368.46	587.948	281.514	1237.92	
4.46e+07	300.181	610.785	386.479	1297.45	
4.465e+07	608.63	747.816	300.901	1657.35	
4.47e+07	623.322	832.906	230.864	1687.09	
4.475e+07	603.026	655.906	209.383	1468.32	
4.48e+07	520.725	522.152	207.882	1250.76	
4.485e+07	518.295	336.321	485.246	1339.86	
4.49e+07	509.492	295.515	489.74	1294.75	
4.495e+07	488.758	449.551	408.097	1346.41	
4.5e+07	468.127	305.19	462.905	1236.22	
4.505e+07	405.639	423.379	335.867	1164.88	
4.51e+07	433.137	528.15	321.609	1282.9	
4.515e+07	342.853	532.532	291.344	1166.73	
4.52e+07	276.08	348.349	278.921	903.35	
4.525e+07	677.992	360.409	282.738	1321.14	
4.53e+07	501.499	422.738	257.477	1181.72	
4.535e+07	394.284	494.742	170.849	1059.87	
4.54e+07	297.43	740.219	161.727	1199.38	
4.545e+07	368.19	467.523	122.994	958.706	
4.55e+07	337.23	469.046	107.875	914.151	
4.555e+07	399.494	501.564	181.832	1082.89	
4.56e+07	438.089	662.673	155.446	1256.21	
4.565e+07	444.602	659.265	221.086	1324.95	
4.57e+07	262.644	458.499	107.451	828.594	
4.575e+07	213.71	419.747	109.373	742.83	
4.58e+07	180.249	270.341	222.285	672.875	
4.585e+07	219.826	439.102	150.75	809.678	
4.59e+07	273.219	412.471	183.769	869.459	
4.595e+07	231.14	392.529	332.201	955.87	
4.6e+07	162.249	459.157	291.78	913.186	
4.605e+07	147.315	487.104	402.53	1036.95	
4.61e+07	153.26	705.017	438.312	1296.59	
4.615e+07	199.576	619.112	371.553	1190.24	
4.62e+07	181.153	592.063	534.79	1308.01	
4.625e+07	78.6404	836.794	429.775	1345.21	
4.63e+07	57.9468	955.914	307.473	1321.33	
4.635e+07	92.691	1085.63	223.432	1401.75	
4.64e+07	184.585	1088.37	182.774	1455.73	
4.645e+07	210.248	1144.28	242.884	1597.41	
4.65e+07	203.804	917.787	237.136	1358.73	
4.655e+07	142.248	810.252	153.772	1106.27	
4.66e+07	111.883	885.947	94.5824	1092.41	
4.665e+07	210.719	922.44	156.555	1289.71	
4.67e+07	355.385	797.108	152.922	1305.41	
4.675e+07	324.659	725.569	204.462	1254.69	
4.68e+07	199.744	812.484	250.184	1262.41	
4.685e+07	263.975	579.188	258.509	1101.67	
4.69e+07	242.61	636.72	282.671	1162	
4.695e+07	249.304	364.118	121.88	735.302	
4.7e+07	188.705	327.204	135.191	651.099	
4.705e+07	256.182	217.252	190.938	664.372	
4.71e+07	276.729	337.613	170.392	784.735	
4.715e+07	271.682	459.923	143.293	874.899	
4.72e+07	154.76	454.192	106.659	715.611	
4.725e+07	250.229	169.476	285.574	705.278	
4.73e+07	319.431	169.078	256.039	744.549	
4.735e+07	166.338	231.926	324.352	722.617	
4.74e+07	210.622	202.982	464.491	878.095	
4.745e+07	176.735	336.419	344.712	857.866	
4.75e+07	182.097	438.774	327.693	948.565	
4.755e+07	90.7223	375.294	478.287	944.304	
4.76e+07	108.898	554.62	544.722	1208.24	
4.765e+07	29.7325	508.298	774.994	1313.02	
4.77e+07	96.7698	738.099	433.621	1268.49	
4.775e+07	121.061	729.306	458.908	1309.28	
4.78e+07	55.2536	864.966	560.785	1481	
4.785e+07	111.685	684.411	488.911	1285.01	
4.79e+07	248.734	1019.64	390.672	1659.04	
4.795e+07	290.694	1043.85	478.937	1813.48	
4.8e+07	287.046	1092.93	325.792	1705.77	
4.805e+07	334.592	1033.92	303.401	1671.91	
4.81e+07	332.378	800.327	420.177	1552.88	
4.815e+07	304.721	800.326	290.146	1395.19	
4.82e+07	266.86	714.305	362.163	1343.33	
4.825e+07	413.651	899.959	406.584	1720.19	
4.83e+07	309.463	911.995	561.318	1782.78	
4.835e+07	218.528	807.572	607.03	1633.13	
4.84e+07	274.414	767.271	436.541	1478.23	
4.845e+07	267.956	974.341	618.869	1861.17	
4.85e+07	205.255	852.162	623.108	1680.53	
4.855e+07	223.13	729.94	570.139	1523.21	
4.86e+07	340.027	856.045	457.816	1653.89	
4.865e+07	301.887	845.665	313.637	1461.19	
4.87e+07	489.092	636.587	420.645	1546.33	
4.875e+07	549.613	779.119	551.922	1880.65	
4.88e+07	444.223	699.717	548.661	1692.6	
4.885e+07	548.189	721.967	343.082	1613.24	
4.89e+07	580.333	852.743	529.019	1962.09	
4.895e+07	607.271	1432.97	515.327	2555.56	
4.9e+07	723.665	1418.27	377.425	2519.36	
4.905e+07	422.082	1591.92	485.565	2499.56	
4.91e+07	374.649	1363.83	443.792	2182.27	
4.915e+07	421.804	1476.06	455.36	2353.22	
4.92e+07	421.162	1857.57	548.413	2827.14	
4.925e+07	497.351	1443.82	490.493	2431.66	
4.93e+07	455.882	1092.19	492.695	2040.77	
4.935e+07	255.67	771.05	762.674	1789.39	
4.94e+07	416.001	794.616	881.117	2091.73	
4.945e+07	557.316	733.636	1028.76	2319.71	
4.95e+07	422.086	601.913	893.796	1917.8	
4.955e+07	408.458	697.368	828.622	1934.45	
4.96e+07	335.049	822.045	961.869	2118.96	
4.965e+07	405.08	683.49	962.647	2051.22	
4.97e+07	333.622	658.763	841.812	1834.2	
4.975e+07	295.361	550.916	945.649	1791.93	
4.98e+07	450.261	535.318	888.167	1873.75	
4.985e+07	434.243	498.96	791.926	1725.13	
4.99e+07	570.813	481.343	671.244	1723.4	
4.995e+07	595.079	493.569	553.336	1641.98	
5e+07	644.108	462.801	652.15	1759.06	
5.005e+07	794.464	330.455	743.309	1868.23	
5.01e+07	608.818	348.204	856.48	1813.5	
5.015e+07	265.184	300.576	1198.75	1764.51	
5.02e+07	321.503	385.4	1222.94	1929.85	
5.025e+07	320.426	278.002	951.784	1550.21	
5.03e+07	196.958	364.297	1010.97	1572.23	
5.035e+07	226.434	236.176	1059.31	1521.92	
5.04e+07	270.965	127.818	1226.32	1625.11	
5.045e+07	294.525	179.415	1273.47	1747.41	
5.05e+07	352.977	74.4555	1712.6	2140.03	
5.055e+07	446.548	77.6057	2046.77	2570.93	
5.06e+07	422.42	88.2636	1768.52	2279.21	
5.065e+07	438.59	129.285	1673.34	2241.22	
5.07e+07	463.081	90.9844	1426.24	1980.3	
5.075e+07	403.45	44.591	1466.72	1914.76	
5.08e+07	458.09	50.884	1422.07	1931.05	
5.085e+07	355.506	61.2519	1072.32	1489.08	
5.09e+07	184.852	91.2537	1172.58	1448.69	
5.095e+07	271.474	98.4575	963.565	1333.5	
5.1e+07	262.167	78.462	867.519	1208.15	
5.105e+07	402.541	81.8027	786.531	1270.87	
5.11e+07	414.537	88.6281	565.56	1068.72	
5.115e+07	545.74	64.7855	390.582	1001.11	
5.12e+07	327.327	50.3075	519.342	896.977	
5.125e+07	295.513	122.699	483.919	902.131	
5.13e+07	256.833	126.556	449.344	832.733	
5.135e+07	214.219	104.21	457.668	776.097	
5.14e+07	130.655	217.142	542.987	890.784	
5.145e+07	157.834	320.85	416.285	894.969	
5.15e+07	154.081	202.035	427.596	783.712	
5.155e+07	84.422	230.164	303.936	618.522	
5.16e+07	82.885	292.104	336.769	711.757	
5.165e+07	87.7269	316.567	230.696	634.99	
5.17e+07	99.6928	246.46	192.513	538.666	
5.175e+07	207.328	363.985	275.533	846.846	
5.18e+07	317.864	351.557	254.442	923.863	
5.185e+07	265.807	308.282	172.587	746.675	
5.19e+07	355.242	470.275	444.714	1270.23	
5.195e+07	279.565	327.926	535.471	1142.96	
5.2e+07	219.841	183.782	467.06	870.682	
5.205e+07	239.333	116.675	488.598	844.606	
5.21e+07	282.821	211.423	497.395	991.639	
5.215e+07	266.695	262.698	691.53	1220.92	
5.22e+07	469.414	249.891	536.853	1256.16	
5.225e+07	399.798	272.24	447.868	1119.91	
5.23e+07	674.384	302.592	271.444	1248.42	
5.235e+07	628.276	335.659	348.981	1312.92	
5.24e+07	872.211	240.725	246.926	1359.86	
5.245e+07	685.3	238.342	130.035	1053.68	
5.25e+07	784.154	212.795	230.989	1227.94	
5.255e+07	548.246	276.448	266.18	1090.87	
5.26e+07	604.791	342.464	280.47	1227.73	
5.265e+07	721.454	354.259	202.096	1277.81	
5.27e+07	1083.94	406.6	294.636	1785.18	
5.275e+07	1193.52	437.055	150.616	1781.19	
5.28e+07	1283.79	400.36	211.88	1896.03	
5.285e+07	1084.81	279.158	269.498	1633.46	
5.29e+07	1179.38	273.399	549.2	2001.98	
5.295e+07	886.324	501.112	645.019	2032.45	
5.3e+07	644.76	555.421	474.952	1675.13	
5.305e+07	614.568	524.254	433.044	1571.87	
5.31e+07	822.615	534.246	299.17	1656.03	
5.315e+07	1137.34	573.132	285.344	1995.81	
5.32e+07	1031.59	361.834	252.365	1645.79	
5.325e+07	863.028	469.017	326.31	1658.36	
5.33e+07	874.001	436.357	366.857	1677.21	
5.335e+07	661.458	451.01	335.764	1448.23	
5.34e+07	545.287	683.424	392.61	1621.32	
5.345e+07	461.297	486.235	521.326	1468.86	
5.35e+07	750.176	537.743	438.571	1726.49	
5.355e+07	817.559	379.734	285.953	1483.25	
5.36e+07	790.993	262.169	401.602	1454.76	
5.365e+07	779.474	382.746	302.222	1464.44	
5.37e+07	512.173	486.149	490.451	1488.77	
5.375e+07	515.115	385.748	497.55	1398.41	
5.38e+07	591.497	392.636	651.242	1635.38	
5.385e+07	669.092	397.259	768.924	1835.28	
5.39e+07	827.784	430.919	525.814	1784.52	
5.395e+07	1011.13	295.442	467.608	1774.18	
5.4e+07	1059.62	342.108	432.811	1834.54	
5.405e+07	916.849	245.056	638.244	1800.15	
5.41e+07	1163.28	311.795	609.176	2084.25	
5.415e+07	1375.06	385.563	740.194	2500.82	
5.42e+07	1486.28	385.706	640.704	2512.69	
5.425e+07	1709.78	689.538	387.112	2786.43	
5.43e+07	1637.88	569.811	369.934	2577.63	
5.435e+07	1602.19	646.503	550.278	2798.97	
5.44e+07	1759.97	521.504	540.343	2821.82	
5.445e+07	1991.25	297.992	463.215	2752.46	
5.45e+07	1496.03	339.445	582.999	2418.48	
5.455e+07	1562.52	410.914	732.524	2705.96	
5.46e+07	1706.13	297.15	758.502	2761.78	
5.465e+07	1804.23	526.891	423.769	2754.89	
5.47e+07	2046.84	301.49	643.801	2992.13	
5.475e+07	2407.67	347.791	544.898	3300.35	
5.48e+07	2218.13	273.406	453.066	2944.6	
5.485e+07	2039.74	426.445	411.18	2877.36	
5.49e+07	2361.74	305.412	687.522	3354.68	
5.495e+07	2620.24	447.438	549.353	3617.03	
5.5e+07	3036.11	491.661	455.539	3983.31	
5.505e+07	3259.27	518.418	362.564	4140.26	
5.51e+07	3398.27	549.163	171.236	4118.67	
5.515e+07	2944.24	579.463	129.786	3653.48	
5.52e+07	3037.43	508.337	190.411	3736.17	
5.525e+07	3150.46	451.557	226.079	3828.1	
5.53e+07	3161.18	313.14	199.631	3673.96	
5.535e+07	3390.41	169.357	190.745	3750.51	
5.54e+07	3160.72	119.822	216.432	3496.97	
5.545e+07	2843.36	248.139	378.24	3469.74	
5.55e+07	2451.8	366.38	287.968	3106.15	
5.555e+07	1959.53	553.412	416.609	2929.55	
5.56e+07	2239.99	433.219	432.248	3105.46	
5.565e+07	1893.68	420.392	432.345	2746.42	
5.57e+07	1695.45	419.813	280.209	2395.47	
5.575e+07	1676.07	537.162	300.876	2514.11	
5.58e+07	1617.05	410.466	225.771	2253.29	
5.585e+07	1360.79	286.099	276.814	1923.7	
5.59e+07	1573.82	272.09	208.543	2054.45	
5.595e+07	1280.81	188.545	275.51	1744.86	
5.6e+07	1209.19	272.673	324.63	1806.49	
5.605e+07	1101.59	305.831	281.874	1689.3	
5.61e+07	1162.49	455.086	309.978	1927.55	
5.615e+07	1508.34	343.828	294.786	2146.95	
5.62e+07	1396.21	395.775	274.557	2066.54	
5.625e+07	1304.54	413.916	521.362	2239.82	
5.63e+07	1477.58	476.149	537.546	2491.28	
5.635e+07	1803.15	357.964	728.92	2890.03	
5.64e+07	1648.5	587.184	550.539	2786.23	
5.645e+07	1393.16	604.126	164.185	2161.48	
5.65e+07	1579.28	725.515	232.571	2537.37	
5.655e+07	1623.11	616.849	237.158	2477.12	
5.66e+07	1984.82	529.014	425.879	2939.71	
5.665e+07	1785.5	626.741	353.011	2765.26	
5.67e+07	1853.27	406.357	551.101	2810.73	
5.675e+07	2277.04	384.228	505.552	3166.82	
5.68e+07	2096.86	358.67	607.066	3062.6	
5.685e+07	2193.09	563.338	547.288	3303.71	
5.69e+07	2065.03	742.297	670.779	3478.11	
5.695e+07	1920.13	682.741	805.806	3408.67	
5.7e+07	1577.81	742.102	789.783	3109.7	
5.705e+07	1879.63	692.563	981.267	3553.46	
5.71e+07	1991.3	704.525	973.03	3668.86	
5.715e+07	1909.07	478.486	957.51	3345.07	
5.72e+07	1371.1	495.769	854.353	2721.22	
5.725e+07	1709.2	530.407	518.299	2757.91	
5.73e+07	1704.8	600.909	612.439	2918.15	
5.735e+07	1610.01	546.251	754.8	2911.06	
5.74e+07	1519.54	479.77	922.535	2921.85	
5.745e+07	1340.92	381.327	1358.46	3080.72	
5.75e+07	1349.2	566.394	1305.02	3220.61	
5.755e+07	1069.52	731.646	1121.84	2923	
5.76e+07	911.112	652.726	669.83	2233.67	
5.765e+07	1086.01	617.79	700.08	2403.88	
5.77e+07	1006.57	1194.61	861.69	3062.87	
5.775e+07	768.08	748.019	1127.11	2643.21	
5.78e+07	976.628	602.892	1128.68	2708.2	
5.785e+07	1085.21	615.769	1069.42	2770.39	
5.79e+07	926.605	671.684	868.766	2467.05	
5.795e+07	812.072	652.47	889.051	2353.59	
5.8e+07	635.175	547.047	968.704	2150.93	
5.805e+07	638.145	679.072	792.117	2109.33	
5.81e+07	686.142	817.6	727.656	2231.4	
5.815e+07	497.256	800.568	796.668	2094.49	
5.82e+07	501.102	730.114	723.43	1954.65	
5.825e+07	453.64	715.179	594.186	1763.01	
5.83e+07	465.004	498.506	821.538	1785.05	
5.835e+07	385.255	653.367	734.763	1773.38	
5.84e+07	303.864	655.518	941.906	1901.29	
5.845e+07	272.182	713.017	743.067	1728.27	
5.85e+07	371.739	728.007	628.425	1728.17	
5.855e+07	429.527	592.315	778.035	1799.88	
5.86e+07	445.089	906.273	726.6	2077.96	
5.865e+07	481.753	1075.7	720.174	2277.62	
5.87e+07	443.481	1367.57	1021.22	2832.27	
5.875e+07	523.092	1683.76	1193.97	3400.83	
5.88e+07	358.429	1723.59	1378.57	3460.59	
5.885e+07	453.289	1601.09	980.055	3034.43	
5.89e+07	600.602	1247.83	816.254	2664.69	
5.895e+07	846.462	1429.42	817.409	3093.29	
5.9e+07	1125.21	1451.63	794.264	3371.11	
5.905e+07	963.939	1124.32	1018.82	3107.08	
5.91e+07	1090.72	946.891	1158.73	3196.34	
5.915e+07	742.884	1170.05	870.462	2783.39	
5.92e+07	554.161	1610.08	674.887	2839.13	
5.925e+07	551.217	1330.83	477.576	2359.63	
5.93e+07	503.348	1094.31	420.475	2018.13	
5.935e+07	454.447	1081.92	174.194	1710.56	
5.94e+07	443.745	988.689	367.353	1799.79	
5.945e+07	730.888	1104.71	236.379	2071.97	
5.95e+07	885.018	1071.44	192.075	2148.54	
5.955e+07	933.082	1235.02	271.355	2439.45	
5.96e+07	871.719	1260.07	165.234	2297.02	
5.965e+07	879.437	860.984	243.936	1984.36	
5.97e+07	854.784	623.458	388.502	1866.74	
5.975e+07	677.592	562.89	338.809	1579.29	
5.98e+07	493.766	614.156	234.453	1342.37	
5.985e+07	350.98	660.238	326.377	1337.59	
5.99e+07	427.276	766.344	221.831	1415.45	
5.995e+07	397.69	933.194	153.985	1484.87	
6e+07	472.429	641.83	149.707	1263.97	
6.005e+07	483.648	660.803	217.275	1361.73	
6.01e+07	453.138	816.597	241.441	1511.18	
6.015e+07	369.864	724.451	205.075	1299.39	
6.02e+07	331.034	521.567	184.36	1036.96	
6.025e+07	259.585	757.372	112.738	1129.7	
6.03e+07	338.943	727.33	175.518	1241.79	
6.035e+07	246.147	757.604	233.057	1236.81	
6.04e+07	136.661	766.566	280.441	1183.67	
6.045e+07	112.989	964.646	287.08	1364.71	
6.05e+07	144.687	1348.08	310.975	1803.74	
6.055e+07	121.807	1257.06	335.64	1714.5	
6.06e+07	199.247	1278.36	507.322	1984.93	
6.065e+07	252.421	1821.16	514.855	2588.44	
6.07e+07	309.614	1740.39	349.341	2399.35	
6.075e+07	339.451	1949.09	297.758	2586.3	
6.08e+07	422.389	1965.94	362.864	2751.19	
6.085e+07	287.955	2245.27	366.729	2899.95	
6.09e+07	285.144	2334.2	349.691	2969.04	
6.095e+07	323.134	2633.17	258.896	3215.2	
6.1e+07	256.518	2508.87	345.124	3110.51	
6.105e+07	223.231	2885.14	328.998	3437.37	
6.11e+07	217.625	2975.12	276.598	3469.35	
6.115e+07	267.764	2767.24	259.693	3294.69	
6.12e+07	191.373	2635.35	179.492	3006.22	
6.125e+07	304.763	2904.49	135.298	3344.55	
6.13e+07	470.075	2281.26	177.954	2929.29	
6.135e+07	694.531	2289.87	203.818	3188.22	
6.14e+07	829.972	1798.6	179.238	2807.81	
6.145e+07	764.495	1711.05	173.772	2649.31	
6.15e+07	713.232	1438.85	216.977	2369.06	
6.155e+07	740.472	1283.47	124.105	2148.05	
6.16e+07	855.28	1251.38	149.899	2256.56	
6.165e+07	1049.82	1359.69	252.119	2661.63	
6.17e+07	642.081	983.013	131.059	1756.15	
6.175e+07	521.577	1121.88	193.46	1836.92	
6.18e+07	589.29	1006.91	290.004	1886.2	
6.185e+07	759.53	1066.31	286.452	2112.29	
6.19e+07	826.508	922.264	573.709	2322.48	
6.195e+07	780.152	986.129	432.261	2198.54	
6.2e+07	559.844	928.72	385.438	1874	
6.205e+07	789.374	922.813	288.935	2001.12	
6.21e+07	591.262	928.183	470.923	1990.37	
6.215e+07	623.105	1050.54	593.781	2267.43	
6.22e+07	594.658	948.989	604.947	2148.59	
6.225e+07	575.481	889.177	597.919	2062.58	
6.23e+07	549.425	738.985	510.57	1798.98	
6.235e+07	634.212	567.185	467.448	1668.85	
6.24e+07	620.182	398.428	386.808	1405.42	
6.245e+07	513.66	320.81	337.719	1172.19	
6.25e+07	774.648	469.653	233.041	1477.34	
6.255e+07	512.625	759.43	204.219	1476.27	
6.26e+07	593.472	617.946	211.692	1423.11	
6.265e+07	418.01	602.971	154.384	1175.37	
6.27e+07	417.561	438.007	145.107	1000.68	
6.275e+07	347.645	343.312	221.319	912.275	
6.28e+07	498.736	422.493	264.661	1185.89	
6.285e+07	418.536	467.563	187.121	1073.22	
6.29e+07	592.076	489.124	186.749	1267.95	
6.295e+07	564.371	301.207	158.603	1024.18	
6.3e+07	606.674	289.645	210.784	1107.1	
6.305e+07	731.742	415.39	234.877	1382.01	
6.31e+07	482.678	368.314	277.268	1128.26	
6.315e+07	520.005	371.482	287.902	1179.39	
6.32e+07	593.625	355.808	395.716	1345.15	
6.325e+07	661.992	430.882	423.383	1516.26	
6.33e+07	672.826	458.477	387.89	1519.19	
6.335e+07	466.113	530.704	352.642	1349.46	
6.34e+07	353.728	344.781	483.729	1182.24	
6.345e+07	427.808	251.285	477.501	1156.59	
6.35e+07	524.996	261.168	424.756	1210.92	
6.355e+07	518.424	234.585	356.728	1109.74	
6.36e+07	399.41	249.795	420.945	1070.15	
6.365e+07	197.512	286.427	662.779	1146.72	
6.37e+07	335.242	348.713	657.755	1341.71	
6.375e+07	306.635	249.373	571.385	1127.39	
6.38e+07	327.1	237.039	531.351	1095.49	
6.385e+07	340.485	199.177	804.571	1344.23	
6.39e+07	364.759	207.137	833.611	1405.51	
6.395e+07	298.804	234.194	644.118	1177.12	
6.4e+07	297.285	338.423	485.186	1120.89	
6.405e+07	313.776	374.693	436.627	1125.1	
6.41e+07	155.389	478.388	416.961	1050.74	
6.415e+07	82.6788	450.794	541.634	1075.11	
6.42e+07	153.834	546.381	577.568	1277.78	
6.425e+07	171.389	660.04	427.412	1258.84	
6.43e+07	107.477	560.192	350.492	1018.16	
6.435e+07	79.746	384.782	234.764	699.293	
6.44e+07	72.373	447.796	466.144	986.313	
6.445e+07	108.67	338.372	302.406	749.448	
6.45e+07	113.249	465.753	166.956	745.957	
6.455e+07	161.583	463.701	134.761	760.045	
6.46e+07	200.552	589.914	171.294	961.76	
6.465e+07	240.988	554.534	219.592	1015.11	
6.47e+07	339.009	581.615	237.291	1157.92	
6.475e+07	293.778	654.067	194.921	1142.77	
6.48e+07	417.652	837.436	236.858	1491.95	
6.485e+07	289.042	1012.11	234.911	1536.06	
6.49e+07	478.655	818.724	282.659	1580.04	
6.495e+07	485.033	766.713	289.565	1541.31	
6.5e+07	521.229	676.144	433.618	1630.99	
6.505e+07	566.287	739.48	459.666	1765.43	
6.51e+07	486.348	959.776	591.72	2037.84	
6.515e+07	232.893	1268.37	694.193	2195.46	
6.52e+07	292.163	1048.41	504.367	1844.94	
6.525e+07	221.707	1098.84	360.842	1681.39	
6.53e+07	199.055	813.19	326.573	1338.82	
6.535e+07	236.69	810.544	331.301	1378.54	
6.54e+07	395.746	705.136	606.58	1707.46	
6.545e+07	457.206	811.947	348.743	1617.9	
6.55e+07	697.922	741.838	378.917	1818.68	
6.555e+07	710.149	760.793	366.424	1837.37	
6.56e+07	760.898	637.74	336.624	1735.26	
6.565e+07	579.966	701.251	386.336	1667.55	
6.57e+07	467.957	678.403	220.748	1367.11	
6.575e+07	583.321	835.966	176.431	1595.72	
6.58e+07	416.469	921.91	128.457	1466.84	
6.585e+07	363.165	782.621	140.353	1286.14	
6.59e+07	286.924	726.181	125.747	1138.85	
6.595e+07	225.352	534.656	149.664	909.672	
6.6e+07	244.432	484.683	156.73	885.845	
6.605e+07	305.326	327.102	136.271	768.699	
6.61e+07	401.809	272.144	104.36	778.313	
6.615e+07	499.117	289.673	95.54	884.33	
6.62e+07	472.884	312.036	111.346	896.266	
6.625e+07	572.897	332.475	169.854	1075.23	
6.63e+07	594.992	222.984	137.884	955.86	
6.635e+07	466.223	255.537	219.571	941.332	
6.64e+07	460.409	169.929	160.751	791.089	
6.645e+07	380.125	133.978	163.396	677.5	
6.65e+07	550.934	107.12	69.8057	727.86	
6.655e+07	715.964	108.515	145.924	970.403	
6.66e+07	789.633	137.06	115.737	1042.43	
6.665e+07	775.875	175.979	119.425	1071.28	
6.67e+07	796.924	184.37	165.55	1146.84	
6.675e+07	959.649	214.798	280.576	1455.02	
6.68e+07	555.508	201.319	443.794	1200.62	
6.685e+07	543.147	392.034	492.073	1427.25	
6.69e+07	549.872	726.157	368.354	1644.38	
6.695e+07	431.389	650.427	334.585	1416.4	
6.7e+07	435.571	401.876	417.291	1254.74	
6.705e+07	513.793	303.774	635.574	1453.14	
6.71e+07	577.905	245.974	801.209	1625.09	
6.715e+07	417.41	265.427	632.426	1315.26	
6.72e+07	425.997	342.217	632.318	1400.53	
6.725e+07	441.581	443.527	693.872	1578.98	
6.73e+07	415.199	306.904	467.579	1189.68	
6.735e+07	404.642	247.162	439.232	1091.04	
6.74e+07	354.2	211.07	626.078	1191.35	
6.745e+07	143.881	190.71	637.589	972.181	
6.75e+07	203.312	176.886	423.747	803.946	
6.755e+07	225.854	191.88	368.94	786.675	
6.76e+07	476.646	166.777	319.208	962.631	
6.765e+07	454.02	163.602	360.099	977.721	
6.77e+07	336.424	118.175	377.03	831.629	
6.775e+07	392.664	114.451	511.948	1019.06	
6.78e+07	575.68	84.1976	549.713	1209.59	
6.785e+07	589.327	97.881	320.339	1007.55	
6.79e+07	537.537	111.737	345.445	994.72	
6.795e+07	503.892	200.384	264.854	969.13	
6.8e+07	379.58	120.593	183.303	683.476	
6.805e+07	455.394	169.521	192.236	817.151	
6.81e+07	271.623	118.515	203.764	593.902	
6.815e+07	362.009	109.98	320.818	792.806	
6.82e+07	362.838	177.652	198.894	739.383	
6.825e+07	577.173	234.889	124.486	936.548	
6.83e+07	672.164	186.72	230.391	1089.28	
6.835e+07	496.085	136.504	169.104	801.693	
6.84e+07	556.841	154.536	269.281	980.658	
6.845e+07	437.196	234.088	199.78	871.065	
6.85e+07	459.121	224.196	96.3506	779.668	
6.855e+07	454.43	151.651	232.566	838.647	
6.86e+07	289.855	225.502	160.083	675.44	
6.865e+07	220.368	401.615	113.435	735.418	
6.87e+07	262.366	546.939	106.331	915.637	
6.875e+07	219.784	476.628	200.04	896.453	
6.88e+07	248.708	538.156	172.51	959.374	
6.885e+07	196.742	630.677	213.006	1040.43	
6.89e+07	273.216	725.381	256.198	1254.79	
6.895e+07	237.319	1016.36	373.346	1627.03	
6.9e+07	285.559	1197.77	348.463	1831.79	
6.905e+07	401.414	1213.12	506.674	2121.21	
6.91e+07	340.848	951.66	529.408	1821.92	
6.915e+07	318.475	746.447	693.918	1758.84	
6.92e+07	201.183	578.722	602.42	1382.33	
6.925e+07	179.898	755.389	462.009	1397.3	
6.93e+07	163.029	637.583	552.3	1352.91	
6.935e+07	212.634	545.246	649.797	1407.68	
6.94e+07	201.125	745.986	420.993	1368.1	
6.945e+07	212.438	740.959	272.732	1226.13	
6.95e+07	191.829	644.609	310.871	1147.31	
6.955e+07	171.92	808.598	217.925	1198.44	
6.96e+07	234.897	812.231	181.642	1228.77	
6.965e+07	204.186	800.04	143.146	1147.37	
6.97e+07	318.416	834.049	294.686	1447.15	
6.975e+07	238.307	817.306	279.476	1335.09	
6.98e+07	148.689	841.92	317.918	1308.53	
6.985e+07	205.069	850.979	293.211	1349.26	
6.99e+07	231.319	1118.2	255.4	1604.92	
6.995e+07	266.51	940.836	263.007	1470.35	
7e+07	349.399	793.72	182.316	1325.43	
7.005e+07	443.109	698.362	135.069	1276.54	
7.01e+07	336.991	581.812	153.285	1072.09	
7.015e+07	215.644	640.939	220.338	1076.92	
7.02e+07	265.472	805.739	357.136	1428.35	
7.025e+07	152.017	793.135	366.451	1311.6	
7.03e+07	185.515	1011.98	433.867	1631.37	
7.035e+07	224.206	734.465	662.584	1621.25	
7.04e+07	148.937	956.262	1102.01	2207.21	
7.045e+07	254.238	927.722	898.634	2080.59	
7.05e+07	245.473	834.92	1144.76	2225.15	
7.055e+07	113.093	692.781	881.348	1687.22	
7.06e+07	192.986	617.681	814.441	1625.11	
7.065e+07	334.77	576.344	1249.31	2160.42	
7.07e+07	323.15	736.22	1514.97	2574.34	
7.075e+07	219.692	554.593	950.118	1724.4	
7.08e+07	204.389	562.728	873.809	1640.93	
7.085e+07	237.042	535.33	741.409	1513.78	
7.09e+07	327.144	513.898	757.974	1599.02	
7.095e+07	358.653	465.121	906.226	1730	
7.1e+07	307.299	444.395	935.134	1686.83	
7.105e+07	350.336	515.696	670.317	1536.35	
7.11e+07	366.486	339.218	477.746	1183.45	
7.115e+07	228.809	380.604	434.834	1044.25	
7.12e+07	178.26	468.76	426.725	1073.75	
7.125e+07	244.103	326.946	375.31	946.359	
7.13e+07	210.229	229.941	225.415	665.586	
7.135e+07	177.219	273.77	223.688	674.678	
7.14e+07	291.757	168.495	242.856	703.108	
7.145e+07	296.167	100.717	319.284	716.169	
7.15e+07	355.317	103.718	303.005	762.04	
7.155e+07	269.607	87.3096	236.395	593.312	
7.16e+07	539.14	128.265	426.27	1093.67	
7.165e+07	420.889	114.515	444.355	979.76	
7.17e+07	507.947	212.77	449.895	1170.61	
7.175e+07	426.093	216.09	672.689	1314.87	
7.18e+07	464.236	250.859	911.399	1626.49	
7.185e+07	539.228	219.462	841.142	1599.83	
7.19e+07	624.395	279.011	991.143	1894.55	
7.195e+07	604.373	266.385	1094.28	1965.04	
7.2e+07	835.038	145.554	871.037	1851.63	
7.205e+07	838.206	155.772	974.751	1968.73	
7.21e+07	765.029	255.851	1055.11	2075.99	
7.215e+07	743.448	208.578	895.982	1848.01	
7.22e+07	768.113	162.146	856.693	1786.95	
7.225e+07	609.82	269.036	512.768	1391.62	
7.23e+07	669.921	252.154	570.538	1492.61	
7.235e+07	390.417	396.459	522.401	1309.28	
7.24e+07	345.715	222.493	436.744	1004.95	
7.245e+07	345.432	188.471	379.401	913.304	
7.25e+07	605.705	208.704	306.913	1121.32	
7.255e+07	714.673	262.619	289.072	1266.36	
7.26e+07	733.763	285.478	248.481	1267.72	
7.265e+07	851.87	405.034	322.178	1579.08	
7.27e+07	701.259	273.034	305.442	1279.74	
7.275e+07	538.004	235.767	396.936	1170.71	
7.28e+07	263.917	191.49	270.818	726.225	
7.285e+07	303.83	118.957	290.701	713.487	
7.29e+07	433.949	192.035	235.382	861.366	
7.295e+07	338.623	141.526	204.001	684.15	
7.3e+07	337.064	196.871	351.784	885.719	
7.305e+07	350.21	338.057	472.01	1160.28	
7.31e+07	610.044	255.791	569.194	1435.03	
7.315e+07	410.202	346.885	522.891	1279.98	
7.32e+07	576.132	245.805	547.1	1369.04	
7.325e+07	663.067	241.466	593.2	1497.73	
7.33e+07	807.359	244.808	594.092	1646.26	
7.335e+07	934.387	355.618	360.209	1650.21	
7.34e+07	929.305	352.293	276.577	1558.18	
7.345e+07	1078.26	157.284	213.204	1448.75	
7.35e+07	1424.24	216.685	209.559	1850.48	
7.355e+07	1505.3	209.912	237.303	1952.51	
7.36e+07	1169.73	183.681	372.559	1725.97	
7.365e+07	1245.95	182.575	219.889	1648.41	
7.37e+07	1434.51	175.894	280.763	1891.17	
7.375e+07	1601.32	143.751	370.841	2115.92	
7.38e+07	1836.7	189.793	160.781	2187.27	
7.385e+07	1758.5	161.534	139.967	2060	
7.39e+07	1650.72	192.595	200.973	2044.29	
7.395e+07	1692.84	155.424	126.065	1974.33	
7.4e+07	1752.18	146.993	103.005	2002.18	
7.405e+07	1889.65	112.701	163.341	2165.7	
7.41e+07	1972.33	87.0504	241.897	2301.28	
7.415e+07	1963.16	75.2768	144.432	2182.86	
7.42e+07	1498.08	89.2902	164.957	1752.33	
7.425e+07	2065.39	102.507	140.023	2307.92	
7.43e+07	1630.27	264.131	159.124	2053.53	
7.435e+07	1698.63	217.28	204.503	2120.41	
7.44e+07	1372.85	210.583	155.953	1739.39	
7.445e+07	1125.69	126.723	228.099	1480.51	
7.45e+07	899.534	200.248	154.99	1254.77	
7.455e+07	910.8	159.111	250.296	1320.21	
7.46e+07	1095.22	112.023	193.314	1400.56	
7.465e+07	1074.57	131.807	228.393	1434.77	
7.47e+07	1146.2	232.445	131.629	1510.27	
7.475e+07	1024.49	241.21	183.029	1448.72	
7.48e+07	1039.81	300.829	100.635	1441.28	
7.485e+07	1130	239.645	116.873	1486.52	
7.49e+07	1184.49	290.197	142.062	1616.74	
7.495e+07	981.816	444.347	134.277	1560.44	
7.5e+07	798.538	352.604	169.217	1320.36	
7.505e+07	898.377	350.716	105.059	1354.15	
7.51e+07	943.584	288.667	265.127	1497.38	
7.515e+07	1159.49	312.59	241.784	1713.86	
7.52e+07	839.848	257.685	235.34	1332.87	
7.525e+07	1095.28	302.114	347.635	1745.03	
7.53e+07	912.761	360.074	537.558	1810.39	
7.535e+07	811.694	399.093	365.297	1576.08	
7.54e+07	805.904	337.242	311.492	1454.64	
7.545e+07	766.108	246.9	349.804	1362.81	
7.55e+07	867.754	168.069	415.929	1451.75	
7.555e+07	1035.09	283.729	468.308	1787.13	
7.56e+07	948.909	436.237	672.476	2057.62	
7.565e+07	561.912	573.586	660.07	1795.57	
7.57e+07	676.982	421.618	556.233	1654.83	
7.575e+07	720.976	445.953	350.05	1516.98	
7.58e+07	602.589	548.312	319.634	1470.53	
7.585e+07	620.797	456.446	779.054	1856.3	
7.59e+07	628.71	566.08	872.099	2066.89	
7.595e+07	774.434	534.295	905.264	2213.99	
7.6e+07	725.081	485.78	680.719	1891.58	
7.605e+07	591.466	593.069	635.369	1819.9	
7.61e+07	765.812	582.546	441.27	1789.63	
7.615e+07	855.087	330.117	451.197	1636.4	
7.62e+07	807.565	461.304	332.415	1601.28	
7.625e+07	570.142	259.929	271.456	1101.53	
7.63e+07	702.184	347.717	242.365	1292.27	
7.635e+07	602.358	692.011	230.13	1524.5	
7.64e+07	784.383	624.994	269.88	1679.26	
7.645e+07	861.332	601.067	161.523	1623.92	
7.65e+07	875.08	666.038	166.439	1707.56	
7.655e+07	718.399	594.289	114.815	1427.5	
7.66e+07	430.355	724.33	82.5955	1237.28	
7.665e+07	370.018	530.322	202.604	1102.94	
7.67e+07	338.754	732.233	239.405	1310.39	
7.675e+07	398.512	758.645	153.288	1310.45	
7.68e+07	397.449	737.006	168.874	1303.33	
7.685e+07	202.327	696.346	189.388	1088.06	
7.69e+07	186.614	451.623	247.085	885.323	
7.695e+07	121.288	483.49	341.393	946.171	
7.7e+07	109.39	454.015	304.664	868.069	
7.705e+07	126.583	354.099	302.188	782.869	
7.71e+07	218.288	263.679	174.534	656.5	
7.715e+07	177.165	257.45	331.519	766.134	
7.72e+07	253.202	323.075	254.626	830.903	
7.725e+07	369.434	509.359	107.829	986.623	
7.73e+07	253.24	750.521	150.134	1153.89	
7.735e+07	175.953	741.503	187.565	1105.02	
7.74e+07	152.059	622.051	193.056	967.166	
7.745e+07	156.64	482.183	136.96	775.782	
7.75e+07	235.946	285.173	64.8198	585.938	
7.755e+07	197.839	198.771	142.244	538.854	
7.76e+07	231.443	183.698	221.995	637.136	
7.765e+07	262.761	238.78	181.677	683.217	
7.77e+07	276.608	250.513	242.952	770.073	
7.775e+07	248.402	231.748	405.856	886.007	
7.78e+07	189.918	224.327	172.016	586.262	
7.785e+07	142.281	195.418	184.855	522.554	
7.79e+07	129.183	244.84	167.831	541.853	
7.795e+07	130.452	206.991	220.755	558.199	
7.8e+07	47.0282	199.566	366.387	612.981	
7.805e+07	77.2294	285.322	351.137	713.689	
7.81e+07	100.052	292.292	395.748	788.092	
7.815e+07	277.229	179.78	320.699	777.708	
7.82e+07	244.662	155.799	286.977	687.437	
7.825e+07	232.134	98.3571	321.431	651.922	
7.83e+07	286.204	216.495	242.379	745.078	
7.835e+07	412.929	152.989	438.4	1004.32	
7.84e+07	703.921	159.292	561.207	1424.42	
7.845e+07	587.809	362.604	495.657	1446.07	
7.85e+07	731.144	413.053	480.989	1625.19	
7.855e+07	491.349	311.23	489.209	1291.79	
7.86e+07	608.82	233.01	515.675	1357.51	
7.865e+07	587.806	374.091	392.424	1354.32	
7.87e+07	565.848	524.607	271.922	1362.38	
7.875e+07	656.507	372.176	139.9	1168.58	
7.88e+07	538.836	448.765	73.806	1061.41	
7.885e+07	719.042	456.566	165.617	1341.22	
7.89e+07	533.442	293.861	265.278	1092.58	
7.895e+07	522.279	266.137	222.931	1011.35	
7.9e+07	872.284	362.315	137.725	1372.32	
7.905e+07	690.099	279.257	284.865	1254.22	
7.91e+07	747.681	279.335	309.958	1336.97	
7.915e+07	714.567	288.797	257.816	1261.18	
7.92e+07	986.706	297.23	341.303	1625.24	
7.925e+07	1062.73	282.304	244.614	1589.65	
7.93e+07	1433.63	297.031	288.487	2019.15	
7.935e+07	1286.15	294.717	236.079	1816.94	
7.94e+07	1448.71	325.71	188.335	1962.76	
7.945e+07	1156.44	331.764	190.609	1678.82	
7.95e+07	1140.84	341.949	136.321	1619.11	
7.955e+07	932.511	409.259	143.05	1484.82	
7.96e+07	1029.96	629.935	113.35	1773.24	
7.965e+07	899.052	398.117	176.516	1473.68	
7.97e+07	785.5	252.729	115.887	1154.12	
7.975e+07	777.165	193.028	115.881	1086.07	
7.98e+07	767.38	103.784	83.164	954.328	
7.985e+07	1013.05	293.938	155.863	1462.85	
7.99e+07	1617.29	242.593	285.759	2145.64	
7.995e+07	1862.91	243.459	329.947	2436.31	
8e+07	1808.53	209.819	396.486	2414.84	
8.005e+07	1857.52	219.537	294.899	2371.96	
8.01e+07	1891.48	252.555	331.088	2475.12	
8.015e+07	1492.51	167.877	524.955	2185.34	
8.02e+07	1612.93	118.762	477.231	2208.92	
8.025e+07	1075.09	136.969	512.139	1724.2	
8.03e+07	824.424	160.739	581.919	1567.08	
8.035e+07	1001.22	221.537	388.567	1611.32	
8.04e+07	910.097	313.541	387.706	1611.35	
8.045e+07	565.935	207.573	354.597	1128.11	
8.05e+07	662.304	225.207	677.656	1565.17	
8.055e+07	502.716	141.722	938.459	1582.9	
8.06e+07	568.067	190.156	1206.09	1964.31	
8.065e+07	878.288	266.049	1265.14	2409.48	
8.07e+07	1061.28	383.373	1733.15	3177.8	
8.075e+07	1174.31	529.33	1870.08	3573.72	
8.08e+07	1570.43	354.959	2453.32	4378.71	
8.085e+07	1423.24	278.304	2875.67	4577.21	
8.09e+07	1448.08	314.351	2809.66	4572.09	
8.095e+07	987.784	289.9	2776.56	4054.24	
8.1e+07	725.349	256.478	2824.62	3806.45	
8.105e+07	598.539	154.295	3052.63	3805.46	
8.11e+07	539.202	185.235	2946.24	3670.68	
8.115e+07	728.132	161.534	2206.01	3095.68	
8.12e+07	1065.87	66.701	2154.16	3286.73	
8.125e+07	1229.88	64.4685	2515.4	3809.74	
8.13e+07	934.816	106.643	2627.07	3668.53	
8.135e+07	863.735	144.979	2041.9	3050.62	
8.14e+07	782.382	210.502	2052.02	3044.9	
8.145e+07	836.158	372.889	2690.52	3899.57	
8.15e+07	731.997	405.835	2303.97	3441.8	
8.155e+07	830.219	394.244	1788	3012.46	
8.16e+07	868.559	257.082	1198.04	2323.68	
8.165e+07	708.337	299.274	995.074	2002.68	
8.17e+07	1193.37	376.067	957.358	2526.8	
8.175e+07	946.958	506.331	1147.87	2601.16	
8.18e+07	968.634	614.114	985.969	2568.72	
8.185e+07	945.283	544.693	1056.67	2546.65	
8.19e+07	757.099	220.53	1015.16	1992.79	
8.195e+07	570.109	415.02	835.247	1820.38	
8.2e+07	567.981	529.154	848.716	1945.85	
8.205e+07	692.617	639.405	756.512	2088.53	
8.21e+07	794.554	473.809	652.005	1920.37	
8.215e+07	631.835	599.976	634.308	1866.12	
8.22e+07	718.854	550.695	705.53	1975.08	
8.225e+07	852.061	472.826	646.067	1970.95	
8.23e+07	646.382	460.694	811.747	1918.82	
8.235e+07	682.871	602.609	881.02	2166.5	
8.24e+07	952.597	538.846	591.25	2082.69	
8.245e+07	1090.04	392.591	544.254	2026.89	
8.25e+07	1287.54	291.482	576.244	2155.27	
8.255e+07	1311.31	213.797	314.551	1839.66	
8.26e+07	1237.54	379.157	334.651	1951.34	
8.265e+07	855.325	176.745	554.462	1586.53	
8.27e+07	776.39	285.515	346.541	1408.45	
8.275e+07	583.46	493.452	300.822	1377.73	
8.28e+07	580.837	386.442	429.043	1396.32	
8.285e+07	845.363	285.2	308.927	1439.49	
8.29e+07	848.751	190.771	202.589	1242.11	
8.295e+07	751.652	217.035	161.913	1130.6	
8.3e+07	809.105	214.533	219.662	1243.3	
8.305e+07	979.069	298.369	200.763	1478.2	
8.31e+07	858.107	390.913	93.0975	1342.12	
8.315e+07	1022.85	296.781	156.479	1476.11	
8.32e+07	1041.12	368.834	141.617	1551.57	
8.325e+07	989.927	363.231	189.1	1542.26	
8.33e+07	985.502	365.339	298.865	1649.71	
8.335e+07	1085.35	489.586	358.643	1933.58	
8.34e+07	1436.6	290.039	289.267	2015.91	
8.345e+07	1160.92	243.427	545.416	1949.76	
8.35e+07	810.579	214.79	548.428	1573.8	
8.355e+07	921.245	224.096	487.591	1632.93	
8.36e+07	1156.73	225.898	438.944	1821.57	
8.365e+07	1305.73	67.0718	547.436	1920.24	
8.37e+07	1556.04	63.7662	296.189	1915.99	
8.375e+07	1654.44	74.9	189.789	1919.12	
8.38e+07	1858.42	75.1736	141.903	2075.49	
8.385e+07	1567.57	113.089	215.684	1896.34	
8.39e+07	1831.91	99.3165	257.123	2188.35	
8.395e+07	1568.16	128.256	518.858	2215.27	
8.4e+07	1454.59	153.784	356.401	1964.77	
8.405e+07	1259.48	103.036	231.143	1593.66	
8.41e+07	1363.52	139.326	162.03	1664.88	
8.415e+07	1392.09	160.677	163.931	1716.69	
8.42e+07	1279.42	246.594	133.416	1659.43	
8.425e+07	920.726	135.121	69.0145	1124.86	
8.43e+07	686.166	264.455	52.83	1003.45	
8.435e+07	862.503	415.873	60.4194	1338.8	
8.44e+07	779.368	380.279	92.3775	1252.02	
8.445e+07	802.789	332.424	169.618	1304.83	
8.45e+07	708.268	261.462	167.589	1137.32	
8.455e+07	700.234	205.593	247.41	1153.24	
8.46e+07	759.143	163.007	169.751	1091.9	
8.465e+07	834.494	258.356	173.84	1266.69	
8.47e+07	556.26	137.967	128.991	823.219	
8.475e+07	729.979	127.45	193.197	1050.63	
8.48e+07	542.02	190.947	75.717	808.684	
8.485e+07	437.872	197.854	94.9194	730.646	
8.49e+07	337.945	206.019	65.0551	609.019	
8.495e+07	415.509	328.224	144.597	888.33	
8.5e+07	439.975	258.236	135.439	833.65	
8.505e+07	447.971	259.172	99.644	806.786	
8.51e+07	485.995	188.512	150.108	824.614	
8.515e+07	582.636	191.289	151.859	925.784	
8.52e+07	446.014	93.2959	161.615	700.925	
8.525e+07	408.476	260.305	189.7	858.48	
8.53e+07	582.917	235.889	209.315	1028.12	
8.535e+07	222.523	220.674	336.106	779.304	
8.54e+07	310.074	298.532	306.89	915.496	
8.545e+07	269.344	240.804	206.779	716.928	
8.55e+07	395.179	244.767	270.75	910.695	
8.555e+07	334.427	293.238	242.542	870.208	
8.56e+07	296.316	294.124	232.553	822.993	
8.565e+07	316.649	247.269	269.584	833.502	
8.57e+07	340.737	288.079	394.219	1023.03	
8.575e+07	242.352	284.58	414.542	941.474	
8.58e+07	288.929	275.599	430.662	995.19	
8.585e+07	297.403	298.433	306.46	902.296	
8.59e+07	245.66	314.908	237.316	797.884	
8.595e+07	274.744	379.427	142.141	796.312	
8.6e+07	159.546	294.471	185.244	639.262	
8.605e+07	121.615	395.974	238.674	756.263	
8.61e+07	207.78	332.199	119.093	659.072	
8.615e+07	120.887	454.481	210.399	785.767	
8.62e+07	201.596	633.015	223.345	1057.96	
8.625e+07	212.287	393.663	222.708	828.658	
8.63e+07	95.585	525.935	204.03	825.55	
8.635e+07	123.079	607.626	181.954	912.659	
8.64e+07	207.024	577.746	431.33	1216.1	
8.645e+07	210.37	483.796	296.282	990.448	
8.65e+07	275.232	486.407	201.449	963.088	
8.655e+07	245.942	536.953	265.967	1048.86	
8.66e+07	305.806	610.624	245.184	1161.61	
8.665e+07	239.538	732.791	270.104	1242.43	
8.67e+07	436.384	653.198	421.611	1511.19	
8.675e+07	493.827	666.603	399.506	1559.94	
8.68e+07	511.028	429.887	323.494	1264.41	
8.685e+07	724.114	697.214	302.791	1724.12	
8.69e+07	832.543	876.682	227.518	1936.74	
8.695e+07	634.812	989.034	157.833	1781.68	
8.7e+07	808.213	1114.7	74.6137	1997.52	
8.705e+07	704.783	1090.62	123.966	1919.37	
8.71e+07	472.234	919.77	133.652	1525.66	
8.715e+07	352.481	782.827	99.0868	1234.39	
8.72e+07	429.745	806.703	81.1395	1317.59	
8.725e+07	516.119	508.56	110.723	1135.4	
8.73e+07	471.347	323.419	64.9409	859.707	
8.735e+07	398.171	314.659	85.1788	798.01	
8.74e+07	226.957	222.431	99.9765	549.364	
8.745e+07	296.484	336.318	78.2196	711.022	
8.75e+07	279.941	417.521	78.8592	776.321	
8.755e+07	312.855	433.336	94.3748	840.565	
8.76e+07	295.705	631.729	122.683	1050.12	
8.765e+07	286.754	417.804	192.393	896.951	
8.77e+07	268.846	480.971	267.894	1017.71	
8.775e+07	246.183	553.043	217.5	1016.73	
8.78e+07	161.884	815.063	288.211	1265.16	
8.785e+07	154.081	873.553	360.659	1388.29	
8.79e+07	81.3144	905.11	288.184	1274.61	
8.795e+07	68.3248	1379.06	302.339	1749.72	
8.8e+07	83.1474	2037.13	240.824	2361.1	
8.805e+07	106.746	1791.99	159.249	2057.99	
8.81e+07	136.817	1678.95	383.996	2199.77	
8.815e+07	92.982	1433.98	320.702	1847.66	
8.82e+07	76.5331	1260.25	411.239	1748.03	
8.825e+07	153.258	1045.14	281.989	1480.38	
8.83e+07	172.932	652.812	219.335	1045.08	
8.835e+07	242.529	336.946	261.3	840.775	
8.84e+07	200.349	387.912	121.429	709.69	
8.845e+07	187.935	353.51	253.55	794.995	
8.85e+07	132.9	332.807	199.189	664.897	
8.855e+07	155.127	522.914	197.536	875.577	
8.86e+07	281.02	510.624	290.877	1082.52	
8.865e+07	259.536	530.427	126.306	916.269	
8.87e+07	355.226	509.307	118.933	983.465	
8.875e+07	351.041	641.561	112.379	1104.98	
8.88e+07	291.848	851.626	116.588	1260.06	
8.885e+07	283.618	542.254	131.109	956.981	
8.89e+07	320.679	413.974	130.823	865.476	
8.895e+07	303.235	458.1	151.332	912.667	
8.9e+07	275.257	504.538	97.1124	876.908	
8.905e+07	472.987	402.224	167.406	1042.62	
8.91e+07	377.365	348.905	164.71	890.98	
8.915e+07	226.339	365.485	179.423	771.247	
8.92e+07	184.145	426.453	174.156	784.754	
8.925e+07	217.612	372.499	300.509	890.62	
8.93e+07	222.541	589.825	294.966	1107.33	
8.935e+07	125.837	470.689	389.551	986.078	
8.94e+07	143.31	546.392	219.188	908.891	
8.945e+07	224.49	475.892	199.291	899.673	
8.95e+07	282.466	484.486	218.286	985.238	
8.955e+07	315.909	454.483	246.585	1016.98	
8.96e+07	124.044	372.522	188.845	685.411	
8.965e+07	144.561	352.577	238.766	735.904	
8.97e+07	153.992	287.432	204.562	645.987	
8.975e+07	196.995	257.955	262.06	717.011	
8.98e+07	196.93	228.593	202.01	627.532	
8.985e+07	441.034	210.624	372.606	1024.26	
8.99e+07	658.172	186.936	442.789	1287.9	
8.995e+07	799.974	184.713	272.125	1256.81	
9e+07	783.524	323.962	167.694	1275.18	
9.005e+07	474.455	384.807	270.684	1129.95	
9.01e+07	764.903	271.688	294.206	1330.8	
9.015e+07	688.461	310.995	211.467	1210.92	
9.02e+07	713.792	282.932	273.24	1269.96	
9.025e+07	704.189	381.714	355.275	1441.18	
9.03e+07	485.16	367.515	228.396	1081.07	
9.035e+07	610.929	392.49	264.022	1267.44	
9.04e+07	485.016	324.341	292.009	1101.37	
9.045e+07	441.14	277.687	338.855	1057.68	
9.05e+07	322.75	317.542	394.984	1035.28	
9.055e+07	323.066	218.331	361.494	902.892	
9.06e+07	487.025	272.429	424.152	1183.61	
9.065e+07	494.931	275.259	312.814	1083	
9.07e+07	317.678	214.47	240.401	772.549	
9.075e+07	273.568	226.815	323.932	824.315	
9.08e+07	294.456	180.692	327.161	802.31	
9.085e+07	251.713	175.28	322.938	749.931	
9.09e+07	354.312	321.589	594.212	1270.11	
9.095e+07	555.996	286.884	502.774	1345.65	
9.1e+07	638.794	379.064	495.858	1513.72	
9.105e+07	478.362	463.886	506.847	1449.09	
9.11e+07	607.614	368.759	613.981	1590.35	
9.115e+07	614.662	561.049	652.724	1828.43	
9.12e+07	484.993	475.568	377.664	1338.22	
9.125e+07	538.262	528.259	378.449	1444.97	
9.13e+07	474.332	518.05	430.77	1423.15	
9.135e+07	480.576	465.972	442.414	1388.96	
9.14e+07	518.792	391.472	460.399	1370.66	
9.145e+07	479.942	474.056	495.318	1449.32	
9.15e+07	682.026	468.254	548.115	1698.4	
9.155e+07	850.711	433.593	668.491	1952.8	
9.16e+07	857.942	630.73	467.552	1956.22	
9.165e+07	774.391	570.965	355.154	1700.51	
9.17e+07	712.689	440.859	170.398	1323.95	
9.175e+07	1011.27	375.965	148.876	1536.11	
9.18e+07	951.85	217.329	115.603	1284.78	
9.185e+07	777.689	276.406	121.567	1175.66	
9.19e+07	679.252	219.174	193.577	1092	
9.195e+07	485.894	254.386	117.601	857.881	
9.2e+07	509.263	198.304	133.246	840.813	
9.205e+07	437.233	314.503	90.04	841.776	
9.21e+07	389.385	406.708	181.738	977.831	
9.215e+07	536.67	197.774	124.194	858.639	
9.22e+07	673.646	165.426	133.821	972.893	
9.225e+07	518.354	148.142	224.68	891.176	
9.23e+07	433.581	90.7099	140.884	665.175	
9.235e+07	341.598	89.8399	184.397	615.835	
9.24e+07	306.98	118.989	133.536	559.504	
9.245e+07	224.589	178.496	167.324	570.409	
9.25e+07	274.469	373.175	245.253	892.897	
9.255e+07	304.395	308.038	191.646	804.079	
9.26e+07	265.535	326.91	323.533	915.978	
9.265e+07	271.47	328.276	310.961	910.708	
9.27e+07	290.876	253.158	255.918	799.952	
9.275e+07	339.311	157.336	317.906	814.553	
9.28e+07	428.429	86.591	291.996	807.015	
9.285e+07	419.96	233.364	307.235	960.558	
9.29e+07	385.136	212.281	469.449	1066.87	
9.295e+07	492.956	169.36	469.303	1131.62	
9.3e+07	376.255	189.678	433.119	999.052	
9.305e+07	444.321	196.77	423.166	1064.26	
9.31e+07	452.32	154.638	311.432	918.389	
9.315e+07	618.048	139.472	243.11	1000.63	
9.32e+07	693.762	246.285	155.389	1095.44	
9.325e+07	564.543	376.22	153.42	1094.18	
9.33e+07	453.709	272.561	235.394	961.663	
9.335e+07	280.063	212.168	253.639	745.871	
9.34e+07	246.725	241.861	404.678	893.264	
9.345e+07	211.545	277.427	463.648	952.619	
9.35e+07	159.864	379.89	421.485	961.239	
9.355e+07	181.98	529.555	535.274	1246.81	
9.36e+07	210.368	547.871	670.035	1428.27	
9.365e+07	184.478	644.867	754.765	1584.11	
9.37e+07	255.847	669.164	421.075	1346.09	
9.375e+07	349.546	453.024	323.634	1126.2	
9.38e+07	448.717	569.527	290.714	1308.96	
9.385e+07	478.213	539.04	158.091	1175.34	
9.39e+07	203.893	604.42	138.95	947.263	
9.395e+07	214.071	672.332	389.166	1275.57	
9.4e+07	418.813	514.15	363.944	1296.91	
9.405e+07	458.027	419.126	247.314	1124.47	
9.41e+07	591.309	225.88	270.321	1087.51	
9.415e+07	363.325	254.269	308.634	926.229	
9.42e+07	248.808	385.616	307.666	942.09	
9.425e+07	170.209	674.725	194.819	1039.75	
9.43e+07	87.8744	815.51	225.416	1128.8	
9.435e+07	97.2816	817.737	185.47	1100.49	
9.44e+07	131.677	551.63	277.889	961.196	
9.445e+07	213.93	409.521	253.833	877.284	
9.45e+07	147.277	435.875	380.299	963.452	
9.455e+07	184.592	358.45	515.246	1058.29	
9.46e+07	252.315	305.177	390.078	947.57	
9.465e+07	254.511	428.481	374.494	1057.49	
9.47e+07	153.993	523.299	324.706	1002	
9.475e+07	162.712	632.484	253.315	1048.51	
9.48e+07	324.072	616.91	308.232	1249.21	
9.485e+07	231.543	540.683	302.058	1074.28	
9.49e+07	381.483	665.925	310.452	1357.86	
9.495e+07	301.693	756.97	262.738	1321.4	
9.5e+07	338.098	762.21	174.027	1274.34	
9.505e+07	396.224	963.71	122.38	1482.31	
9.51e+07	445.374	709.08	181.778	1336.23	
9.515e+07	639.399	936.543	229.598	1805.54	
9.52e+07	655.299	1160.39	219.397	2035.09	
9.525e+07	735.451	823.147	111.106	1669.7	
9.53e+07	875.283	1026.54	104.463	2006.29	
9.535e+07	956.639	1278.75	120.533	2355.92	
9.54e+07	1036.22	1272.01	148.456	2456.69	
9.545e+07	797.878	1302.83	69.8254	2170.53	
9.55e+07	822.662	1213.82	184.502	2220.99	
9.555e+07	751.622	1039.29	184.466	1975.38	
9.56e+07	807.018	1170.03	90.4476	2067.5	
9.565e+07	793.905	1000.93	145.041	1939.88	
9.57e+07	812.375	1046.45	106.261	1965.09	
9.575e+07	469.732	802.999	115.414	1388.15	
9.58e+07	401.789	929.88	93.9351	1425.6	
9.585e+07	277.742	918.215	76.453	1272.41	
9.59e+07	327.978	1009.5	108.819	1446.3	
9.595e+07	276.632	811.405	166.97	1255.01	
9.6e+07	395.721	917.418	123.672	1436.81	
9.605e+07	428.973	1205.11	123.942	1758.02	
9.61e+07	508.389	1233.04	62.5092	1803.94	
9.615e+07	559.301	1055.28	99.6762	1714.26	
9.62e+07	466.319	1224.54	168.724	1859.59	
9.625e+07	449.551	1112.69	146.967	1709.21	
9.63e+07	465.003	865.434	101.583	1432.02	
9.635e+07	628.773	826.501	68.729	1524	
9.64e+07	234.711	757.641	107.889	1100.24	
9.645e+07	252.471	837.789	185.177	1275.44	
9.65e+07	95.3582	891.173	187.227	1173.76	
9.655e+07	127.319	740.287	143.639	1011.24	
9.66e+07	133.036	691.133	127.685	951.854	
9.665e+07	151.975	457.643	143.108	752.727	
9.67e+07	144.88	485.168	180.464	810.511	
9.675e+07	220.313	662.741	202.059	1085.11	
9.68e+07	417.902	714.436	283.315	1415.65	
9.685e+07	298.602	845.017	198.986	1342.61	
9.69e+07	331.989	784.038	201.819	1317.85	
9.695e+07	286.63	1096.37	231.453	1614.45	
9.7e+07	412.804	1319.65	319.074	2051.53	
9.705e+07	583.937	1337.24	323.453	2244.63	
9.71e+07	857.324	1402.05	243.671	2503.04	
9.715e+07	578.216	1263.39	238.771	2080.38	
9.72e+07	365.116	1520.45	204.751	2090.31	
9.725e+07	602.81	1654.22	296.802	2553.83	
9.73e+07	658.259	1814.21	147.496	2619.96	
9.735e+07	538.594	1729.18	198.499	2466.27	
9.74e+07	419.383	2080.95	219.589	2719.92	
9.745e+07	272.324	1960.95	213.611	2446.89	
9.75e+07	295.799	2013.45	265.99	2575.24	
9.755e+07	314.734	2159.13	216.069	2689.93	
9.76e+07	373.42	2416.91	176.704	2967.03	
9.765e+07	583.755	2033.53	227.105	2844.38	
9.77e+07	508.444	1998.9	247.479	2754.82	
9.775e+07	435.19	1644.69	187.901	2267.78	
9.78e+07	491.107	2135.07	222.966	2849.14	
9.785e+07	427.894	2122.55	122.708	2673.15	
9.79e+07	525.344	2861.23	56.3798	3442.95	
9.795e+07	521.109	2488.97	96.204	3106.29	
9.8e+07	540.147	2614.96	126.307	3281.42	
9.805e+07	628.138	2308.52	140.387	3077.05	
9.81e+07	556.784	2416.33	117.995	3091.11	
9.815e+07	715.385	2265.84	63.2311	3044.45	
9.82e+07	888.057	2074.67	110.655	3073.38	
9.825e+07	837.89	1791.07	107.882	2736.84	
9.83e+07	638.778	1496.56	114.973	2250.31	
9.835e+07	757.481	1226.91	121.977	2106.37	
9.84e+07	678.504	1101.28	167.372	1947.15	
9.845e+07	495.53	825.136	202.09	1522.76	
9.85e+07	504.5	521.601	203.181	1229.28	
9.855e+07	431.999	572.565	189.763	1194.33	
9.86e+07	608.973	755.036	109.538	1473.55	
9.865e+07	465.373	766.38	151.389	1383.14	
9.87e+07	595.675	898.963	128.041	1622.68	
9.875e+07	542.834	1022.04	91.7774	1656.65	
9.88e+07	404.025	960.056	90.9076	1454.99	
9.885e+07	398.733	1134.11	99.9467	1632.79	
9.89e+07	427.045	1023.23	94.6107	1544.89	
9.895e+07	355.525	1095.29	183.607	1634.42	
9.9e+07	293.933	1115.79	147.605	1557.32	
9.905e+07	345.82	873.709	106.252	1325.78	
9.91e+07	414.954	916.642	103.721	1435.32	
9.915e+07	304.33	1000.61	108.625	1413.57	
9.92e+07	164.999	809.817	154.593	1129.41	
9.925e+07	243.758	789.715	174.56	1208.03	
9.93e+07	339.601	527.533	370.543	1237.68	
9.935e+07	405.936	621.115	499.737	1526.79	
9.94e+07	605.117	474.36	449.942	1529.42	
9.945e+07	637.802	407.158	561.345	1606.3	
9.95e+07	940.323	350.334	451.904	1742.56	
9.955e+07	415.171	511.612	260.905	1187.69	
9.96e+07	346.75	535.301	175.096	1057.15	
9.965e+07	289.222	504.362	112.939	906.523	
9.97e+07	253.958	743.671	153.333	1150.96	
9.975e+07	139.022	826.744	69.5531	1035.32	
9.98e+07	121.708	858.591	123.703	1104	
9.985e+07	169.297	990.666	159.996	1319.96	
9.99e+07	160.772	937.048	382.012	1479.83	
9.995e+07	144.611	1141.22	254.442	1540.27	
1e+08	168.546	1048.47	288.079	1505.09	
