# LinearChain_N256_E-0.4_c32_PerXYZ128_Solvent_008v010.bfm
# MCS: 15500000
# f0: 1.01
# f: 1.00000030366005
# Iteration15
# histogram: [-30001.05 ; 1.05 ; 300021 ]
# 
-1999.6	55689.5856175078
-1999.2	55691.5405369691
-1998.8	55693.4789713417
-1998.4	55695.457009231
-1998	55697.4163992754
-1997.6	55699.3625042383
-1997.2	55701.3018434941
-1996.8	55703.2461210417
-1996.4	55705.2521165486
-1996	55707.2162739685
-1995.6	55709.1311464143
-1995.2	55711.0730359883
-1994.8	55713.0415509726
-1994.4	55714.961581871
-1994	55716.8956699394
-1993.6	55718.8236884638
-1993.2	55720.7488090454
-1992.8	55722.7084713806
-1992.4	55724.6307862238
-1992	55726.5486003997
-1991.6	55728.4765497707
-1991.2	55730.4110014383
-1990.8	55732.3100812588
-1990.4	55734.2261877271
-1990	55736.167898228
-1989.6	55738.0748625145
-1989.2	55739.9928729802
-1988.8	55741.9142231513
-1988.4	55743.8411169055
-1988	55745.7308189829
-1987.6	55747.6437852332
-1987.2	55749.5480648378
-1986.8	55751.4699543667
-1986.4	55753.3868713461
-1986	55755.2833314371
-1985.6	55757.1873152469
-1985.2	55759.1215166288
-1984.8	55761.0322318228
-1984.4	55762.912727852
-1984	55764.8435920674
-1983.6	55766.739317028
-1983.2	55768.6440390664
-1982.8	55770.5241791335
-1982.4	55772.4683246649
-1982	55774.3162519461
-1981.6	55776.2206773204
-1981.2	55778.1137300452
-1980.8	55780.0210181766
-1980.4	55781.8833047751
-1980	55783.7551376261
-1979.6	55785.6082879874
-1979.2	55787.4773781231
-1978.8	55789.3802475091
-1978.4	55791.2352823815
-1978	55793.0734089238
-1977.6	55794.9504303564
-1977.2	55796.8124709411
-1976.8	55798.7226002205
-1976.4	55800.5815207859
-1976	55802.4750442807
-1975.6	55804.3036750535
-1975.2	55806.2227726211
-1974.8	55808.0677240831
-1974.4	55809.9599521695
-1974	55811.8072618536
-1973.6	55813.6213672243
-1973.2	55815.4563074978
-1972.8	55817.3330932169
-1972.4	55819.1836014815
-1972	55821.0452203419
-1971.6	55822.8613527469
-1971.2	55824.7211016886
-1970.8	55826.5746631181
-1970.4	55828.4252253751
-1970	55830.2591614125
-1969.6	55832.1337849284
-1969.2	55833.9565271776
-1968.8	55835.8153643043
-1968.4	55837.6416133369
-1968	55839.4882651718
-1967.6	55841.2968589004
-1967.2	55843.1467570143
-1966.8	55844.9756640852
-1966.4	55846.828177112
-1966	55848.6443684466
-1965.6	55850.4748328256
-1965.2	55852.2808900595
-1964.8	55854.1244081478
-1964.4	55855.9581686221
-1964	55857.8015927862
-1963.6	55859.5920096602
-1963.2	55861.4216312312
-1962.8	55863.2277590967
-1962.4	55865.0634404658
-1962	55866.901781644
-1961.6	55868.7363093137
-1961.2	55870.574029274
-1960.8	55872.3918156681
-1960.4	55874.2079634105
-1960	55876.0169059505
-1959.6	55877.8095094397
-1959.2	55879.6281369808
-1958.8	55881.4352941417
-1958.4	55883.2515974974
-1958	55885.0256102267
-1957.6	55886.83833152
-1957.2	55888.6358295935
-1956.8	55890.4407373117
-1956.4	55892.2351370499
-1956	55894.0299960902
-1955.6	55895.8311298921
-1955.2	55897.626015447
-1954.8	55899.4165095868
-1954.4	55901.2211190134
-1954	55903.0197697416
-1953.6	55904.7961956165
-1953.2	55906.6019399206
-1952.8	55908.3978616354
-1952.4	55910.1838172666
-1952	55911.9457978743
-1951.6	55913.7488680991
-1951.2	55915.538734909
-1950.8	55917.3264284904
-1950.4	55919.0967983673
-1950	55920.8859408961
-1949.6	55922.6631855414
-1949.2	55924.4433275574
-1948.8	55926.222520174
-1948.4	55927.9614037327
-1948	55929.7727523673
-1947.6	55931.5383841308
-1947.2	55933.3265307074
-1946.8	55935.0850266928
-1946.4	55936.8543181303
-1946	55938.6299264643
-1945.6	55940.3814606029
-1945.2	55942.1539230878
-1944.8	55943.9001673583
-1944.4	55945.6925461824
-1944	55947.4200732049
-1943.6	55949.2263642045
-1943.2	55950.9713073682
-1942.8	55952.7107280312
-1942.4	55954.4701405461
-1942	55956.252213817
-1941.6	55958.000825942
-1941.2	55959.7879827404
-1940.8	55961.5596030494
-1940.4	55963.333523846
-1940	55965.0631758278
-1939.6	55966.8353849409
-1939.2	55968.5924039115
-1938.8	55970.3351193177
-1938.4	55972.0620737378
-1938	55973.8298403842
-1937.6	55975.5619794717
-1937.2	55977.3074249212
-1936.8	55979.0383566752
-1936.4	55980.7941915479
-1936	55982.5143448197
-1935.6	55984.2617213382
-1935.2	55985.9980678894
-1934.8	55987.7332034438
-1934.4	55989.4581431649
-1934	55991.1848242221
-1933.6	55992.9441375166
-1933.2	55994.6691110722
-1932.8	55996.3862541093
-1932.4	55998.095798495
-1932	55999.7947717765
-1931.6	56001.5503913171
-1931.2	56003.2737679334
-1930.8	56005.0089082311
-1930.4	56006.7497127302
-1930	56008.475185512
-1929.6	56010.1961523617
-1929.2	56011.9057554135
-1928.8	56013.6299478336
-1928.4	56015.356746433
-1928	56017.0637083646
-1927.6	56018.7793406477
-1927.2	56020.5225844844
-1926.8	56022.2178975671
-1926.4	56023.9170804509
-1926	56025.629863273
-1925.6	56027.3405371379
-1925.2	56029.0511489226
-1924.8	56030.7651867035
-1924.4	56032.4848436582
-1924	56034.1883783554
-1923.6	56035.9058588827
-1923.2	56037.6192997746
-1922.8	56039.3030825974
-1922.4	56041.0356517467
-1922	56042.7196776488
-1921.6	56044.4318186843
-1921.2	56046.1293852785
-1920.8	56047.83759514
-1920.4	56049.5177277378
-1920	56051.1846041411
-1919.6	56052.9057104803
-1919.2	56054.5952221882
-1918.8	56056.2870029524
-1918.4	56058.0102836147
-1918	56059.6974790892
-1917.6	56061.3668352248
-1917.2	56063.0729586141
-1916.8	56064.7722864859
-1916.4	56066.4292705574
-1916	56068.1073619652
-1915.6	56069.794135241
-1915.2	56071.4647366042
-1914.8	56073.168214859
-1914.4	56074.848148034
-1914	56076.5096367286
-1913.6	56078.2071984551
-1913.2	56079.8680966916
-1912.8	56081.5378478825
-1912.4	56083.2260230317
-1912	56084.904143638
-1911.6	56086.5877968948
-1911.2	56088.2560372104
-1910.8	56089.9229782286
-1910.4	56091.5845697569
-1910	56093.2753688123
-1909.6	56094.9459824392
-1909.2	56096.5904533155
-1908.8	56098.2627745425
-1908.4	56099.9395789817
-1908	56101.6005528812
-1907.6	56103.2575061284
-1907.2	56104.911127574
-1906.8	56106.5781698046
-1906.4	56108.232684863
-1906	56109.8959820554
-1905.6	56111.5481649753
-1905.2	56113.197693942
-1904.8	56114.8860964744
-1904.4	56116.5378011497
-1904	56118.1750793425
-1903.6	56119.8378720367
-1903.2	56121.468680153
-1902.8	56123.099333398
-1902.4	56124.7609158815
-1902	56126.3772008471
-1901.6	56128.0523259934
-1901.2	56129.7025834903
-1900.8	56131.3412067972
-1900.4	56132.9949615355
-1900	56134.6519965847
-1899.6	56136.2924685837
-1899.2	56137.9314426723
-1898.8	56139.553865234
-1898.4	56141.2113919762
-1898	56142.8348710566
-1897.6	56144.4757745179
-1897.2	56146.1373031066
-1896.8	56147.7664227608
-1896.4	56149.389672557
-1896	56151.0520248467
-1895.6	56152.6965527783
-1895.2	56154.3118180386
-1894.8	56155.9266726836
-1894.4	56157.5651662741
-1894	56159.1906139056
-1893.6	56160.8362952295
-1893.2	56162.469981651
-1892.8	56164.0962449001
-1892.4	56165.7395565826
-1892	56167.363212237
-1891.6	56168.9896748408
-1891.2	56170.6262621088
-1890.8	56172.2422597887
-1890.4	56173.858805091
-1890	56175.486429656
-1889.6	56177.1181665595
-1889.2	56178.7387501153
-1888.8	56180.3692482153
-1888.4	56182.0193078669
-1888	56183.6281948163
-1887.6	56185.2693609476
-1887.2	56186.9038517283
-1886.8	56188.5232444507
-1886.4	56190.1505390204
-1886	56191.7786059677
-1885.6	56193.3802557061
-1885.2	56195.014910445
-1884.8	56196.6373835103
-1884.4	56198.2388104288
-1884	56199.8824869924
-1883.6	56201.4682971369
-1883.2	56203.0993657974
-1882.8	56204.6716562639
-1882.4	56206.2924633147
-1882	56207.9051384909
-1881.6	56209.500728434
-1881.2	56211.0917657433
-1880.8	56212.7107591097
-1880.4	56214.2904513831
-1880	56215.8782550231
-1879.6	56217.4776185504
-1879.2	56219.0852095697
-1878.8	56220.6648537268
-1878.4	56222.2823520331
-1878	56223.8771455489
-1877.6	56225.4539259382
-1877.2	56227.0589341996
-1876.8	56228.646318373
-1876.4	56230.2449032271
-1876	56231.8231175217
-1875.6	56233.4179483718
-1875.2	56234.9805180302
-1874.8	56236.5762051223
-1874.4	56238.1835311242
-1874	56239.7667887822
-1873.6	56241.3375472017
-1873.2	56242.9275875083
-1872.8	56244.4882655286
-1872.4	56246.0616634284
-1872	56247.6208237818
-1871.6	56249.2117304162
-1871.2	56250.799148348
-1870.8	56252.3754421483
-1870.4	56253.9570279603
-1870	56255.5127850723
-1869.6	56257.0859843245
-1869.2	56258.6471379878
-1868.8	56260.2192130292
-1868.4	56261.774185214
-1868	56263.3606043124
-1867.6	56264.9098662761
-1867.2	56266.4664222417
-1866.8	56268.0573269978
-1866.4	56269.6453655537
-1866	56271.2081707444
-1865.6	56272.7781600275
-1865.2	56274.3302727494
-1864.8	56275.867930531
-1864.4	56277.4641140168
-1864	56278.9973242815
-1863.6	56280.5764901412
-1863.2	56282.1282028502
-1862.8	56283.6727781503
-1862.4	56285.2481543024
-1862	56286.8135261056
-1861.6	56288.3672202521
-1861.2	56289.9197644696
-1860.8	56291.4818738004
-1860.4	56293.0008402236
-1860	56294.5642727286
-1859.6	56296.1065670991
-1859.2	56297.6530557296
-1858.8	56299.1976276448
-1858.4	56300.7838721197
-1858	56302.3243416739
-1857.6	56303.8569407059
-1857.2	56305.4122344999
-1856.8	56306.9520962359
-1856.4	56308.496629528
-1856	56310.0546011277
-1855.6	56311.5715555225
-1855.2	56313.1191880858
-1854.8	56314.6639226695
-1854.4	56316.214944786
-1854	56317.7529432743
-1853.6	56319.30468927
-1853.2	56320.825484761
-1852.8	56322.3878114565
-1852.4	56323.9168050859
-1852	56325.4766276217
-1851.6	56327.0164489423
-1851.2	56328.5581705091
-1850.8	56330.1212672938
-1850.4	56331.6498339218
-1850	56333.1825597751
-1849.6	56334.7556711241
-1849.2	56336.2960035643
-1848.8	56337.8386297339
-1848.4	56339.3728999026
-1848	56340.9400619041
-1847.6	56342.4768268214
-1847.2	56343.9946867089
-1846.8	56345.5219508653
-1846.4	56347.0887277057
-1846	56348.6227468509
-1845.6	56350.1713222601
-1845.2	56351.7046735517
-1844.8	56353.2360727379
-1844.4	56354.7565946231
-1844	56356.2752923279
-1843.6	56357.7837609308
-1843.2	56359.3112340783
-1842.8	56360.8293914018
-1842.4	56362.3420952313
-1842	56363.8700750165
-1841.6	56365.408672095
-1841.2	56366.910602539
-1840.8	56368.4524016525
-1840.4	56369.9561292288
-1840	56371.4833805503
-1839.6	56372.9782384731
-1839.2	56374.5302558457
-1838.8	56376.049314358
-1838.4	56377.5492719658
-1838	56379.0678980954
-1837.6	56380.5673758248
-1837.2	56382.0799217879
-1836.8	56383.5923374341
-1836.4	56385.1123658181
-1836	56386.6492873448
-1835.6	56388.1576627686
-1835.2	56389.6634052407
-1834.8	56391.1711388083
-1834.4	56392.6890601725
-1834	56394.2064297949
-1833.6	56395.6925986971
-1833.2	56397.1992365393
-1832.8	56398.7180431602
-1832.4	56400.2100917414
-1832	56401.7426858641
-1831.6	56403.2361426432
-1831.2	56404.7396730922
-1830.8	56406.2309510309
-1830.4	56407.7347749855
-1830	56409.2382869267
-1829.6	56410.7268207142
-1829.2	56412.2397952169
-1828.8	56413.721585266
-1828.4	56415.2024782586
-1828	56416.6733761097
-1827.6	56418.175318771
-1827.2	56419.6729235244
-1826.8	56421.1644753302
-1826.4	56422.6603431916
-1826	56424.1556269201
-1825.6	56425.6229320289
-1825.2	56427.1126420064
-1824.8	56428.6248882688
-1824.4	56430.1093368481
-1824	56431.6076786661
-1823.6	56433.1081823323
-1823.2	56434.5962562742
-1822.8	56436.0913722135
-1822.4	56437.5598544344
-1822	56439.0454844115
-1821.6	56440.5335490029
-1821.2	56442.0091082117
-1820.8	56443.483921427
-1820.4	56444.950721474
-1820	56446.4498097955
-1819.6	56447.9146879054
-1819.2	56449.3894669338
-1818.8	56450.8915057952
-1818.4	56452.3622104279
-1818	56453.8616599086
-1817.6	56455.3097419729
-1817.2	56456.7976215248
-1816.8	56458.2896430362
-1816.4	56459.7567699158
-1816	56461.2474927076
-1815.6	56462.7213193151
-1815.2	56464.1968808786
-1814.8	56465.6712230634
-1814.4	56467.1434771652
-1814	56468.6364135141
-1813.6	56470.0949223821
-1813.2	56471.5447012526
-1812.8	56473.0288822729
-1812.4	56474.4619587952
-1812	56475.9548373939
-1811.6	56477.4194821012
-1811.2	56478.8956762092
-1810.8	56480.3674978525
-1810.4	56481.8120488756
-1810	56483.2874623147
-1809.6	56484.7365509443
-1809.2	56486.1820831496
-1808.8	56487.6346823589
-1808.4	56489.0982414355
-1808	56490.5375315803
-1807.6	56492.0207721781
-1807.2	56493.4680672404
-1806.8	56494.9285775217
-1806.4	56496.3718595461
-1806	56497.8382188865
-1805.6	56499.2677436399
-1805.2	56500.7125822474
-1804.8	56502.1744866746
-1804.4	56503.6244333784
-1804	56505.081822324
-1803.6	56506.5558432679
-1803.2	56507.996490063
-1802.8	56509.4625284106
-1802.4	56510.8934927423
-1802	56512.3355726184
-1801.6	56513.7728331159
-1801.2	56515.2419204163
-1800.8	56516.6643903512
-1800.4	56518.1191135951
-1800	56519.5697673074
-1799.6	56521.0288455549
-1799.2	56522.4748407521
-1798.8	56523.917443845
-1798.4	56525.3615149114
-1798	56526.8412214171
-1797.6	56528.2857464622
-1797.2	56529.7256226156
-1796.8	56531.1668362758
-1796.4	56532.6070215878
-1796	56534.0786234791
-1795.6	56535.4798604808
-1795.2	56536.9039120265
-1794.8	56538.3634085372
-1794.4	56539.788685019
-1794	56541.2199485852
-1793.6	56542.6584788637
-1793.2	56544.115841852
-1792.8	56545.5691286378
-1792.4	56546.9995460919
-1792	56548.4404339588
-1791.6	56549.8737880329
-1791.2	56551.2979334052
-1790.8	56552.725243134
-1790.4	56554.1838999573
-1790	56555.6150766725
-1789.6	56557.0622927863
-1789.2	56558.4801558839
-1788.8	56559.9011859426
-1788.4	56561.3341786608
-1788	56562.7574011578
-1787.6	56564.1800057787
-1787.2	56565.6138728976
-1786.8	56567.0294365004
-1786.4	56568.4543645379
-1786	56569.9032284269
-1785.6	56571.3158871399
-1785.2	56572.7349248053
-1784.8	56574.1791614574
-1784.4	56575.5782375343
-1784	56577.0014748313
-1783.6	56578.4344684082
-1783.2	56579.8341461065
-1782.8	56581.2575930722
-1782.4	56582.6612681109
-1782	56584.0622540844
-1781.6	56585.4868555253
-1781.2	56586.8717156479
-1780.8	56588.2858547079
-1780.4	56589.7225339021
-1780	56591.1378472477
-1779.6	56592.5509846639
-1779.2	56593.9409001259
-1778.8	56595.343090804
-1778.4	56596.7565680453
-1778	56598.1777681921
-1777.6	56599.5995058303
-1777.2	56600.9963717027
-1776.8	56602.4058007663
-1776.4	56603.7957075379
-1776	56605.2054191702
-1775.6	56606.6039040294
-1775.2	56608.0339166168
-1774.8	56609.410504331
-1774.4	56610.8184128131
-1774	56612.1973976017
-1773.6	56613.6189410651
-1773.2	56614.9860767285
-1772.8	56616.3879539291
-1772.4	56617.7786473004
-1772	56619.2002701381
-1771.6	56620.5969043149
-1771.2	56621.9721357269
-1770.8	56623.3696227225
-1770.4	56624.7457502283
-1770	56626.1403208841
-1769.6	56627.5461631932
-1769.2	56628.9201885822
-1768.8	56630.324322897
-1768.4	56631.7239676863
-1768	56633.1193687955
-1767.6	56634.5103839479
-1767.2	56635.9162680513
-1766.8	56637.3003057803
-1766.4	56638.7060785075
-1766	56640.1221228889
-1765.6	56641.5075781839
-1765.2	56642.8785137831
-1764.8	56644.2848268355
-1764.4	56645.6747000823
-1764	56647.0564065611
-1763.6	56648.4605444408
-1763.2	56649.8131748444
-1762.8	56651.1920424426
-1762.4	56652.5792855301
-1762	56653.9670389021
-1761.6	56655.3243149703
-1761.2	56656.7135798379
-1760.8	56658.1327208994
-1760.4	56659.5022771224
-1760	56660.8776259139
-1759.6	56662.2702245617
-1759.2	56663.6439341458
-1758.8	56665.0145100035
-1758.4	56666.3760985846
-1758	56667.7514034638
-1757.6	56669.1595839923
-1757.2	56670.512729245
-1756.8	56671.8874437093
-1756.4	56673.2502054689
-1756	56674.6445760876
-1755.6	56676.0086320623
-1755.2	56677.3687133418
-1754.8	56678.7596824115
-1754.4	56680.1242257902
-1754	56681.5076197415
-1753.6	56682.8655863325
-1753.2	56684.2365322607
-1752.8	56685.6211292686
-1752.4	56686.9735382462
-1752	56688.3244844537
-1751.6	56689.7064120453
-1751.2	56691.0748014101
-1750.8	56692.4339657929
-1750.4	56693.780963647
-1750	56695.1523283391
-1749.6	56696.5294560375
-1749.2	56697.8835452018
-1748.8	56699.2630547199
-1748.4	56700.620840261
-1748	56701.9751045987
-1747.6	56703.3271605994
-1747.2	56704.6914444571
-1746.8	56706.0368827834
-1746.4	56707.3878136521
-1746	56708.712616607
-1745.6	56710.0756455543
-1745.2	56711.413408583
-1744.8	56712.7819721783
-1744.4	56714.1179830751
-1744	56715.473624237
-1743.6	56716.8443487301
-1743.2	56718.2087946258
-1742.8	56719.5499099086
-1742.4	56720.9140243531
-1742	56722.2507237572
-1741.6	56723.6113916189
-1741.2	56724.9439752964
-1740.8	56726.3111002545
-1740.4	56727.6457223214
-1740	56728.9963049234
-1739.6	56730.3293381144
-1739.2	56731.6587197458
-1738.8	56733.0110987428
-1738.4	56734.3738578498
-1738	56735.6783017701
-1737.6	56737.0388943222
-1737.2	56738.365071941
-1736.8	56739.7315841345
-1736.4	56741.0411702586
-1736	56742.3650356862
-1735.6	56743.7237565925
-1735.2	56745.0482863512
-1734.8	56746.3814244806
-1734.4	56747.7185103305
-1734	56749.0588952816
-1733.6	56750.3716053137
-1733.2	56751.724319958
-1732.8	56753.0519469462
-1732.4	56754.3754136062
-1732	56755.6949380227
-1731.6	56757.0406703748
-1731.2	56758.347273502
-1730.8	56759.6788087797
-1730.4	56761.0026523602
-1730	56762.3143022311
-1729.6	56763.6268913071
-1729.2	56764.9645574361
-1728.8	56766.3115798638
-1728.4	56767.6272920745
-1728	56768.9678041891
-1727.6	56770.2704044966
-1727.2	56771.606082212
-1726.8	56772.8971663046
-1726.4	56774.2249465654
-1726	56775.5363854246
-1725.6	56776.8530811727
-1725.2	56778.1724635843
-1724.8	56779.4920338758
-1724.4	56780.8361233253
-1724	56782.1422534523
-1723.6	56783.4480788487
-1723.2	56784.7632852763
-1722.8	56786.0672308103
-1722.4	56787.3862642937
-1722	56788.7240313078
-1721.6	56790.026778457
-1721.2	56791.3311470315
-1720.8	56792.6393157877
-1720.4	56793.9660450351
-1720	56795.2732129655
-1719.6	56796.6032464583
-1719.2	56797.906468205
-1718.8	56799.2235763209
-1718.4	56800.5281726797
-1718	56801.831371759
-1717.6	56803.1251822094
-1717.2	56804.4306872562
-1716.8	56805.7278325024
-1716.4	56807.0461003337
-1716	56808.3393331413
-1715.6	56809.6309497593
-1715.2	56810.9405495508
-1714.8	56812.2476052796
-1714.4	56813.5292016739
-1714	56814.8384876179
-1713.6	56816.1242536739
-1713.2	56817.4105604186
-1712.8	56818.7281365086
-1712.4	56820.0283913061
-1712	56821.3143353748
-1711.6	56822.6009983523
-1711.2	56823.8939660426
-1710.8	56825.1843495908
-1710.4	56826.4640797083
-1710	56827.7496438241
-1709.6	56829.073144897
-1709.2	56830.3590625538
-1708.8	56831.6654448237
-1708.4	56832.9497895692
-1708	56834.246873006
-1707.6	56835.5505568241
-1707.2	56836.8034167357
-1706.8	56838.1203793458
-1706.4	56839.4120841003
-1706	56840.6903880534
-1705.6	56841.9918595442
-1705.2	56843.2712098087
-1704.8	56844.5559456796
-1704.4	56845.8371052508
-1704	56847.1214717884
-1703.6	56848.4045086854
-1703.2	56849.6786339682
-1702.8	56850.9412133278
-1702.4	56852.226925189
-1702	56853.4863864854
-1701.6	56854.7689098491
-1701.2	56856.0578490557
-1700.8	56857.3438403711
-1700.4	56858.6276067556
-1700	56859.9017290818
-1699.6	56861.1708593411
-1699.2	56862.4609452588
-1698.8	56863.7307815541
-1698.4	56864.9946826306
-1698	56866.2708723903
-1697.6	56867.5606493156
-1697.2	56868.8390709529
-1696.8	56870.1286418356
-1696.4	56871.4054228915
-1696	56872.6957367865
-1695.6	56873.9707635485
-1695.2	56875.2363572796
-1694.8	56876.5012864365
-1694.4	56877.7986403608
-1694	56879.0573924328
-1693.6	56880.2949657544
-1693.2	56881.5808932721
-1692.8	56882.8318708107
-1692.4	56884.1046335613
-1692	56885.3657121984
-1691.6	56886.6146785993
-1691.2	56887.8932660023
-1690.8	56889.159514132
-1690.4	56890.4380182533
-1690	56891.6969716615
-1689.6	56892.9414196512
-1689.2	56894.2205917481
-1688.8	56895.4767222221
-1688.4	56896.7348048609
-1688	56898.0093259686
-1687.6	56899.2766556547
-1687.2	56900.5299875873
-1686.8	56901.782027915
-1686.4	56903.0493771483
-1686	56904.2928317018
-1685.6	56905.5611340352
-1685.2	56906.8070317371
-1684.8	56908.0662512304
-1684.4	56909.3254148078
-1684	56910.6005354418
-1683.6	56911.847688136
-1683.2	56913.0901072998
-1682.8	56914.3508854197
-1682.4	56915.6066940347
-1682	56916.8689001204
-1681.6	56918.1373354328
-1681.2	56919.378272232
-1680.8	56920.646036772
-1680.4	56921.9173992711
-1680	56923.1539496527
-1679.6	56924.4194217587
-1679.2	56925.6551980952
-1678.8	56926.9449273434
-1678.4	56928.168455497
-1678	56929.430881018
-1677.6	56930.6827401338
-1677.2	56931.9274600758
-1676.8	56933.1833738043
-1676.4	56934.4053285744
-1676	56935.6726932075
-1675.6	56936.8985106684
-1675.2	56938.1577090946
-1674.8	56939.3787166473
-1674.4	56940.6520649213
-1674	56941.8992225113
-1673.6	56943.1271469308
-1673.2	56944.3567710917
-1672.8	56945.5884925881
-1672.4	56946.8365181697
-1672	56948.0668770712
-1671.6	56949.3061167626
-1671.2	56950.5378762577
-1670.8	56951.7729791134
-1670.4	56953.0221774648
-1670	56954.2572805065
-1669.6	56955.5026837158
-1669.2	56956.729842047
-1668.8	56957.9704008312
-1668.4	56959.2267051339
-1668	56960.4640497171
-1667.6	56961.6806724224
-1667.2	56962.9065522942
-1666.8	56964.1259707994
-1666.4	56965.3813985318
-1666	56966.6018492121
-1665.6	56967.8385804158
-1665.2	56969.0563398018
-1664.8	56970.2967981361
-1664.4	56971.503945161
-1664	56972.7549923685
-1663.6	56973.9947550147
-1663.2	56975.2056775343
-1662.8	56976.4437966375
-1662.4	56977.6654090967
-1662	56978.9005011456
-1661.6	56980.1183602657
-1661.2	56981.3500301113
-1660.8	56982.56418546
-1660.4	56983.7843382695
-1660	56985.0196932719
-1659.6	56986.2343735571
-1659.2	56987.465180547
-1658.8	56988.6937597421
-1658.4	56989.935707712
-1658	56991.1261950596
-1657.6	56992.3272048589
-1657.2	56993.5596352972
-1656.8	56994.7526611413
-1656.4	56995.9731211538
-1656	56997.1911649822
-1655.6	56998.398545726
-1655.2	56999.6062904209
-1654.8	57000.8205160653
-1654.4	57002.0591123964
-1654	57003.2648266289
-1653.6	57004.465466362
-1653.2	57005.6898745985
-1652.8	57006.9099154165
-1652.4	57008.1242432719
-1652	57009.3305317367
-1651.6	57010.542306411
-1651.2	57011.7553959546
-1650.8	57012.9559953511
-1650.4	57014.1750046922
-1650	57015.3612724629
