# LinearChain_N256_E-0.4_c6_PerXYZ128_Solvent_006v010.bfm
# MCS: 975500000
# f0: 1.01
# f: 1.000000075915
# Iteration17
# histogram: [-30001.05 ; 1.05 ; 300021 ]
# 
-1499.6	26170.1127721932
-1499.2	26170.9704470352
-1498.8	26171.8239615293
-1498.4	26172.6873217966
-1498	26173.5495263846
-1497.6	26174.4096673698
-1497.2	26175.2724562795
-1496.8	26176.1341610893
-1496.4	26176.9993183878
-1496	26177.8514250223
-1495.6	26178.7154030422
-1495.2	26179.5726111218
-1494.8	26180.4327527339
-1494.4	26181.2764584786
-1494	26182.1431268895
-1493.6	26182.9856945321
-1493.2	26183.8457078606
-1492.8	26184.7065113122
-1492.4	26185.5612066042
-1492	26186.4182390257
-1491.6	26187.2702909917
-1491.2	26188.1420494987
-1490.8	26189.0078871251
-1490.4	26189.8577242398
-1490	26190.7080110864
-1489.6	26191.5745596225
-1489.2	26192.4308826309
-1488.8	26193.287711539
-1488.4	26194.132156763
-1488	26195.0011206732
-1487.6	26195.8521470811
-1487.2	26196.7012207833
-1486.8	26197.5590684002
-1486.4	26198.4085423724
-1486	26199.2594987704
-1485.6	26200.113563162
-1485.2	26200.9637263142
-1484.8	26201.834583546
-1484.4	26202.676979072
-1484	26203.5330422193
-1483.6	26204.3920192814
-1483.2	26205.2398667451
-1482.8	26206.0929593142
-1482.4	26206.9432306208
-1482	26207.7973172503
-1481.6	26208.6556809689
-1481.2	26209.5061033164
-1480.8	26210.3563717104
-1480.4	26211.2128058129
-1480	26212.0579317024
-1479.6	26212.9031961953
-1479.2	26213.7397202093
-1478.8	26214.6038635855
-1478.4	26215.4426253332
-1478	26216.2903119138
-1477.6	26217.1316731182
-1477.2	26217.9812436094
-1476.8	26218.821672892
-1476.4	26219.6732287187
-1476	26220.5174392691
-1475.6	26221.3686014627
-1475.2	26222.2124889085
-1474.8	26223.0551980571
-1474.4	26223.8934370914
-1474	26224.734136642
-1473.6	26225.5732205042
-1473.2	26226.4150213195
-1472.8	26227.249612832
-1472.4	26228.0967545157
-1472	26228.9407016765
-1471.6	26229.771983447
-1471.2	26230.6201706146
-1470.8	26231.4448226506
-1470.4	26232.2855687839
-1470	26233.1208093469
-1469.6	26233.9568465844
-1469.2	26234.8049215307
-1468.8	26235.64180984
-1468.4	26236.4773684638
-1468	26237.3145762835
-1467.6	26238.1658683196
-1467.2	26238.994112918
-1466.8	26239.8275883786
-1466.4	26240.6687252142
-1466	26241.4929801343
-1465.6	26242.3390577674
-1465.2	26243.1753091858
-1464.8	26244.0154067742
-1464.4	26244.8526078056
-1464	26245.6792071494
-1463.6	26246.5085038528
-1463.2	26247.3516600374
-1462.8	26248.1829305295
-1462.4	26249.0233130421
-1462	26249.8530327017
-1461.6	26250.696524167
-1461.2	26251.5253265984
-1460.8	26252.3507692402
-1460.4	26253.1891920414
-1460	26254.0359758804
-1459.6	26254.8618177754
-1459.2	26255.6890616755
-1458.8	26256.5149138011
-1458.4	26257.3520157139
-1458	26258.1781423167
-1457.6	26259.0161573617
-1457.2	26259.8526071807
-1456.8	26260.6822593261
-1456.4	26261.5096901607
-1456	26262.3393982778
-1455.6	26263.1662713427
-1455.2	26264.0075928623
-1454.8	26264.8278081626
-1454.4	26265.6607600228
-1454	26266.489208162
-1453.6	26267.3191420651
-1453.2	26268.1426684112
-1452.8	26268.9655173569
-1452.4	26269.7898481123
-1452	26270.6267370441
-1451.6	26271.4463442092
-1451.2	26272.2725290356
-1450.8	26273.0992655856
-1450.4	26273.9213793665
-1450	26274.7556323933
-1449.6	26275.5770448122
-1449.2	26276.3938431695
-1448.8	26277.2238160557
-1448.4	26278.0527867402
-1448	26278.8748056673
-1447.6	26279.702336145
-1447.2	26280.5186571224
-1446.8	26281.3451673739
-1446.4	26282.1621741428
-1446	26282.9892536996
-1445.6	26283.8073619548
-1445.2	26284.6316829461
-1444.8	26285.4446518242
-1444.4	26286.2703858388
-1444	26287.0776242351
-1443.6	26287.8977484464
-1443.2	26288.7171212603
-1442.8	26289.5370670125
-1442.4	26290.3524849819
-1442	26291.1838861629
-1441.6	26292.0133962584
-1441.2	26292.8322788372
-1440.8	26293.6453919893
-1440.4	26294.4547166242
-1440	26295.2730288662
-1439.6	26296.0941593993
-1439.2	26296.9166346011
-1438.8	26297.7267335242
-1438.4	26298.5407648533
-1438	26299.3591162931
-1437.6	26300.1793917279
-1437.2	26300.9990840003
-1436.8	26301.8097131193
-1436.4	26302.6246249668
-1436	26303.4366786206
-1435.6	26304.2577662727
-1435.2	26305.0744415739
-1434.8	26305.8895827501
-1434.4	26306.7069989892
-1434	26307.5155306231
-1433.6	26308.335425241
-1433.2	26309.1548864801
-1432.8	26309.9563397619
-1432.4	26310.7680613387
-1432	26311.5966793329
-1431.6	26312.4072851779
-1431.2	26313.2265181109
-1430.8	26314.0494068547
-1430.4	26314.8600068356
-1430	26315.6830767386
-1429.6	26316.4938961055
-1429.2	26317.3102534113
-1428.8	26318.1319426128
-1428.4	26318.9489790179
-1428	26319.7670596797
-1427.6	26320.5753810361
-1427.2	26321.3990353649
-1426.8	26322.2253034218
-1426.4	26323.0364200153
-1426	26323.847312677
-1425.6	26324.6779342407
-1425.2	26325.4896294596
-1424.8	26326.3115228676
-1424.4	26327.1260532341
-1424	26327.9426793621
-1423.6	26328.7522571805
-1423.2	26329.5614713368
-1422.8	26330.3877813583
-1422.4	26331.1997631604
-1422	26332.0027444619
-1421.6	26332.8235561554
-1421.2	26333.6298954663
-1420.8	26334.4491829689
-1420.4	26335.2567991132
-1420	26336.0725002649
-1419.6	26336.872485084
-1419.2	26337.697190101
-1418.8	26338.5090777131
-1418.4	26339.3224814354
-1418	26340.1336567692
-1417.6	26340.9517841895
-1417.2	26341.759031805
-1416.8	26342.5821455439
-1416.4	26343.3925557155
-1416	26344.2152363525
-1415.6	26345.0166433596
-1415.2	26345.8314661299
-1414.8	26346.6543047663
-1414.4	26347.4711166183
-1414	26348.2894332179
-1413.6	26349.1055605222
-1413.2	26349.9211445979
-1412.8	26350.7388246873
-1412.4	26351.5492875317
-1412	26352.3568896986
-1411.6	26353.1837388945
-1411.2	26353.9973406193
-1410.8	26354.8143690851
-1410.4	26355.6353826349
-1410	26356.4483798557
-1409.6	26357.2607706664
-1409.2	26358.0715068951
-1408.8	26358.8836354379
-1408.4	26359.7025267954
-1408	26360.5143005752
-1407.6	26361.3205263477
-1407.2	26362.142110322
-1406.8	26362.9457133447
-1406.4	26363.7696791109
-1406	26364.5837715417
-1405.6	26365.397889508
-1405.2	26366.2099468155
-1404.8	26367.0210262339
-1404.4	26367.8352296809
-1404	26368.6492182069
-1403.6	26369.4620436404
-1403.2	26370.2701294088
-1402.8	26371.0871032594
-1402.4	26371.8992112892
-1402	26372.7027886523
-1401.6	26373.5122578797
-1401.2	26374.3287681366
-1400.8	26375.1390531084
-1400.4	26375.9542008132
-1400	26376.7639997111
-1399.6	26377.5703693004
-1399.2	26378.3949731005
-1398.8	26379.1981199249
-1398.4	26380.0012816995
-1398	26380.808596904
-1397.6	26381.6096791516
-1397.2	26382.4243355238
-1396.8	26383.2247710589
-1396.4	26384.0245184637
-1396	26384.8470329508
-1395.6	26385.6399007626
-1395.2	26386.4548546253
-1394.8	26387.2645996092
-1394.4	26388.0742466774
-1394	26388.8767127745
-1393.6	26389.6728891931
-1393.2	26390.4834030777
-1392.8	26391.2856769222
-1392.4	26392.0845596159
-1392	26392.8853409956
-1391.6	26393.690911943
-1391.2	26394.4937542745
-1390.8	26395.3120168791
-1390.4	26396.1053374382
-1390	26396.9248717553
-1389.6	26397.7193727247
-1389.2	26398.5305399404
-1388.8	26399.3327636819
-1388.4	26400.1464279006
-1388	26400.9487067812
-1387.6	26401.7489470263
-1387.2	26402.5536666529
-1386.8	26403.35881608
-1386.4	26404.1631372533
-1386	26404.9730712231
-1385.6	26405.7738843969
-1385.2	26406.5861285543
-1384.8	26407.3822935126
-1384.4	26408.1868592884
-1384	26408.9917128724
-1383.6	26409.7942532702
-1383.2	26410.593832937
-1382.8	26411.4035253511
-1382.4	26412.2048084537
-1382	26413.0137292523
-1381.6	26413.8125187877
-1381.2	26414.6201805877
-1380.8	26415.4269623585
-1380.4	26416.2337384288
-1380	26417.0342074999
-1379.6	26417.8467502903
-1379.2	26418.6527020901
-1378.8	26419.4566048505
-1378.4	26420.2663112642
-1378	26421.0610728922
-1377.6	26421.8720503494
-1377.2	26422.6783249044
-1376.8	26423.4778394692
-1376.4	26424.274850401
-1376	26425.0770549532
-1375.6	26425.8766697704
-1375.2	26426.6863381058
-1374.8	26427.4854166148
-1374.4	26428.2929525797
-1374	26429.0868010991
-1373.6	26429.9010431105
-1373.2	26430.7029901423
-1372.8	26431.4970908597
-1372.4	26432.300641564
-1372	26433.1138647951
-1371.6	26433.9062404643
-1371.2	26434.712956186
-1370.8	26435.5133213392
-1370.4	26436.3038127546
-1370	26437.1080918566
-1369.6	26437.896626109
-1369.2	26438.7029954673
-1368.8	26439.5001831376
-1368.4	26440.2966644415
-1368	26441.0905555593
-1367.6	26441.8887248149
-1367.2	26442.6822763202
-1366.8	26443.4869557738
-1366.4	26444.2792376027
-1366	26445.0688354755
-1365.6	26445.8667100012
-1365.2	26446.662376622
-1364.8	26447.4517849418
-1364.4	26448.2539982383
-1364	26449.0536123893
-1363.6	26449.8540431072
-1363.2	26450.6383371772
-1362.8	26451.4332216359
-1362.4	26452.2218864241
-1362	26453.0240767016
-1361.6	26453.8120513342
-1361.2	26454.6074226049
-1360.8	26455.3981841637
-1360.4	26456.1846344515
-1360	26456.9896644118
-1359.6	26457.779823535
-1359.2	26458.5710013614
-1358.8	26459.3596060284
-1358.4	26460.1628901802
-1358	26460.9489537158
-1357.6	26461.7381847647
-1357.2	26462.5291399554
-1356.8	26463.321419385
-1356.4	26464.1143507501
-1356	26464.9095944745
-1355.6	26465.6918716561
-1355.2	26466.4837732161
-1354.8	26467.2757887561
-1354.4	26468.0638907635
-1354	26468.8480944265
-1353.6	26469.6362591661
-1353.2	26470.4225102976
-1352.8	26471.2067579221
-1352.4	26471.9975270401
-1352	26472.7794863721
-1351.6	26473.572251992
-1351.2	26474.3543052488
-1350.8	26475.1372755221
-1350.4	26475.9229408239
-1350	26476.7089082047
-1349.6	26477.4999828182
-1349.2	26478.2830661581
-1348.8	26479.0632794372
-1348.4	26479.853180942
-1348	26480.6322297001
-1347.6	26481.4109186137
-1347.2	26482.1969441774
-1346.8	26482.9806789537
-1346.4	26483.769521049
-1346	26484.5487553003
-1345.6	26485.325150222
-1345.2	26486.1081804437
-1344.8	26486.8880748383
-1344.4	26487.6741546217
-1344	26488.4634893601
-1343.6	26489.2444895143
-1343.2	26490.0172006249
-1342.8	26490.800069274
-1342.4	26491.5767665983
-1342	26492.3631596015
-1341.6	26493.1373401778
-1341.2	26493.9094792618
-1340.8	26494.6929160589
-1340.4	26495.4697321042
-1340	26496.2481402223
-1339.6	26497.0265343212
-1339.2	26497.8106005348
-1338.8	26498.5849622449
-1338.4	26499.3673956885
-1338	26500.1338837662
-1337.6	26500.9144561559
-1337.2	26501.6921733941
-1336.8	26502.4657114007
-1336.4	26503.2426531298
-1336	26504.0132967355
-1335.6	26504.7911320434
-1335.2	26505.5687500719
-1334.8	26506.3449260174
-1334.4	26507.124537908
-1334	26507.894950404
-1333.6	26508.6732703992
-1333.2	26509.4420823242
-1332.8	26510.2078699386
-1332.4	26510.9826113899
-1332	26511.7662248516
-1331.6	26512.5385746022
-1331.2	26513.3149343611
-1330.8	26514.0875770881
-1330.4	26514.8566853904
-1330	26515.6333240858
-1329.6	26516.4007342765
-1329.2	26517.1741209097
-1328.8	26517.9491584045
-1328.4	26518.7117426686
-1328	26519.482665161
-1327.6	26520.2629571274
-1327.2	26521.0375559955
-1326.8	26521.8035401562
-1326.4	26522.5784412913
-1326	26523.3500538884
-1325.6	26524.1122645193
-1325.2	26524.8914418877
-1324.8	26525.6509272361
-1324.4	26526.4182116435
-1324	26527.1936846223
-1323.6	26527.9680096116
-1323.2	26528.7300784432
-1322.8	26529.4981542134
-1322.4	26530.2597457125
-1322	26531.0333133287
-1321.6	26531.8147086378
-1321.2	26532.5807841939
-1320.8	26533.3438224832
-1320.4	26534.1089911739
-1320	26534.8914046511
-1319.6	26535.6454364484
-1319.2	26536.4108940004
-1318.8	26537.183691283
-1318.4	26537.9559048591
-1318	26538.7184809318
-1317.6	26539.4904263467
-1317.2	26540.238501197
-1316.8	26541.007113332
-1316.4	26541.7710174583
-1316	26542.5456008126
-1315.6	26543.3112632998
-1315.2	26544.0782437417
-1314.8	26544.8387860938
-1314.4	26545.5986524588
-1314	26546.3586732377
-1313.6	26547.1133880626
-1313.2	26547.8782795008
-1312.8	26548.6375031047
-1312.4	26549.4090960507
-1312	26550.1705048488
-1311.6	26550.9243255498
-1311.2	26551.6902579822
-1310.8	26552.4562502289
-1310.4	26553.2118226066
-1310	26553.9786805267
-1309.6	26554.7403231088
-1309.2	26555.5010045936
-1308.8	26556.2643467063
-1308.4	26557.0178931416
-1308	26557.7810962905
-1307.6	26558.541969893
-1307.2	26559.2986438917
-1306.8	26560.0511288757
-1306.4	26560.8112575412
-1306	26561.5731588703
-1305.6	26562.3334269741
-1305.2	26563.0931423811
-1304.8	26563.8557070453
-1304.4	26564.6061124879
-1304	26565.3688254499
-1303.6	26566.1142853191
-1303.2	26566.8818640555
-1302.8	26567.6355711593
-1302.4	26568.3984918194
-1302	26569.1448426409
-1301.6	26569.8977647546
-1301.2	26570.6478725611
-1300.8	26571.3922177029
-1300.4	26572.1571115607
-1300	26572.9132596016
-1299.6	26573.6660192799
-1299.2	26574.4314375964
-1298.8	26575.1817155617
-1298.4	26575.9385438244
-1298	26576.6932495109
-1297.6	26577.4467631956
-1297.2	26578.201577284
-1296.8	26578.9518965271
-1296.4	26579.7039468149
-1296	26580.4571356897
-1295.6	26581.2092714776
-1295.2	26581.9608669536
-1294.8	26582.7140004706
-1294.4	26583.4669617056
-1294	26584.2210929276
-1293.6	26584.9812765333
-1293.2	26585.7234207074
-1292.8	26586.481298866
-1292.4	26587.2238760622
-1292	26587.9776054486
-1291.6	26588.7367102696
-1291.2	26589.4821491445
-1290.8	26590.239338663
-1290.4	26590.9873667173
-1290	26591.7432354565
-1289.6	26592.4903742713
-1289.2	26593.2387450009
-1288.8	26593.9967433763
-1288.4	26594.7432900622
-1288	26595.4996286934
-1287.6	26596.2520458345
-1287.2	26596.9946228341
-1286.8	26597.753992673
-1286.4	26598.4955301735
-1286	26599.2458964986
-1285.6	26600.0017410811
-1285.2	26600.7562621173
-1284.8	26601.4927168487
-1284.4	26602.2423975818
-1284	26602.9948353343
-1283.6	26603.7453333419
-1283.2	26604.4970960101
-1282.8	26605.2438759856
-1282.4	26605.9895495694
-1282	26606.7442665735
-1281.6	26607.4927980659
-1281.2	26608.233396122
-1280.8	26608.9877594241
-1280.4	26609.7362376399
-1280	26610.4815349849
-1279.6	26611.2269110606
-1279.2	26611.9698593448
-1278.8	26612.7143955514
-1278.4	26613.4598811565
-1278	26614.1921324039
-1277.6	26614.9413100782
-1277.2	26615.6916771112
-1276.8	26616.4278920823
-1276.4	26617.162210945
-1276	26617.909546368
-1275.6	26618.6605346476
-1275.2	26619.4035108332
-1274.8	26620.1464753473
-1274.4	26620.896095246
-1274	26621.6315000067
-1273.6	26622.3770683723
-1273.2	26623.117276718
-1272.8	26623.8635577941
-1272.4	26624.6105332159
-1272	26625.3493499897
-1271.6	26626.1013735602
-1271.2	26626.8430123176
-1270.8	26627.5987879983
-1270.4	26628.3416105991
-1270	26629.0809498089
-1269.6	26629.8320868081
-1269.2	26630.5724170357
-1268.8	26631.3254150417
-1268.4	26632.057877342
-1268	26632.7981294061
-1267.6	26633.5451866154
-1267.2	26634.2806586331
-1266.8	26635.0353641855
-1266.4	26635.7691026622
-1266	26636.5158178938
-1265.6	26637.2603730936
-1265.2	26637.9945063423
-1264.8	26638.7307583338
-1264.4	26639.4790200548
-1264	26640.2076935232
-1263.6	26640.9520905502
-1263.2	26641.7004269537
-1262.8	26642.4340834752
-1262.4	26643.158554232
-1262	26643.9133965661
-1261.6	26644.6431150655
-1261.2	26645.379445366
-1260.8	26646.1140427749
-1260.4	26646.8632369945
-1260	26647.583760583
-1259.6	26648.3343479207
-1259.2	26649.064945912
-1258.8	26649.8081440702
-1258.4	26650.5446501172
-1258	26651.2866998423
-1257.6	26652.0161440281
-1257.2	26652.7672402664
-1256.8	26653.5025040627
-1256.4	26654.2382111976
-1256	26654.975506566
-1255.6	26655.721908767
-1255.2	26656.453844536
-1254.8	26657.194277341
-1254.4	26657.9275471661
-1254	26658.661029874
-1253.6	26659.3996602409
-1253.2	26660.1362976224
-1252.8	26660.8668131302
-1252.4	26661.6035976963
-1252	26662.3438626702
-1251.6	26663.0817406868
-1251.2	26663.8077120076
-1250.8	26664.5424869184
-1250.4	26665.282645502
-1250	26666.0188229895
-1249.6	26666.7413122188
-1249.2	26667.475965404
-1248.8	26668.2109210543
-1248.4	26668.9313652876
-1248	26669.6737736207
-1247.6	26670.4108044614
-1247.2	26671.1396339755
-1246.8	26671.8743476134
-1246.4	26672.6084874842
-1246	26673.3351289023
-1245.6	26674.0711380767
-1245.2	26674.7996398117
-1244.8	26675.528545506
-1244.4	26676.2525662562
-1244	26676.9773186661
-1243.6	26677.7079037555
-1243.2	26678.4361635698
-1242.8	26679.1681206663
-1242.4	26679.9053806319
-1242	26680.632774616
-1241.6	26681.3520454481
-1241.2	26682.080077053
-1240.8	26682.8121337446
-1240.4	26683.5346191066
-1240	26684.2649693611
-1239.6	26684.9919272935
-1239.2	26685.7127133922
-1238.8	26686.4389258719
-1238.4	26687.16381624
-1238	26687.8846695759
-1237.6	26688.6113821406
-1237.2	26689.335734926
-1236.8	26690.0621088904
-1236.4	26690.7828819589
-1236	26691.5169514905
-1235.6	26692.2319128865
-1235.2	26692.959683433
-1234.8	26693.6868422698
-1234.4	26694.4082807146
-1234	26695.1311465042
-1233.6	26695.8545456901
-1233.2	26696.5832814735
-1232.8	26697.300756881
-1232.4	26698.0284004209
-1232	26698.7514838341
-1231.6	26699.4675359557
-1231.2	26700.1877375251
-1230.8	26700.9156318163
-1230.4	26701.6365729919
-1230	26702.3617288641
-1229.6	26703.0824240711
-1229.2	26703.8098054857
-1228.8	26704.5290751965
-1228.4	26705.2483170486
-1228	26705.9857454501
-1227.6	26706.6990661246
-1227.2	26707.412458688
-1226.8	26708.1415828082
-1226.4	26708.8605632715
-1226	26709.5786088557
-1225.6	26710.3060425322
-1225.2	26711.0285638431
-1224.8	26711.7562049782
-1224.4	26712.4708045927
-1224	26713.184490637
-1223.6	26713.9199428267
-1223.2	26714.6360316767
-1222.8	26715.3706257573
-1222.4	26716.0847974102
-1222	26716.7924713848
-1221.6	26717.5240247445
-1221.2	26718.2351356326
-1220.8	26718.9585993809
-1220.4	26719.6789020364
-1220	26720.3997876842
-1219.6	26721.1177300707
-1219.2	26721.8450821579
-1218.8	26722.5531105555
-1218.4	26723.2746667283
-1218	26723.9985260572
-1217.6	26724.7141465968
-1217.2	26725.4354784234
-1216.8	26726.1499465765
-1216.4	26726.8641850171
-1216	26727.5891778527
-1215.6	26728.2975838917
-1215.2	26729.0278548713
-1214.8	26729.7487034621
-1214.4	26730.4770035802
-1214	26731.1876325066
-1213.6	26731.9049959795
-1213.2	26732.6216489041
-1212.8	26733.3440372497
-1212.4	26734.0584993362
-1212	26734.7763338428
-1211.6	26735.4954073471
-1211.2	26736.2036618194
-1210.8	26736.930391377
-1210.4	26737.649221049
-1210	26738.3676113136
-1209.6	26739.084266934
-1209.2	26739.793764095
-1208.8	26740.5094678311
-1208.4	26741.2249953269
-1208	26741.9372711009
-1207.6	26742.6506444715
-1207.2	26743.3648073355
-1206.8	26744.0769074161
-1206.4	26744.7898053358
-1206	26745.4988808163
-1205.6	26746.2172436104
-1205.2	26746.9314010658
-1204.8	26747.6511550489
-1204.4	26748.3655578269
-1204	26749.0876228447
-1203.6	26749.7979385735
-1203.2	26750.506335352
-1202.8	26751.2169700639
-1202.4	26751.927395394
-1202	26752.6319004616
-1201.6	26753.3533918463
-1201.2	26754.0589651746
-1200.8	26754.7638687894
-1200.4	26755.4843891831
-1200	26756.1968881211
-1199.6	26756.9069656333
-1199.2	26757.6210960086
-1198.8	26758.3246882917
-1198.4	26759.0407850284
-1198	26759.7512001331
-1197.6	26760.4640263357
-1197.2	26761.1759645101
-1196.8	26761.8912688928
-1196.4	26762.6013469824
-1196	26763.3108527801
-1195.6	26764.0194759285
-1195.2	26764.7299684758
-1194.8	26765.4487755209
-1194.4	26766.168174262
-1194	26766.8662410057
-1193.6	26767.5834768023
-1193.2	26768.2965720711
-1192.8	26769.0128463688
-1192.4	26769.7193162827
-1192	26770.4372329963
-1191.6	26771.138378301
-1191.2	26771.8530050252
-1190.8	26772.5607605365
-1190.4	26773.2759469298
-1190	26773.9794466231
-1189.6	26774.6932202936
-1189.2	26775.3971086421
-1188.8	26776.1032986559
-1188.4	26776.8069603132
-1188	26777.5196470796
-1187.6	26778.2299098123
-1187.2	26778.935136383
-1186.8	26779.6472358229
-1186.4	26780.3524903408
-1186	26781.0573699943
-1185.6	26781.7574375082
-1185.2	26782.4658085336
-1184.8	26783.1710589975
-1184.4	26783.8772138642
-1184	26784.5858580515
-1183.6	26785.2908140032
-1183.2	26785.9975554372
-1182.8	26786.7004725433
-1182.4	26787.4086712038
-1182	26788.113911299
-1181.6	26788.8155719766
-1181.2	26789.5183817406
-1180.8	26790.2245588146
-1180.4	26790.9336368849
-1180	26791.6385788087
-1179.6	26792.3431806128
-1179.2	26793.0527244909
-1178.8	26793.7516243154
-1178.4	26794.4546358308
-1178	26795.1603105067
-1177.6	26795.8664533266
-1177.2	26796.5676277906
-1176.8	26797.2716799359
-1176.4	26797.9785970737
-1176	26798.6791589742
-1175.6	26799.3857604174
-1175.2	26800.0889078169
-1174.8	26800.7978316906
-1174.4	26801.4964704064
-1174	26802.1973688021
-1173.6	26802.9015096282
-1173.2	26803.6076702637
-1172.8	26804.3156512324
-1172.4	26805.0180723707
-1172	26805.717971204
-1171.6	26806.4238994038
-1171.2	26807.1228487735
-1170.8	26807.8294552023
-1170.4	26808.5214738937
-1170	26809.2156975254
-1169.6	26809.91696127
-1169.2	26810.6114612722
-1168.8	26811.3035168332
-1168.4	26812.0100399179
-1168	26812.7011172107
-1167.6	26813.4066421974
-1167.2	26814.1003782259
-1166.8	26814.8034037965
-1166.4	26815.5093158962
-1166	26816.2010519323
-1165.6	26816.8900305204
-1165.2	26817.5995533779
-1164.8	26818.2946554015
-1164.4	26818.9964616568
-1164	26819.6937065507
-1163.6	26820.3882235841
-1163.2	26821.0908242707
-1162.8	26821.7873601506
-1162.4	26822.4769186537
-1162	26823.1817015043
-1161.6	26823.8771153778
-1161.2	26824.5730773827
-1160.8	26825.2735774807
-1160.4	26825.9822443897
-1160	26826.6663714287
-1159.6	26827.3687068653
-1159.2	26828.0610904949
-1158.8	26828.759151079
-1158.4	26829.4615477602
-1158	26830.1488087476
-1157.6	26830.8476086582
-1157.2	26831.5464188115
-1156.8	26832.2386160309
-1156.4	26832.935138707
-1156	26833.6236482914
-1155.6	26834.3271867176
-1155.2	26835.016388357
-1154.8	26835.7095192872
-1154.4	26836.4042752234
-1154	26837.1057154009
-1153.6	26837.7935648698
-1153.2	26838.4930774413
-1152.8	26839.1741371761
-1152.4	26839.8789841859
-1152	26840.5812032596
-1151.6	26841.2625147468
-1151.2	26841.9699531216
-1150.8	26842.6632615578
-1150.4	26843.3523176993
-1150	26844.0575381688
